Date,Centre_Name,Commodity_Name,Price
2005-01-03,BENGALURU,Palm Oil (Packed),
2005-01-03,T.PURAM,Palm Oil (Packed),
2005-01-03,CHENNAI,Palm Oil (Packed),
2005-01-03,HYDERABAD,Palm Oil (Packed),
2005-01-04,BENGALURU,Palm Oil (Packed),
2005-01-04,T.PURAM,Palm Oil (Packed),
2005-01-04,CHENNAI,Palm Oil (Packed),
2005-01-04,HYDERABAD,Palm Oil (Packed),
2005-01-05,BENGALURU,Palm Oil (Packed),
2005-01-05,T.PURAM,Palm Oil (Packed),
2005-01-05,CHENNAI,Palm Oil (Packed),
2005-01-05,HYDERABAD,Palm Oil (Packed),
2005-01-06,BENGALURU,Palm Oil (Packed),
2005-01-06,T.PURAM,Palm Oil (Packed),
2005-01-06,CHENNAI,Palm Oil (Packed),
2005-01-06,HYDERABAD,Palm Oil (Packed),
2005-01-07,BENGALURU,Palm Oil (Packed),
2005-01-07,T.PURAM,Palm Oil (Packed),
2005-01-07,CHENNAI,Palm Oil (Packed),
2005-01-07,HYDERABAD,Palm Oil (Packed),
2005-01-10,BENGALURU,Palm Oil (Packed),
2005-01-10,T.PURAM,Palm Oil (Packed),
2005-01-10,CHENNAI,Palm Oil (Packed),
2005-01-10,HYDERABAD,Palm Oil (Packed),
2005-01-11,BENGALURU,Palm Oil (Packed),
2005-01-11,T.PURAM,Palm Oil (Packed),
2005-01-11,CHENNAI,Palm Oil (Packed),
2005-01-11,HYDERABAD,Palm Oil (Packed),
2005-01-12,BENGALURU,Palm Oil (Packed),
2005-01-12,T.PURAM,Palm Oil (Packed),
2005-01-12,CHENNAI,Palm Oil (Packed),
2005-01-12,HYDERABAD,Palm Oil (Packed),
2005-01-13,BENGALURU,Palm Oil (Packed),
2005-01-13,T.PURAM,Palm Oil (Packed),
2005-01-13,CHENNAI,Palm Oil (Packed),
2005-01-13,HYDERABAD,Palm Oil (Packed),
2005-01-14,BENGALURU,Palm Oil (Packed),
2005-01-14,T.PURAM,Palm Oil (Packed),
2005-01-14,CHENNAI,Palm Oil (Packed),
2005-01-14,HYDERABAD,Palm Oil (Packed),
2005-01-17,BENGALURU,Palm Oil (Packed),
2005-01-17,T.PURAM,Palm Oil (Packed),
2005-01-17,CHENNAI,Palm Oil (Packed),
2005-01-17,HYDERABAD,Palm Oil (Packed),
2005-01-18,BENGALURU,Palm Oil (Packed),
2005-01-18,T.PURAM,Palm Oil (Packed),
2005-01-18,CHENNAI,Palm Oil (Packed),
2005-01-18,HYDERABAD,Palm Oil (Packed),
2005-01-19,BENGALURU,Palm Oil (Packed),
2005-01-19,T.PURAM,Palm Oil (Packed),
2005-01-19,CHENNAI,Palm Oil (Packed),
2005-01-19,HYDERABAD,Palm Oil (Packed),
2005-01-20,BENGALURU,Palm Oil (Packed),
2005-01-20,T.PURAM,Palm Oil (Packed),
2005-01-20,CHENNAI,Palm Oil (Packed),
2005-01-20,HYDERABAD,Palm Oil (Packed),
2005-01-24,BENGALURU,Palm Oil (Packed),
2005-01-24,T.PURAM,Palm Oil (Packed),
2005-01-24,CHENNAI,Palm Oil (Packed),
2005-01-24,HYDERABAD,Palm Oil (Packed),
2005-01-25,BENGALURU,Palm Oil (Packed),
2005-01-25,T.PURAM,Palm Oil (Packed),
2005-01-25,CHENNAI,Palm Oil (Packed),
2005-01-25,HYDERABAD,Palm Oil (Packed),
2005-01-27,BENGALURU,Palm Oil (Packed),
2005-01-27,T.PURAM,Palm Oil (Packed),
2005-01-27,CHENNAI,Palm Oil (Packed),
2005-01-27,HYDERABAD,Palm Oil (Packed),
2005-01-28,BENGALURU,Palm Oil (Packed),
2005-01-28,T.PURAM,Palm Oil (Packed),
2005-01-28,CHENNAI,Palm Oil (Packed),
2005-01-28,HYDERABAD,Palm Oil (Packed),
2005-01-31,BENGALURU,Palm Oil (Packed),
2005-01-31,T.PURAM,Palm Oil (Packed),
2005-01-31,CHENNAI,Palm Oil (Packed),
2005-01-31,HYDERABAD,Palm Oil (Packed),
2005-02-01,BENGALURU,Palm Oil (Packed),
2005-02-01,T.PURAM,Palm Oil (Packed),
2005-02-01,CHENNAI,Palm Oil (Packed),
2005-02-01,HYDERABAD,Palm Oil (Packed),
2005-02-02,BENGALURU,Palm Oil (Packed),
2005-02-02,T.PURAM,Palm Oil (Packed),
2005-02-02,CHENNAI,Palm Oil (Packed),
2005-02-02,HYDERABAD,Palm Oil (Packed),
2005-02-03,BENGALURU,Palm Oil (Packed),
2005-02-03,T.PURAM,Palm Oil (Packed),
2005-02-03,CHENNAI,Palm Oil (Packed),
2005-02-03,HYDERABAD,Palm Oil (Packed),
2005-02-04,BENGALURU,Palm Oil (Packed),
2005-02-04,T.PURAM,Palm Oil (Packed),
2005-02-04,CHENNAI,Palm Oil (Packed),
2005-02-04,HYDERABAD,Palm Oil (Packed),
2005-02-07,BENGALURU,Palm Oil (Packed),
2005-02-07,T.PURAM,Palm Oil (Packed),
2005-02-07,CHENNAI,Palm Oil (Packed),
2005-02-07,HYDERABAD,Palm Oil (Packed),
2005-02-08,BENGALURU,Palm Oil (Packed),
2005-02-08,T.PURAM,Palm Oil (Packed),
2005-02-08,CHENNAI,Palm Oil (Packed),
2005-02-08,HYDERABAD,Palm Oil (Packed),
2005-02-09,BENGALURU,Palm Oil (Packed),
2005-02-09,T.PURAM,Palm Oil (Packed),
2005-02-09,CHENNAI,Palm Oil (Packed),
2005-02-09,HYDERABAD,Palm Oil (Packed),
2005-02-10,BENGALURU,Palm Oil (Packed),
2005-02-10,T.PURAM,Palm Oil (Packed),
2005-02-10,CHENNAI,Palm Oil (Packed),
2005-02-10,HYDERABAD,Palm Oil (Packed),
2005-02-11,BENGALURU,Palm Oil (Packed),
2005-02-11,T.PURAM,Palm Oil (Packed),
2005-02-11,CHENNAI,Palm Oil (Packed),
2005-02-11,HYDERABAD,Palm Oil (Packed),
2005-02-14,BENGALURU,Palm Oil (Packed),
2005-02-14,T.PURAM,Palm Oil (Packed),
2005-02-14,CHENNAI,Palm Oil (Packed),
2005-02-14,HYDERABAD,Palm Oil (Packed),
2005-02-15,BENGALURU,Palm Oil (Packed),
2005-02-15,T.PURAM,Palm Oil (Packed),
2005-02-15,CHENNAI,Palm Oil (Packed),
2005-02-15,HYDERABAD,Palm Oil (Packed),
2005-02-16,BENGALURU,Palm Oil (Packed),
2005-02-16,T.PURAM,Palm Oil (Packed),
2005-02-16,CHENNAI,Palm Oil (Packed),
2005-02-16,HYDERABAD,Palm Oil (Packed),
2005-02-17,BENGALURU,Palm Oil (Packed),
2005-02-17,T.PURAM,Palm Oil (Packed),
2005-02-17,CHENNAI,Palm Oil (Packed),
2005-02-17,HYDERABAD,Palm Oil (Packed),
2005-02-18,BENGALURU,Palm Oil (Packed),
2005-02-18,T.PURAM,Palm Oil (Packed),
2005-02-18,CHENNAI,Palm Oil (Packed),
2005-02-18,HYDERABAD,Palm Oil (Packed),
2005-02-21,BENGALURU,Palm Oil (Packed),
2005-02-21,T.PURAM,Palm Oil (Packed),
2005-02-21,CHENNAI,Palm Oil (Packed),
2005-02-21,HYDERABAD,Palm Oil (Packed),
2005-02-22,BENGALURU,Palm Oil (Packed),
2005-02-22,T.PURAM,Palm Oil (Packed),
2005-02-22,CHENNAI,Palm Oil (Packed),
2005-02-22,HYDERABAD,Palm Oil (Packed),
2005-02-23,BENGALURU,Palm Oil (Packed),
2005-02-23,T.PURAM,Palm Oil (Packed),
2005-02-23,CHENNAI,Palm Oil (Packed),
2005-02-23,HYDERABAD,Palm Oil (Packed),
2005-02-24,BENGALURU,Palm Oil (Packed),
2005-02-24,T.PURAM,Palm Oil (Packed),
2005-02-24,CHENNAI,Palm Oil (Packed),
2005-02-24,HYDERABAD,Palm Oil (Packed),
2005-02-25,BENGALURU,Palm Oil (Packed),
2005-02-25,T.PURAM,Palm Oil (Packed),
2005-02-25,CHENNAI,Palm Oil (Packed),
2005-02-25,HYDERABAD,Palm Oil (Packed),
2005-02-28,BENGALURU,Palm Oil (Packed),
2005-02-28,T.PURAM,Palm Oil (Packed),
2005-02-28,CHENNAI,Palm Oil (Packed),
2005-02-28,HYDERABAD,Palm Oil (Packed),
2005-03-01,BENGALURU,Palm Oil (Packed),
2005-03-01,T.PURAM,Palm Oil (Packed),
2005-03-01,CHENNAI,Palm Oil (Packed),
2005-03-01,HYDERABAD,Palm Oil (Packed),
2005-03-02,BENGALURU,Palm Oil (Packed),
2005-03-02,T.PURAM,Palm Oil (Packed),
2005-03-02,CHENNAI,Palm Oil (Packed),
2005-03-02,HYDERABAD,Palm Oil (Packed),
2005-03-03,BENGALURU,Palm Oil (Packed),
2005-03-03,T.PURAM,Palm Oil (Packed),
2005-03-03,CHENNAI,Palm Oil (Packed),
2005-03-03,HYDERABAD,Palm Oil (Packed),
2005-03-04,BENGALURU,Palm Oil (Packed),
2005-03-04,T.PURAM,Palm Oil (Packed),
2005-03-04,CHENNAI,Palm Oil (Packed),
2005-03-04,HYDERABAD,Palm Oil (Packed),
2005-03-07,BENGALURU,Palm Oil (Packed),
2005-03-07,T.PURAM,Palm Oil (Packed),
2005-03-07,CHENNAI,Palm Oil (Packed),
2005-03-07,HYDERABAD,Palm Oil (Packed),
2005-03-09,BENGALURU,Palm Oil (Packed),
2005-03-09,T.PURAM,Palm Oil (Packed),
2005-03-09,CHENNAI,Palm Oil (Packed),
2005-03-09,HYDERABAD,Palm Oil (Packed),
2005-03-10,BENGALURU,Palm Oil (Packed),
2005-03-10,T.PURAM,Palm Oil (Packed),
2005-03-10,CHENNAI,Palm Oil (Packed),
2005-03-10,HYDERABAD,Palm Oil (Packed),
2005-03-11,BENGALURU,Palm Oil (Packed),
2005-03-11,T.PURAM,Palm Oil (Packed),
2005-03-11,CHENNAI,Palm Oil (Packed),
2005-03-11,HYDERABAD,Palm Oil (Packed),
2005-03-14,BENGALURU,Palm Oil (Packed),
2005-03-14,T.PURAM,Palm Oil (Packed),
2005-03-14,CHENNAI,Palm Oil (Packed),
2005-03-14,HYDERABAD,Palm Oil (Packed),
2005-03-15,BENGALURU,Palm Oil (Packed),
2005-03-15,T.PURAM,Palm Oil (Packed),
2005-03-15,CHENNAI,Palm Oil (Packed),
2005-03-15,HYDERABAD,Palm Oil (Packed),
2005-03-16,BENGALURU,Palm Oil (Packed),
2005-03-16,T.PURAM,Palm Oil (Packed),
2005-03-16,CHENNAI,Palm Oil (Packed),
2005-03-16,HYDERABAD,Palm Oil (Packed),
2005-03-17,BENGALURU,Palm Oil (Packed),
2005-03-17,T.PURAM,Palm Oil (Packed),
2005-03-17,CHENNAI,Palm Oil (Packed),
2005-03-17,HYDERABAD,Palm Oil (Packed),
2005-03-18,BENGALURU,Palm Oil (Packed),
2005-03-18,T.PURAM,Palm Oil (Packed),
2005-03-18,CHENNAI,Palm Oil (Packed),
2005-03-18,HYDERABAD,Palm Oil (Packed),
2005-03-21,BENGALURU,Palm Oil (Packed),
2005-03-21,T.PURAM,Palm Oil (Packed),
2005-03-21,CHENNAI,Palm Oil (Packed),
2005-03-21,HYDERABAD,Palm Oil (Packed),
2005-03-22,BENGALURU,Palm Oil (Packed),
2005-03-22,T.PURAM,Palm Oil (Packed),
2005-03-22,CHENNAI,Palm Oil (Packed),
2005-03-22,HYDERABAD,Palm Oil (Packed),
2005-03-23,BENGALURU,Palm Oil (Packed),
2005-03-23,T.PURAM,Palm Oil (Packed),
2005-03-23,CHENNAI,Palm Oil (Packed),
2005-03-23,HYDERABAD,Palm Oil (Packed),
2005-03-24,BENGALURU,Palm Oil (Packed),
2005-03-24,T.PURAM,Palm Oil (Packed),
2005-03-24,CHENNAI,Palm Oil (Packed),
2005-03-24,HYDERABAD,Palm Oil (Packed),
2005-03-28,BENGALURU,Palm Oil (Packed),
2005-03-28,T.PURAM,Palm Oil (Packed),
2005-03-28,CHENNAI,Palm Oil (Packed),
2005-03-28,HYDERABAD,Palm Oil (Packed),
2005-03-29,BENGALURU,Palm Oil (Packed),
2005-03-29,T.PURAM,Palm Oil (Packed),
2005-03-29,CHENNAI,Palm Oil (Packed),
2005-03-29,HYDERABAD,Palm Oil (Packed),
2005-03-30,BENGALURU,Palm Oil (Packed),
2005-03-30,T.PURAM,Palm Oil (Packed),
2005-03-30,CHENNAI,Palm Oil (Packed),
2005-03-30,HYDERABAD,Palm Oil (Packed),
2005-03-31,BENGALURU,Palm Oil (Packed),
2005-03-31,T.PURAM,Palm Oil (Packed),
2005-03-31,CHENNAI,Palm Oil (Packed),
2005-03-31,HYDERABAD,Palm Oil (Packed),
2005-04-01,BENGALURU,Palm Oil (Packed),
2005-04-01,T.PURAM,Palm Oil (Packed),
2005-04-01,CHENNAI,Palm Oil (Packed),
2005-04-01,HYDERABAD,Palm Oil (Packed),
2005-04-04,BENGALURU,Palm Oil (Packed),
2005-04-04,T.PURAM,Palm Oil (Packed),
2005-04-04,CHENNAI,Palm Oil (Packed),
2005-04-04,HYDERABAD,Palm Oil (Packed),
2005-04-05,BENGALURU,Palm Oil (Packed),
2005-04-05,T.PURAM,Palm Oil (Packed),
2005-04-05,CHENNAI,Palm Oil (Packed),
2005-04-05,HYDERABAD,Palm Oil (Packed),
2005-04-06,BENGALURU,Palm Oil (Packed),
2005-04-06,T.PURAM,Palm Oil (Packed),
2005-04-06,CHENNAI,Palm Oil (Packed),
2005-04-06,HYDERABAD,Palm Oil (Packed),
2005-04-07,BENGALURU,Palm Oil (Packed),
2005-04-07,T.PURAM,Palm Oil (Packed),
2005-04-07,CHENNAI,Palm Oil (Packed),
2005-04-07,HYDERABAD,Palm Oil (Packed),
2005-04-08,BENGALURU,Palm Oil (Packed),
2005-04-08,T.PURAM,Palm Oil (Packed),
2005-04-08,CHENNAI,Palm Oil (Packed),
2005-04-08,HYDERABAD,Palm Oil (Packed),
2005-04-11,BENGALURU,Palm Oil (Packed),
2005-04-11,T.PURAM,Palm Oil (Packed),
2005-04-11,CHENNAI,Palm Oil (Packed),
2005-04-11,HYDERABAD,Palm Oil (Packed),
2005-04-12,BENGALURU,Palm Oil (Packed),
2005-04-12,T.PURAM,Palm Oil (Packed),
2005-04-12,CHENNAI,Palm Oil (Packed),
2005-04-12,HYDERABAD,Palm Oil (Packed),
2005-04-13,BENGALURU,Palm Oil (Packed),
2005-04-13,T.PURAM,Palm Oil (Packed),
2005-04-13,CHENNAI,Palm Oil (Packed),
2005-04-13,HYDERABAD,Palm Oil (Packed),
2005-04-15,BENGALURU,Palm Oil (Packed),
2005-04-15,T.PURAM,Palm Oil (Packed),
2005-04-15,CHENNAI,Palm Oil (Packed),
2005-04-15,HYDERABAD,Palm Oil (Packed),
2005-04-19,BENGALURU,Palm Oil (Packed),
2005-04-19,T.PURAM,Palm Oil (Packed),
2005-04-19,CHENNAI,Palm Oil (Packed),
2005-04-19,HYDERABAD,Palm Oil (Packed),
2005-04-20,BENGALURU,Palm Oil (Packed),
2005-04-20,T.PURAM,Palm Oil (Packed),
2005-04-20,CHENNAI,Palm Oil (Packed),
2005-04-20,HYDERABAD,Palm Oil (Packed),
2005-04-21,BENGALURU,Palm Oil (Packed),
2005-04-21,T.PURAM,Palm Oil (Packed),
2005-04-21,CHENNAI,Palm Oil (Packed),
2005-04-21,HYDERABAD,Palm Oil (Packed),
2005-04-25,BENGALURU,Palm Oil (Packed),
2005-04-25,T.PURAM,Palm Oil (Packed),
2005-04-25,CHENNAI,Palm Oil (Packed),
2005-04-25,HYDERABAD,Palm Oil (Packed),
2005-04-26,BENGALURU,Palm Oil (Packed),
2005-04-26,T.PURAM,Palm Oil (Packed),
2005-04-26,CHENNAI,Palm Oil (Packed),
2005-04-26,HYDERABAD,Palm Oil (Packed),
2005-04-27,BENGALURU,Palm Oil (Packed),
2005-04-27,T.PURAM,Palm Oil (Packed),
2005-04-27,CHENNAI,Palm Oil (Packed),
2005-04-27,HYDERABAD,Palm Oil (Packed),
2005-04-28,BENGALURU,Palm Oil (Packed),
2005-04-28,T.PURAM,Palm Oil (Packed),
2005-04-28,CHENNAI,Palm Oil (Packed),
2005-04-28,HYDERABAD,Palm Oil (Packed),
2005-04-29,BENGALURU,Palm Oil (Packed),
2005-04-29,T.PURAM,Palm Oil (Packed),
2005-04-29,CHENNAI,Palm Oil (Packed),
2005-04-29,HYDERABAD,Palm Oil (Packed),
2005-05-02,BENGALURU,Palm Oil (Packed),
2005-05-02,T.PURAM,Palm Oil (Packed),
2005-05-02,CHENNAI,Palm Oil (Packed),
2005-05-02,HYDERABAD,Palm Oil (Packed),
2005-05-03,BENGALURU,Palm Oil (Packed),
2005-05-03,T.PURAM,Palm Oil (Packed),
2005-05-03,CHENNAI,Palm Oil (Packed),
2005-05-03,HYDERABAD,Palm Oil (Packed),
2005-05-04,BENGALURU,Palm Oil (Packed),
2005-05-04,T.PURAM,Palm Oil (Packed),
2005-05-04,CHENNAI,Palm Oil (Packed),
2005-05-04,HYDERABAD,Palm Oil (Packed),
2005-05-05,BENGALURU,Palm Oil (Packed),
2005-05-05,T.PURAM,Palm Oil (Packed),
2005-05-05,CHENNAI,Palm Oil (Packed),
2005-05-05,HYDERABAD,Palm Oil (Packed),
2005-05-06,BENGALURU,Palm Oil (Packed),
2005-05-06,T.PURAM,Palm Oil (Packed),
2005-05-06,CHENNAI,Palm Oil (Packed),
2005-05-06,HYDERABAD,Palm Oil (Packed),
2005-05-09,BENGALURU,Palm Oil (Packed),
2005-05-09,T.PURAM,Palm Oil (Packed),
2005-05-09,CHENNAI,Palm Oil (Packed),
2005-05-09,HYDERABAD,Palm Oil (Packed),
2005-05-10,BENGALURU,Palm Oil (Packed),
2005-05-10,T.PURAM,Palm Oil (Packed),
2005-05-10,CHENNAI,Palm Oil (Packed),
2005-05-10,HYDERABAD,Palm Oil (Packed),
2005-05-11,BENGALURU,Palm Oil (Packed),
2005-05-11,T.PURAM,Palm Oil (Packed),
2005-05-11,CHENNAI,Palm Oil (Packed),
2005-05-11,HYDERABAD,Palm Oil (Packed),
2005-05-12,BENGALURU,Palm Oil (Packed),
2005-05-12,T.PURAM,Palm Oil (Packed),
2005-05-12,CHENNAI,Palm Oil (Packed),
2005-05-12,HYDERABAD,Palm Oil (Packed),
2005-05-13,BENGALURU,Palm Oil (Packed),
2005-05-13,T.PURAM,Palm Oil (Packed),
2005-05-13,CHENNAI,Palm Oil (Packed),
2005-05-13,HYDERABAD,Palm Oil (Packed),
2005-05-16,BENGALURU,Palm Oil (Packed),
2005-05-16,T.PURAM,Palm Oil (Packed),
2005-05-16,CHENNAI,Palm Oil (Packed),
2005-05-16,HYDERABAD,Palm Oil (Packed),
2005-05-17,BENGALURU,Palm Oil (Packed),
2005-05-17,T.PURAM,Palm Oil (Packed),
2005-05-17,CHENNAI,Palm Oil (Packed),
2005-05-17,HYDERABAD,Palm Oil (Packed),
2005-05-18,BENGALURU,Palm Oil (Packed),
2005-05-18,T.PURAM,Palm Oil (Packed),
2005-05-18,CHENNAI,Palm Oil (Packed),
2005-05-18,HYDERABAD,Palm Oil (Packed),
2005-05-19,BENGALURU,Palm Oil (Packed),
2005-05-19,T.PURAM,Palm Oil (Packed),
2005-05-19,CHENNAI,Palm Oil (Packed),
2005-05-19,HYDERABAD,Palm Oil (Packed),
2005-05-20,BENGALURU,Palm Oil (Packed),
2005-05-20,T.PURAM,Palm Oil (Packed),
2005-05-20,CHENNAI,Palm Oil (Packed),
2005-05-20,HYDERABAD,Palm Oil (Packed),
2005-05-24,BENGALURU,Palm Oil (Packed),
2005-05-24,T.PURAM,Palm Oil (Packed),
2005-05-24,CHENNAI,Palm Oil (Packed),
2005-05-24,HYDERABAD,Palm Oil (Packed),
2005-05-25,BENGALURU,Palm Oil (Packed),
2005-05-25,T.PURAM,Palm Oil (Packed),
2005-05-25,CHENNAI,Palm Oil (Packed),
2005-05-25,HYDERABAD,Palm Oil (Packed),
2005-05-26,BENGALURU,Palm Oil (Packed),
2005-05-26,T.PURAM,Palm Oil (Packed),
2005-05-26,CHENNAI,Palm Oil (Packed),
2005-05-26,HYDERABAD,Palm Oil (Packed),
2005-05-27,BENGALURU,Palm Oil (Packed),
2005-05-27,T.PURAM,Palm Oil (Packed),
2005-05-27,CHENNAI,Palm Oil (Packed),
2005-05-27,HYDERABAD,Palm Oil (Packed),
2005-05-30,BENGALURU,Palm Oil (Packed),
2005-05-30,T.PURAM,Palm Oil (Packed),
2005-05-30,CHENNAI,Palm Oil (Packed),
2005-05-30,HYDERABAD,Palm Oil (Packed),
2005-05-31,BENGALURU,Palm Oil (Packed),
2005-05-31,T.PURAM,Palm Oil (Packed),
2005-05-31,CHENNAI,Palm Oil (Packed),
2005-05-31,HYDERABAD,Palm Oil (Packed),
2005-06-01,BENGALURU,Palm Oil (Packed),
2005-06-01,T.PURAM,Palm Oil (Packed),
2005-06-01,CHENNAI,Palm Oil (Packed),
2005-06-01,HYDERABAD,Palm Oil (Packed),
2005-06-02,BENGALURU,Palm Oil (Packed),
2005-06-02,T.PURAM,Palm Oil (Packed),
2005-06-02,CHENNAI,Palm Oil (Packed),
2005-06-02,HYDERABAD,Palm Oil (Packed),
2005-06-03,BENGALURU,Palm Oil (Packed),
2005-06-03,T.PURAM,Palm Oil (Packed),
2005-06-03,CHENNAI,Palm Oil (Packed),
2005-06-03,HYDERABAD,Palm Oil (Packed),
2005-06-06,BENGALURU,Palm Oil (Packed),
2005-06-06,T.PURAM,Palm Oil (Packed),
2005-06-06,CHENNAI,Palm Oil (Packed),
2005-06-06,HYDERABAD,Palm Oil (Packed),
2005-06-07,BENGALURU,Palm Oil (Packed),
2005-06-07,T.PURAM,Palm Oil (Packed),
2005-06-07,CHENNAI,Palm Oil (Packed),
2005-06-07,HYDERABAD,Palm Oil (Packed),
2005-06-08,BENGALURU,Palm Oil (Packed),
2005-06-08,T.PURAM,Palm Oil (Packed),
2005-06-08,CHENNAI,Palm Oil (Packed),
2005-06-08,HYDERABAD,Palm Oil (Packed),
2005-06-09,BENGALURU,Palm Oil (Packed),
2005-06-09,T.PURAM,Palm Oil (Packed),
2005-06-09,CHENNAI,Palm Oil (Packed),
2005-06-09,HYDERABAD,Palm Oil (Packed),
2005-06-10,BENGALURU,Palm Oil (Packed),
2005-06-10,T.PURAM,Palm Oil (Packed),
2005-06-10,CHENNAI,Palm Oil (Packed),
2005-06-10,HYDERABAD,Palm Oil (Packed),
2005-06-13,BENGALURU,Palm Oil (Packed),
2005-06-13,T.PURAM,Palm Oil (Packed),
2005-06-13,CHENNAI,Palm Oil (Packed),
2005-06-13,HYDERABAD,Palm Oil (Packed),
2005-06-14,BENGALURU,Palm Oil (Packed),
2005-06-14,T.PURAM,Palm Oil (Packed),
2005-06-14,CHENNAI,Palm Oil (Packed),
2005-06-14,HYDERABAD,Palm Oil (Packed),
2005-06-15,BENGALURU,Palm Oil (Packed),
2005-06-15,T.PURAM,Palm Oil (Packed),
2005-06-15,CHENNAI,Palm Oil (Packed),
2005-06-15,HYDERABAD,Palm Oil (Packed),
2005-06-16,BENGALURU,Palm Oil (Packed),
2005-06-16,T.PURAM,Palm Oil (Packed),
2005-06-16,CHENNAI,Palm Oil (Packed),
2005-06-16,HYDERABAD,Palm Oil (Packed),
2005-06-17,BENGALURU,Palm Oil (Packed),
2005-06-17,T.PURAM,Palm Oil (Packed),
2005-06-17,CHENNAI,Palm Oil (Packed),
2005-06-17,HYDERABAD,Palm Oil (Packed),
2005-06-20,BENGALURU,Palm Oil (Packed),
2005-06-20,T.PURAM,Palm Oil (Packed),
2005-06-20,CHENNAI,Palm Oil (Packed),
2005-06-20,HYDERABAD,Palm Oil (Packed),
2005-06-21,BENGALURU,Palm Oil (Packed),
2005-06-21,T.PURAM,Palm Oil (Packed),
2005-06-21,CHENNAI,Palm Oil (Packed),
2005-06-21,HYDERABAD,Palm Oil (Packed),
2005-06-22,BENGALURU,Palm Oil (Packed),
2005-06-22,T.PURAM,Palm Oil (Packed),
2005-06-22,CHENNAI,Palm Oil (Packed),
2005-06-22,HYDERABAD,Palm Oil (Packed),
2005-06-23,BENGALURU,Palm Oil (Packed),
2005-06-23,T.PURAM,Palm Oil (Packed),
2005-06-23,CHENNAI,Palm Oil (Packed),
2005-06-23,HYDERABAD,Palm Oil (Packed),
2005-06-24,BENGALURU,Palm Oil (Packed),
2005-06-24,T.PURAM,Palm Oil (Packed),
2005-06-24,CHENNAI,Palm Oil (Packed),
2005-06-24,HYDERABAD,Palm Oil (Packed),
2005-06-27,BENGALURU,Palm Oil (Packed),
2005-06-27,T.PURAM,Palm Oil (Packed),
2005-06-27,CHENNAI,Palm Oil (Packed),
2005-06-27,HYDERABAD,Palm Oil (Packed),
2005-06-28,BENGALURU,Palm Oil (Packed),
2005-06-28,T.PURAM,Palm Oil (Packed),
2005-06-28,CHENNAI,Palm Oil (Packed),
2005-06-28,HYDERABAD,Palm Oil (Packed),
2005-06-29,BENGALURU,Palm Oil (Packed),
2005-06-29,T.PURAM,Palm Oil (Packed),
2005-06-29,CHENNAI,Palm Oil (Packed),
2005-06-29,HYDERABAD,Palm Oil (Packed),
2005-06-30,BENGALURU,Palm Oil (Packed),
2005-06-30,T.PURAM,Palm Oil (Packed),
2005-06-30,CHENNAI,Palm Oil (Packed),
2005-06-30,HYDERABAD,Palm Oil (Packed),
2005-07-01,BENGALURU,Palm Oil (Packed),
2005-07-01,T.PURAM,Palm Oil (Packed),
2005-07-01,CHENNAI,Palm Oil (Packed),
2005-07-01,HYDERABAD,Palm Oil (Packed),
2005-07-04,BENGALURU,Palm Oil (Packed),
2005-07-04,T.PURAM,Palm Oil (Packed),
2005-07-04,CHENNAI,Palm Oil (Packed),
2005-07-04,HYDERABAD,Palm Oil (Packed),
2005-07-05,BENGALURU,Palm Oil (Packed),
2005-07-05,T.PURAM,Palm Oil (Packed),
2005-07-05,CHENNAI,Palm Oil (Packed),
2005-07-05,HYDERABAD,Palm Oil (Packed),
2005-07-06,BENGALURU,Palm Oil (Packed),
2005-07-06,T.PURAM,Palm Oil (Packed),
2005-07-06,CHENNAI,Palm Oil (Packed),
2005-07-06,HYDERABAD,Palm Oil (Packed),
2005-07-07,BENGALURU,Palm Oil (Packed),
2005-07-07,T.PURAM,Palm Oil (Packed),
2005-07-07,CHENNAI,Palm Oil (Packed),
2005-07-07,HYDERABAD,Palm Oil (Packed),
2005-07-08,BENGALURU,Palm Oil (Packed),
2005-07-08,T.PURAM,Palm Oil (Packed),
2005-07-08,CHENNAI,Palm Oil (Packed),
2005-07-08,HYDERABAD,Palm Oil (Packed),
2005-07-11,BENGALURU,Palm Oil (Packed),
2005-07-11,T.PURAM,Palm Oil (Packed),
2005-07-11,CHENNAI,Palm Oil (Packed),
2005-07-11,HYDERABAD,Palm Oil (Packed),
2005-07-12,BENGALURU,Palm Oil (Packed),
2005-07-12,T.PURAM,Palm Oil (Packed),
2005-07-12,CHENNAI,Palm Oil (Packed),
2005-07-12,HYDERABAD,Palm Oil (Packed),
2005-07-13,BENGALURU,Palm Oil (Packed),
2005-07-13,T.PURAM,Palm Oil (Packed),
2005-07-13,CHENNAI,Palm Oil (Packed),
2005-07-13,HYDERABAD,Palm Oil (Packed),
2005-07-14,BENGALURU,Palm Oil (Packed),
2005-07-14,T.PURAM,Palm Oil (Packed),
2005-07-14,CHENNAI,Palm Oil (Packed),
2005-07-14,HYDERABAD,Palm Oil (Packed),
2005-07-15,BENGALURU,Palm Oil (Packed),
2005-07-15,T.PURAM,Palm Oil (Packed),
2005-07-15,CHENNAI,Palm Oil (Packed),
2005-07-15,HYDERABAD,Palm Oil (Packed),
2005-07-18,BENGALURU,Palm Oil (Packed),
2005-07-18,T.PURAM,Palm Oil (Packed),
2005-07-18,CHENNAI,Palm Oil (Packed),
2005-07-18,HYDERABAD,Palm Oil (Packed),
2005-07-19,BENGALURU,Palm Oil (Packed),
2005-07-19,T.PURAM,Palm Oil (Packed),
2005-07-19,CHENNAI,Palm Oil (Packed),
2005-07-19,HYDERABAD,Palm Oil (Packed),
2005-07-20,BENGALURU,Palm Oil (Packed),
2005-07-20,T.PURAM,Palm Oil (Packed),
2005-07-20,CHENNAI,Palm Oil (Packed),
2005-07-20,HYDERABAD,Palm Oil (Packed),
2005-07-21,BENGALURU,Palm Oil (Packed),
2005-07-21,T.PURAM,Palm Oil (Packed),
2005-07-21,CHENNAI,Palm Oil (Packed),
2005-07-21,HYDERABAD,Palm Oil (Packed),
2005-07-22,BENGALURU,Palm Oil (Packed),
2005-07-22,T.PURAM,Palm Oil (Packed),
2005-07-22,CHENNAI,Palm Oil (Packed),
2005-07-22,HYDERABAD,Palm Oil (Packed),
2005-07-25,BENGALURU,Palm Oil (Packed),
2005-07-25,T.PURAM,Palm Oil (Packed),
2005-07-25,CHENNAI,Palm Oil (Packed),
2005-07-25,HYDERABAD,Palm Oil (Packed),
2005-07-26,BENGALURU,Palm Oil (Packed),
2005-07-26,T.PURAM,Palm Oil (Packed),
2005-07-26,CHENNAI,Palm Oil (Packed),
2005-07-26,HYDERABAD,Palm Oil (Packed),
2005-07-27,BENGALURU,Palm Oil (Packed),
2005-07-27,T.PURAM,Palm Oil (Packed),
2005-07-27,CHENNAI,Palm Oil (Packed),
2005-07-27,HYDERABAD,Palm Oil (Packed),
2005-07-28,BENGALURU,Palm Oil (Packed),
2005-07-28,T.PURAM,Palm Oil (Packed),
2005-07-28,CHENNAI,Palm Oil (Packed),
2005-07-28,HYDERABAD,Palm Oil (Packed),
2005-07-29,BENGALURU,Palm Oil (Packed),
2005-07-29,T.PURAM,Palm Oil (Packed),
2005-07-29,CHENNAI,Palm Oil (Packed),
2005-07-29,HYDERABAD,Palm Oil (Packed),
2005-08-01,BENGALURU,Palm Oil (Packed),
2005-08-01,T.PURAM,Palm Oil (Packed),
2005-08-01,CHENNAI,Palm Oil (Packed),
2005-08-01,HYDERABAD,Palm Oil (Packed),
2005-08-02,BENGALURU,Palm Oil (Packed),
2005-08-02,T.PURAM,Palm Oil (Packed),
2005-08-02,CHENNAI,Palm Oil (Packed),
2005-08-02,HYDERABAD,Palm Oil (Packed),
2005-08-03,BENGALURU,Palm Oil (Packed),
2005-08-03,T.PURAM,Palm Oil (Packed),
2005-08-03,CHENNAI,Palm Oil (Packed),
2005-08-03,HYDERABAD,Palm Oil (Packed),
2005-08-04,BENGALURU,Palm Oil (Packed),
2005-08-04,T.PURAM,Palm Oil (Packed),
2005-08-04,CHENNAI,Palm Oil (Packed),
2005-08-04,HYDERABAD,Palm Oil (Packed),
2005-08-05,BENGALURU,Palm Oil (Packed),
2005-08-05,T.PURAM,Palm Oil (Packed),
2005-08-05,CHENNAI,Palm Oil (Packed),
2005-08-05,HYDERABAD,Palm Oil (Packed),
2005-08-08,BENGALURU,Palm Oil (Packed),
2005-08-08,T.PURAM,Palm Oil (Packed),
2005-08-08,CHENNAI,Palm Oil (Packed),
2005-08-08,HYDERABAD,Palm Oil (Packed),
2005-08-09,BENGALURU,Palm Oil (Packed),
2005-08-09,T.PURAM,Palm Oil (Packed),
2005-08-09,CHENNAI,Palm Oil (Packed),
2005-08-09,HYDERABAD,Palm Oil (Packed),
2005-08-10,BENGALURU,Palm Oil (Packed),
2005-08-10,T.PURAM,Palm Oil (Packed),
2005-08-10,CHENNAI,Palm Oil (Packed),
2005-08-10,HYDERABAD,Palm Oil (Packed),
2005-08-11,BENGALURU,Palm Oil (Packed),
2005-08-11,T.PURAM,Palm Oil (Packed),
2005-08-11,CHENNAI,Palm Oil (Packed),
2005-08-11,HYDERABAD,Palm Oil (Packed),
2005-08-12,BENGALURU,Palm Oil (Packed),
2005-08-12,T.PURAM,Palm Oil (Packed),
2005-08-12,CHENNAI,Palm Oil (Packed),
2005-08-12,HYDERABAD,Palm Oil (Packed),
2005-08-16,BENGALURU,Palm Oil (Packed),
2005-08-16,T.PURAM,Palm Oil (Packed),
2005-08-16,CHENNAI,Palm Oil (Packed),
2005-08-16,HYDERABAD,Palm Oil (Packed),
2005-08-17,BENGALURU,Palm Oil (Packed),
2005-08-17,T.PURAM,Palm Oil (Packed),
2005-08-17,CHENNAI,Palm Oil (Packed),
2005-08-17,HYDERABAD,Palm Oil (Packed),
2005-08-18,BENGALURU,Palm Oil (Packed),
2005-08-18,T.PURAM,Palm Oil (Packed),
2005-08-18,CHENNAI,Palm Oil (Packed),
2005-08-18,HYDERABAD,Palm Oil (Packed),
2005-08-19,BENGALURU,Palm Oil (Packed),
2005-08-19,T.PURAM,Palm Oil (Packed),
2005-08-19,CHENNAI,Palm Oil (Packed),
2005-08-19,HYDERABAD,Palm Oil (Packed),
2005-08-22,BENGALURU,Palm Oil (Packed),
2005-08-22,T.PURAM,Palm Oil (Packed),
2005-08-22,CHENNAI,Palm Oil (Packed),
2005-08-22,HYDERABAD,Palm Oil (Packed),
2005-08-23,BENGALURU,Palm Oil (Packed),
2005-08-23,T.PURAM,Palm Oil (Packed),
2005-08-23,CHENNAI,Palm Oil (Packed),
2005-08-23,HYDERABAD,Palm Oil (Packed),
2005-08-24,BENGALURU,Palm Oil (Packed),
2005-08-24,T.PURAM,Palm Oil (Packed),
2005-08-24,CHENNAI,Palm Oil (Packed),
2005-08-24,HYDERABAD,Palm Oil (Packed),
2005-08-25,BENGALURU,Palm Oil (Packed),
2005-08-25,T.PURAM,Palm Oil (Packed),
2005-08-25,CHENNAI,Palm Oil (Packed),
2005-08-25,HYDERABAD,Palm Oil (Packed),
2005-08-26,BENGALURU,Palm Oil (Packed),
2005-08-26,T.PURAM,Palm Oil (Packed),
2005-08-26,CHENNAI,Palm Oil (Packed),
2005-08-26,HYDERABAD,Palm Oil (Packed),
2005-08-29,BENGALURU,Palm Oil (Packed),
2005-08-29,T.PURAM,Palm Oil (Packed),
2005-08-29,CHENNAI,Palm Oil (Packed),
2005-08-29,HYDERABAD,Palm Oil (Packed),
2005-08-30,BENGALURU,Palm Oil (Packed),
2005-08-30,T.PURAM,Palm Oil (Packed),
2005-08-30,CHENNAI,Palm Oil (Packed),
2005-08-30,HYDERABAD,Palm Oil (Packed),
2005-08-31,BENGALURU,Palm Oil (Packed),
2005-08-31,T.PURAM,Palm Oil (Packed),
2005-08-31,CHENNAI,Palm Oil (Packed),
2005-08-31,HYDERABAD,Palm Oil (Packed),
2005-09-01,BENGALURU,Palm Oil (Packed),
2005-09-01,T.PURAM,Palm Oil (Packed),
2005-09-01,CHENNAI,Palm Oil (Packed),
2005-09-01,HYDERABAD,Palm Oil (Packed),
2005-09-02,BENGALURU,Palm Oil (Packed),
2005-09-02,T.PURAM,Palm Oil (Packed),
2005-09-02,CHENNAI,Palm Oil (Packed),
2005-09-02,HYDERABAD,Palm Oil (Packed),
2005-09-05,BENGALURU,Palm Oil (Packed),
2005-09-05,T.PURAM,Palm Oil (Packed),
2005-09-05,CHENNAI,Palm Oil (Packed),
2005-09-05,HYDERABAD,Palm Oil (Packed),
2005-09-06,BENGALURU,Palm Oil (Packed),
2005-09-06,T.PURAM,Palm Oil (Packed),
2005-09-06,CHENNAI,Palm Oil (Packed),
2005-09-06,HYDERABAD,Palm Oil (Packed),
2005-09-07,BENGALURU,Palm Oil (Packed),
2005-09-07,T.PURAM,Palm Oil (Packed),
2005-09-07,CHENNAI,Palm Oil (Packed),
2005-09-07,HYDERABAD,Palm Oil (Packed),
2005-09-08,BENGALURU,Palm Oil (Packed),
2005-09-08,T.PURAM,Palm Oil (Packed),
2005-09-08,CHENNAI,Palm Oil (Packed),
2005-09-08,HYDERABAD,Palm Oil (Packed),
2005-09-09,BENGALURU,Palm Oil (Packed),
2005-09-09,T.PURAM,Palm Oil (Packed),
2005-09-09,CHENNAI,Palm Oil (Packed),
2005-09-09,HYDERABAD,Palm Oil (Packed),
2005-09-12,BENGALURU,Palm Oil (Packed),
2005-09-12,T.PURAM,Palm Oil (Packed),
2005-09-12,CHENNAI,Palm Oil (Packed),
2005-09-12,HYDERABAD,Palm Oil (Packed),
2005-09-13,BENGALURU,Palm Oil (Packed),
2005-09-13,T.PURAM,Palm Oil (Packed),
2005-09-13,CHENNAI,Palm Oil (Packed),
2005-09-13,HYDERABAD,Palm Oil (Packed),
2005-09-14,BENGALURU,Palm Oil (Packed),
2005-09-14,T.PURAM,Palm Oil (Packed),
2005-09-14,CHENNAI,Palm Oil (Packed),
2005-09-14,HYDERABAD,Palm Oil (Packed),
2005-09-15,BENGALURU,Palm Oil (Packed),
2005-09-15,T.PURAM,Palm Oil (Packed),
2005-09-15,CHENNAI,Palm Oil (Packed),
2005-09-15,HYDERABAD,Palm Oil (Packed),
2005-09-16,BENGALURU,Palm Oil (Packed),
2005-09-16,T.PURAM,Palm Oil (Packed),
2005-09-16,CHENNAI,Palm Oil (Packed),
2005-09-16,HYDERABAD,Palm Oil (Packed),
2005-09-19,BENGALURU,Palm Oil (Packed),
2005-09-19,T.PURAM,Palm Oil (Packed),
2005-09-19,CHENNAI,Palm Oil (Packed),
2005-09-19,HYDERABAD,Palm Oil (Packed),
2005-09-20,BENGALURU,Palm Oil (Packed),
2005-09-20,T.PURAM,Palm Oil (Packed),
2005-09-20,CHENNAI,Palm Oil (Packed),
2005-09-20,HYDERABAD,Palm Oil (Packed),
2005-09-21,BENGALURU,Palm Oil (Packed),
2005-09-21,T.PURAM,Palm Oil (Packed),
2005-09-21,CHENNAI,Palm Oil (Packed),
2005-09-21,HYDERABAD,Palm Oil (Packed),
2005-09-22,BENGALURU,Palm Oil (Packed),
2005-09-22,T.PURAM,Palm Oil (Packed),
2005-09-22,CHENNAI,Palm Oil (Packed),
2005-09-22,HYDERABAD,Palm Oil (Packed),
2005-09-23,BENGALURU,Palm Oil (Packed),
2005-09-23,T.PURAM,Palm Oil (Packed),
2005-09-23,CHENNAI,Palm Oil (Packed),
2005-09-23,HYDERABAD,Palm Oil (Packed),
2005-09-26,BENGALURU,Palm Oil (Packed),
2005-09-26,T.PURAM,Palm Oil (Packed),
2005-09-26,CHENNAI,Palm Oil (Packed),
2005-09-26,HYDERABAD,Palm Oil (Packed),
2005-09-27,BENGALURU,Palm Oil (Packed),
2005-09-27,T.PURAM,Palm Oil (Packed),
2005-09-27,CHENNAI,Palm Oil (Packed),
2005-09-27,HYDERABAD,Palm Oil (Packed),
2005-09-28,BENGALURU,Palm Oil (Packed),
2005-09-28,T.PURAM,Palm Oil (Packed),
2005-09-28,CHENNAI,Palm Oil (Packed),
2005-09-28,HYDERABAD,Palm Oil (Packed),
2005-09-29,BENGALURU,Palm Oil (Packed),
2005-09-29,T.PURAM,Palm Oil (Packed),
2005-09-29,CHENNAI,Palm Oil (Packed),
2005-09-29,HYDERABAD,Palm Oil (Packed),
2005-09-30,BENGALURU,Palm Oil (Packed),
2005-09-30,T.PURAM,Palm Oil (Packed),
2005-09-30,CHENNAI,Palm Oil (Packed),
2005-09-30,HYDERABAD,Palm Oil (Packed),
2005-10-03,BENGALURU,Palm Oil (Packed),
2005-10-03,T.PURAM,Palm Oil (Packed),
2005-10-03,CHENNAI,Palm Oil (Packed),
2005-10-03,HYDERABAD,Palm Oil (Packed),
2005-10-04,BENGALURU,Palm Oil (Packed),
2005-10-04,T.PURAM,Palm Oil (Packed),
2005-10-04,CHENNAI,Palm Oil (Packed),
2005-10-04,HYDERABAD,Palm Oil (Packed),
2005-10-05,BENGALURU,Palm Oil (Packed),
2005-10-05,T.PURAM,Palm Oil (Packed),
2005-10-05,CHENNAI,Palm Oil (Packed),
2005-10-05,HYDERABAD,Palm Oil (Packed),
2005-10-06,BENGALURU,Palm Oil (Packed),
2005-10-06,T.PURAM,Palm Oil (Packed),
2005-10-06,CHENNAI,Palm Oil (Packed),
2005-10-06,HYDERABAD,Palm Oil (Packed),
2005-10-07,BENGALURU,Palm Oil (Packed),
2005-10-07,T.PURAM,Palm Oil (Packed),
2005-10-07,CHENNAI,Palm Oil (Packed),
2005-10-07,HYDERABAD,Palm Oil (Packed),
2005-10-10,BENGALURU,Palm Oil (Packed),
2005-10-10,T.PURAM,Palm Oil (Packed),
2005-10-10,CHENNAI,Palm Oil (Packed),
2005-10-10,HYDERABAD,Palm Oil (Packed),
2005-10-13,BENGALURU,Palm Oil (Packed),
2005-10-13,T.PURAM,Palm Oil (Packed),
2005-10-13,CHENNAI,Palm Oil (Packed),
2005-10-13,HYDERABAD,Palm Oil (Packed),
2005-10-14,BENGALURU,Palm Oil (Packed),
2005-10-14,T.PURAM,Palm Oil (Packed),
2005-10-14,CHENNAI,Palm Oil (Packed),
2005-10-14,HYDERABAD,Palm Oil (Packed),
2005-10-17,BENGALURU,Palm Oil (Packed),
2005-10-17,T.PURAM,Palm Oil (Packed),
2005-10-17,CHENNAI,Palm Oil (Packed),
2005-10-17,HYDERABAD,Palm Oil (Packed),
2005-10-18,BENGALURU,Palm Oil (Packed),
2005-10-18,T.PURAM,Palm Oil (Packed),
2005-10-18,CHENNAI,Palm Oil (Packed),
2005-10-18,HYDERABAD,Palm Oil (Packed),
2005-10-19,BENGALURU,Palm Oil (Packed),
2005-10-19,T.PURAM,Palm Oil (Packed),
2005-10-19,CHENNAI,Palm Oil (Packed),
2005-10-19,HYDERABAD,Palm Oil (Packed),
2005-10-20,BENGALURU,Palm Oil (Packed),
2005-10-20,T.PURAM,Palm Oil (Packed),
2005-10-20,CHENNAI,Palm Oil (Packed),
2005-10-20,HYDERABAD,Palm Oil (Packed),
2005-10-21,BENGALURU,Palm Oil (Packed),
2005-10-21,T.PURAM,Palm Oil (Packed),
2005-10-21,CHENNAI,Palm Oil (Packed),
2005-10-21,HYDERABAD,Palm Oil (Packed),
2005-10-24,BENGALURU,Palm Oil (Packed),
2005-10-24,T.PURAM,Palm Oil (Packed),
2005-10-24,CHENNAI,Palm Oil (Packed),
2005-10-24,HYDERABAD,Palm Oil (Packed),
2005-10-25,BENGALURU,Palm Oil (Packed),
2005-10-25,T.PURAM,Palm Oil (Packed),
2005-10-25,CHENNAI,Palm Oil (Packed),
2005-10-25,HYDERABAD,Palm Oil (Packed),
2005-10-26,BENGALURU,Palm Oil (Packed),
2005-10-26,T.PURAM,Palm Oil (Packed),
2005-10-26,CHENNAI,Palm Oil (Packed),
2005-10-26,HYDERABAD,Palm Oil (Packed),
2005-10-27,BENGALURU,Palm Oil (Packed),
2005-10-27,T.PURAM,Palm Oil (Packed),
2005-10-27,CHENNAI,Palm Oil (Packed),
2005-10-27,HYDERABAD,Palm Oil (Packed),
2005-10-28,BENGALURU,Palm Oil (Packed),
2005-10-28,T.PURAM,Palm Oil (Packed),
2005-10-28,CHENNAI,Palm Oil (Packed),
2005-10-28,HYDERABAD,Palm Oil (Packed),
2005-10-31,BENGALURU,Palm Oil (Packed),
2005-10-31,T.PURAM,Palm Oil (Packed),
2005-10-31,CHENNAI,Palm Oil (Packed),
2005-10-31,HYDERABAD,Palm Oil (Packed),
2005-11-02,BENGALURU,Palm Oil (Packed),
2005-11-02,T.PURAM,Palm Oil (Packed),
2005-11-02,CHENNAI,Palm Oil (Packed),
2005-11-02,HYDERABAD,Palm Oil (Packed),
2005-11-03,BENGALURU,Palm Oil (Packed),
2005-11-03,T.PURAM,Palm Oil (Packed),
2005-11-03,CHENNAI,Palm Oil (Packed),
2005-11-03,HYDERABAD,Palm Oil (Packed),
2005-11-07,BENGALURU,Palm Oil (Packed),
2005-11-07,T.PURAM,Palm Oil (Packed),
2005-11-07,CHENNAI,Palm Oil (Packed),
2005-11-07,HYDERABAD,Palm Oil (Packed),
2005-11-08,BENGALURU,Palm Oil (Packed),
2005-11-08,T.PURAM,Palm Oil (Packed),
2005-11-08,CHENNAI,Palm Oil (Packed),
2005-11-08,HYDERABAD,Palm Oil (Packed),
2005-11-09,BENGALURU,Palm Oil (Packed),
2005-11-09,T.PURAM,Palm Oil (Packed),
2005-11-09,CHENNAI,Palm Oil (Packed),
2005-11-09,HYDERABAD,Palm Oil (Packed),
2005-11-10,BENGALURU,Palm Oil (Packed),
2005-11-10,T.PURAM,Palm Oil (Packed),
2005-11-10,CHENNAI,Palm Oil (Packed),
2005-11-10,HYDERABAD,Palm Oil (Packed),
2005-11-11,BENGALURU,Palm Oil (Packed),
2005-11-11,T.PURAM,Palm Oil (Packed),
2005-11-11,CHENNAI,Palm Oil (Packed),
2005-11-11,HYDERABAD,Palm Oil (Packed),
2005-11-14,BENGALURU,Palm Oil (Packed),
2005-11-14,T.PURAM,Palm Oil (Packed),
2005-11-14,CHENNAI,Palm Oil (Packed),
2005-11-14,HYDERABAD,Palm Oil (Packed),
2005-11-16,BENGALURU,Palm Oil (Packed),
2005-11-16,T.PURAM,Palm Oil (Packed),
2005-11-16,CHENNAI,Palm Oil (Packed),
2005-11-16,HYDERABAD,Palm Oil (Packed),
2005-11-17,BENGALURU,Palm Oil (Packed),
2005-11-17,T.PURAM,Palm Oil (Packed),
2005-11-17,CHENNAI,Palm Oil (Packed),
2005-11-17,HYDERABAD,Palm Oil (Packed),
2005-11-18,BENGALURU,Palm Oil (Packed),
2005-11-18,T.PURAM,Palm Oil (Packed),
2005-11-18,CHENNAI,Palm Oil (Packed),
2005-11-18,HYDERABAD,Palm Oil (Packed),
2005-11-21,BENGALURU,Palm Oil (Packed),
2005-11-21,T.PURAM,Palm Oil (Packed),
2005-11-21,CHENNAI,Palm Oil (Packed),
2005-11-21,HYDERABAD,Palm Oil (Packed),
2005-11-22,BENGALURU,Palm Oil (Packed),
2005-11-22,T.PURAM,Palm Oil (Packed),
2005-11-22,CHENNAI,Palm Oil (Packed),
2005-11-22,HYDERABAD,Palm Oil (Packed),
2005-11-23,BENGALURU,Palm Oil (Packed),
2005-11-23,T.PURAM,Palm Oil (Packed),
2005-11-23,CHENNAI,Palm Oil (Packed),
2005-11-23,HYDERABAD,Palm Oil (Packed),
2005-11-24,BENGALURU,Palm Oil (Packed),
2005-11-24,T.PURAM,Palm Oil (Packed),
2005-11-24,CHENNAI,Palm Oil (Packed),
2005-11-24,HYDERABAD,Palm Oil (Packed),
2005-11-25,BENGALURU,Palm Oil (Packed),
2005-11-25,T.PURAM,Palm Oil (Packed),
2005-11-25,CHENNAI,Palm Oil (Packed),
2005-11-25,HYDERABAD,Palm Oil (Packed),
2005-11-28,BENGALURU,Palm Oil (Packed),
2005-11-28,T.PURAM,Palm Oil (Packed),
2005-11-28,CHENNAI,Palm Oil (Packed),
2005-11-28,HYDERABAD,Palm Oil (Packed),
2005-11-29,BENGALURU,Palm Oil (Packed),
2005-11-29,T.PURAM,Palm Oil (Packed),
2005-11-29,CHENNAI,Palm Oil (Packed),
2005-11-29,HYDERABAD,Palm Oil (Packed),
2005-11-30,BENGALURU,Palm Oil (Packed),
2005-11-30,T.PURAM,Palm Oil (Packed),
2005-11-30,CHENNAI,Palm Oil (Packed),
2005-11-30,HYDERABAD,Palm Oil (Packed),
2005-12-01,BENGALURU,Palm Oil (Packed),
2005-12-01,T.PURAM,Palm Oil (Packed),
2005-12-01,CHENNAI,Palm Oil (Packed),
2005-12-01,HYDERABAD,Palm Oil (Packed),
2005-12-02,BENGALURU,Palm Oil (Packed),
2005-12-02,T.PURAM,Palm Oil (Packed),
2005-12-02,CHENNAI,Palm Oil (Packed),
2005-12-02,HYDERABAD,Palm Oil (Packed),
2005-12-05,BENGALURU,Palm Oil (Packed),
2005-12-05,T.PURAM,Palm Oil (Packed),
2005-12-05,CHENNAI,Palm Oil (Packed),
2005-12-05,HYDERABAD,Palm Oil (Packed),
2005-12-06,BENGALURU,Palm Oil (Packed),
2005-12-06,T.PURAM,Palm Oil (Packed),
2005-12-06,CHENNAI,Palm Oil (Packed),
2005-12-06,HYDERABAD,Palm Oil (Packed),
2005-12-07,BENGALURU,Palm Oil (Packed),
2005-12-07,T.PURAM,Palm Oil (Packed),
2005-12-07,CHENNAI,Palm Oil (Packed),
2005-12-07,HYDERABAD,Palm Oil (Packed),
2005-12-08,BENGALURU,Palm Oil (Packed),
2005-12-08,T.PURAM,Palm Oil (Packed),
2005-12-08,CHENNAI,Palm Oil (Packed),
2005-12-08,HYDERABAD,Palm Oil (Packed),
2005-12-09,BENGALURU,Palm Oil (Packed),
2005-12-09,T.PURAM,Palm Oil (Packed),
2005-12-09,CHENNAI,Palm Oil (Packed),
2005-12-09,HYDERABAD,Palm Oil (Packed),
2005-12-12,BENGALURU,Palm Oil (Packed),
2005-12-12,T.PURAM,Palm Oil (Packed),
2005-12-12,CHENNAI,Palm Oil (Packed),
2005-12-12,HYDERABAD,Palm Oil (Packed),
2005-12-13,BENGALURU,Palm Oil (Packed),
2005-12-13,T.PURAM,Palm Oil (Packed),
2005-12-13,CHENNAI,Palm Oil (Packed),
2005-12-13,HYDERABAD,Palm Oil (Packed),
2005-12-14,BENGALURU,Palm Oil (Packed),
2005-12-14,T.PURAM,Palm Oil (Packed),
2005-12-14,CHENNAI,Palm Oil (Packed),
2005-12-14,HYDERABAD,Palm Oil (Packed),
2005-12-15,BENGALURU,Palm Oil (Packed),
2005-12-15,T.PURAM,Palm Oil (Packed),
2005-12-15,CHENNAI,Palm Oil (Packed),
2005-12-15,HYDERABAD,Palm Oil (Packed),
2005-12-16,BENGALURU,Palm Oil (Packed),
2005-12-16,T.PURAM,Palm Oil (Packed),
2005-12-16,CHENNAI,Palm Oil (Packed),
2005-12-16,HYDERABAD,Palm Oil (Packed),
2005-12-19,BENGALURU,Palm Oil (Packed),
2005-12-19,T.PURAM,Palm Oil (Packed),
2005-12-19,CHENNAI,Palm Oil (Packed),
2005-12-19,HYDERABAD,Palm Oil (Packed),
2005-12-20,BENGALURU,Palm Oil (Packed),
2005-12-20,T.PURAM,Palm Oil (Packed),
2005-12-20,CHENNAI,Palm Oil (Packed),
2005-12-20,HYDERABAD,Palm Oil (Packed),
2005-12-21,BENGALURU,Palm Oil (Packed),
2005-12-21,T.PURAM,Palm Oil (Packed),
2005-12-21,CHENNAI,Palm Oil (Packed),
2005-12-21,HYDERABAD,Palm Oil (Packed),
2005-12-22,BENGALURU,Palm Oil (Packed),
2005-12-22,T.PURAM,Palm Oil (Packed),
2005-12-22,CHENNAI,Palm Oil (Packed),
2005-12-22,HYDERABAD,Palm Oil (Packed),
2005-12-23,BENGALURU,Palm Oil (Packed),
2005-12-23,T.PURAM,Palm Oil (Packed),
2005-12-23,CHENNAI,Palm Oil (Packed),
2005-12-23,HYDERABAD,Palm Oil (Packed),
2005-12-26,BENGALURU,Palm Oil (Packed),
2005-12-26,T.PURAM,Palm Oil (Packed),
2005-12-26,CHENNAI,Palm Oil (Packed),
2005-12-26,HYDERABAD,Palm Oil (Packed),
2005-12-27,BENGALURU,Palm Oil (Packed),
2005-12-27,T.PURAM,Palm Oil (Packed),
2005-12-27,CHENNAI,Palm Oil (Packed),
2005-12-27,HYDERABAD,Palm Oil (Packed),
2005-12-28,BENGALURU,Palm Oil (Packed),
2005-12-28,T.PURAM,Palm Oil (Packed),
2005-12-28,CHENNAI,Palm Oil (Packed),
2005-12-28,HYDERABAD,Palm Oil (Packed),
2005-12-29,BENGALURU,Palm Oil (Packed),
2005-12-29,T.PURAM,Palm Oil (Packed),
2005-12-29,CHENNAI,Palm Oil (Packed),
2005-12-29,HYDERABAD,Palm Oil (Packed),
2005-12-30,BENGALURU,Palm Oil (Packed),
2005-12-30,T.PURAM,Palm Oil (Packed),
2005-12-30,CHENNAI,Palm Oil (Packed),
2005-12-30,HYDERABAD,Palm Oil (Packed),
2006-01-02,BENGALURU,Palm Oil (Packed),
2006-01-02,T.PURAM,Palm Oil (Packed),
2006-01-02,CHENNAI,Palm Oil (Packed),
2006-01-02,HYDERABAD,Palm Oil (Packed),
2006-01-03,BENGALURU,Palm Oil (Packed),
2006-01-03,T.PURAM,Palm Oil (Packed),
2006-01-03,CHENNAI,Palm Oil (Packed),
2006-01-03,HYDERABAD,Palm Oil (Packed),
2006-01-04,BENGALURU,Palm Oil (Packed),
2006-01-04,T.PURAM,Palm Oil (Packed),
2006-01-04,CHENNAI,Palm Oil (Packed),
2006-01-04,HYDERABAD,Palm Oil (Packed),
2006-01-05,BENGALURU,Palm Oil (Packed),
2006-01-05,T.PURAM,Palm Oil (Packed),
2006-01-05,CHENNAI,Palm Oil (Packed),
2006-01-05,HYDERABAD,Palm Oil (Packed),
2006-01-06,BENGALURU,Palm Oil (Packed),
2006-01-06,T.PURAM,Palm Oil (Packed),
2006-01-06,CHENNAI,Palm Oil (Packed),
2006-01-06,HYDERABAD,Palm Oil (Packed),
2006-01-09,BENGALURU,Palm Oil (Packed),
2006-01-09,T.PURAM,Palm Oil (Packed),
2006-01-09,CHENNAI,Palm Oil (Packed),
2006-01-09,HYDERABAD,Palm Oil (Packed),
2006-01-10,BENGALURU,Palm Oil (Packed),
2006-01-10,T.PURAM,Palm Oil (Packed),
2006-01-10,CHENNAI,Palm Oil (Packed),
2006-01-10,HYDERABAD,Palm Oil (Packed),
2006-01-12,BENGALURU,Palm Oil (Packed),
2006-01-12,T.PURAM,Palm Oil (Packed),
2006-01-12,CHENNAI,Palm Oil (Packed),
2006-01-12,HYDERABAD,Palm Oil (Packed),
2006-01-13,BENGALURU,Palm Oil (Packed),
2006-01-13,T.PURAM,Palm Oil (Packed),
2006-01-13,CHENNAI,Palm Oil (Packed),
2006-01-13,HYDERABAD,Palm Oil (Packed),
2006-01-16,BENGALURU,Palm Oil (Packed),
2006-01-16,T.PURAM,Palm Oil (Packed),
2006-01-16,CHENNAI,Palm Oil (Packed),
2006-01-16,HYDERABAD,Palm Oil (Packed),
2006-01-17,BENGALURU,Palm Oil (Packed),
2006-01-17,T.PURAM,Palm Oil (Packed),
2006-01-17,CHENNAI,Palm Oil (Packed),
2006-01-17,HYDERABAD,Palm Oil (Packed),
2006-01-18,BENGALURU,Palm Oil (Packed),
2006-01-18,T.PURAM,Palm Oil (Packed),
2006-01-18,CHENNAI,Palm Oil (Packed),
2006-01-18,HYDERABAD,Palm Oil (Packed),
2006-01-19,BENGALURU,Palm Oil (Packed),
2006-01-19,T.PURAM,Palm Oil (Packed),
2006-01-19,CHENNAI,Palm Oil (Packed),
2006-01-19,HYDERABAD,Palm Oil (Packed),
2006-01-20,BENGALURU,Palm Oil (Packed),
2006-01-20,T.PURAM,Palm Oil (Packed),
2006-01-20,CHENNAI,Palm Oil (Packed),
2006-01-20,HYDERABAD,Palm Oil (Packed),
2006-01-23,BENGALURU,Palm Oil (Packed),
2006-01-23,T.PURAM,Palm Oil (Packed),
2006-01-23,CHENNAI,Palm Oil (Packed),
2006-01-23,HYDERABAD,Palm Oil (Packed),
2006-01-24,BENGALURU,Palm Oil (Packed),
2006-01-24,T.PURAM,Palm Oil (Packed),
2006-01-24,CHENNAI,Palm Oil (Packed),
2006-01-24,HYDERABAD,Palm Oil (Packed),
2006-01-25,BENGALURU,Palm Oil (Packed),
2006-01-25,T.PURAM,Palm Oil (Packed),
2006-01-25,CHENNAI,Palm Oil (Packed),
2006-01-25,HYDERABAD,Palm Oil (Packed),
2006-01-27,BENGALURU,Palm Oil (Packed),
2006-01-27,T.PURAM,Palm Oil (Packed),
2006-01-27,CHENNAI,Palm Oil (Packed),
2006-01-27,HYDERABAD,Palm Oil (Packed),
2006-01-30,BENGALURU,Palm Oil (Packed),
2006-01-30,T.PURAM,Palm Oil (Packed),
2006-01-30,CHENNAI,Palm Oil (Packed),
2006-01-30,HYDERABAD,Palm Oil (Packed),
2006-01-31,BENGALURU,Palm Oil (Packed),
2006-01-31,T.PURAM,Palm Oil (Packed),
2006-01-31,CHENNAI,Palm Oil (Packed),
2006-01-31,HYDERABAD,Palm Oil (Packed),
2006-02-01,BENGALURU,Palm Oil (Packed),
2006-02-01,T.PURAM,Palm Oil (Packed),
2006-02-01,CHENNAI,Palm Oil (Packed),
2006-02-01,HYDERABAD,Palm Oil (Packed),
2006-02-02,BENGALURU,Palm Oil (Packed),
2006-02-02,T.PURAM,Palm Oil (Packed),
2006-02-02,CHENNAI,Palm Oil (Packed),
2006-02-02,HYDERABAD,Palm Oil (Packed),
2006-02-03,BENGALURU,Palm Oil (Packed),
2006-02-03,T.PURAM,Palm Oil (Packed),
2006-02-03,CHENNAI,Palm Oil (Packed),
2006-02-03,HYDERABAD,Palm Oil (Packed),
2006-02-06,BENGALURU,Palm Oil (Packed),
2006-02-06,T.PURAM,Palm Oil (Packed),
2006-02-06,CHENNAI,Palm Oil (Packed),
2006-02-06,HYDERABAD,Palm Oil (Packed),
2006-02-07,BENGALURU,Palm Oil (Packed),
2006-02-07,T.PURAM,Palm Oil (Packed),
2006-02-07,CHENNAI,Palm Oil (Packed),
2006-02-07,HYDERABAD,Palm Oil (Packed),
2006-02-08,BENGALURU,Palm Oil (Packed),
2006-02-08,T.PURAM,Palm Oil (Packed),
2006-02-08,CHENNAI,Palm Oil (Packed),
2006-02-08,HYDERABAD,Palm Oil (Packed),
2006-02-10,BENGALURU,Palm Oil (Packed),
2006-02-10,T.PURAM,Palm Oil (Packed),
2006-02-10,CHENNAI,Palm Oil (Packed),
2006-02-10,HYDERABAD,Palm Oil (Packed),
2006-02-13,BENGALURU,Palm Oil (Packed),
2006-02-13,T.PURAM,Palm Oil (Packed),
2006-02-13,CHENNAI,Palm Oil (Packed),
2006-02-13,HYDERABAD,Palm Oil (Packed),
2006-02-14,BENGALURU,Palm Oil (Packed),
2006-02-14,T.PURAM,Palm Oil (Packed),
2006-02-14,CHENNAI,Palm Oil (Packed),
2006-02-14,HYDERABAD,Palm Oil (Packed),
2006-02-15,BENGALURU,Palm Oil (Packed),
2006-02-15,T.PURAM,Palm Oil (Packed),
2006-02-15,CHENNAI,Palm Oil (Packed),
2006-02-15,HYDERABAD,Palm Oil (Packed),
2006-02-16,BENGALURU,Palm Oil (Packed),
2006-02-16,T.PURAM,Palm Oil (Packed),
2006-02-16,CHENNAI,Palm Oil (Packed),
2006-02-16,HYDERABAD,Palm Oil (Packed),
2006-02-17,BENGALURU,Palm Oil (Packed),
2006-02-17,T.PURAM,Palm Oil (Packed),
2006-02-17,CHENNAI,Palm Oil (Packed),
2006-02-17,HYDERABAD,Palm Oil (Packed),
2006-02-20,BENGALURU,Palm Oil (Packed),
2006-02-20,T.PURAM,Palm Oil (Packed),
2006-02-20,CHENNAI,Palm Oil (Packed),
2006-02-20,HYDERABAD,Palm Oil (Packed),
2006-02-21,BENGALURU,Palm Oil (Packed),
2006-02-21,T.PURAM,Palm Oil (Packed),
2006-02-21,CHENNAI,Palm Oil (Packed),
2006-02-21,HYDERABAD,Palm Oil (Packed),
2006-02-22,BENGALURU,Palm Oil (Packed),
2006-02-22,T.PURAM,Palm Oil (Packed),
2006-02-22,CHENNAI,Palm Oil (Packed),
2006-02-22,HYDERABAD,Palm Oil (Packed),
2006-02-23,BENGALURU,Palm Oil (Packed),
2006-02-23,T.PURAM,Palm Oil (Packed),
2006-02-23,CHENNAI,Palm Oil (Packed),
2006-02-23,HYDERABAD,Palm Oil (Packed),
2006-02-24,BENGALURU,Palm Oil (Packed),
2006-02-24,T.PURAM,Palm Oil (Packed),
2006-02-24,CHENNAI,Palm Oil (Packed),
2006-02-24,HYDERABAD,Palm Oil (Packed),
2006-02-27,BENGALURU,Palm Oil (Packed),
2006-02-27,T.PURAM,Palm Oil (Packed),
2006-02-27,CHENNAI,Palm Oil (Packed),
2006-02-27,HYDERABAD,Palm Oil (Packed),
2006-02-28,BENGALURU,Palm Oil (Packed),
2006-02-28,T.PURAM,Palm Oil (Packed),
2006-02-28,CHENNAI,Palm Oil (Packed),
2006-02-28,HYDERABAD,Palm Oil (Packed),
2006-03-01,BENGALURU,Palm Oil (Packed),
2006-03-01,T.PURAM,Palm Oil (Packed),
2006-03-01,CHENNAI,Palm Oil (Packed),
2006-03-01,HYDERABAD,Palm Oil (Packed),
2006-03-02,BENGALURU,Palm Oil (Packed),
2006-03-02,T.PURAM,Palm Oil (Packed),
2006-03-02,CHENNAI,Palm Oil (Packed),
2006-03-02,HYDERABAD,Palm Oil (Packed),
2006-03-03,BENGALURU,Palm Oil (Packed),
2006-03-03,T.PURAM,Palm Oil (Packed),
2006-03-03,CHENNAI,Palm Oil (Packed),
2006-03-03,HYDERABAD,Palm Oil (Packed),
2006-03-06,BENGALURU,Palm Oil (Packed),
2006-03-06,T.PURAM,Palm Oil (Packed),
2006-03-06,CHENNAI,Palm Oil (Packed),
2006-03-06,HYDERABAD,Palm Oil (Packed),
2006-03-07,BENGALURU,Palm Oil (Packed),
2006-03-07,T.PURAM,Palm Oil (Packed),
2006-03-07,CHENNAI,Palm Oil (Packed),
2006-03-07,HYDERABAD,Palm Oil (Packed),
2006-03-08,BENGALURU,Palm Oil (Packed),
2006-03-08,T.PURAM,Palm Oil (Packed),
2006-03-08,CHENNAI,Palm Oil (Packed),
2006-03-08,HYDERABAD,Palm Oil (Packed),
2006-03-09,BENGALURU,Palm Oil (Packed),
2006-03-09,T.PURAM,Palm Oil (Packed),
2006-03-09,CHENNAI,Palm Oil (Packed),
2006-03-09,HYDERABAD,Palm Oil (Packed),
2006-03-10,BENGALURU,Palm Oil (Packed),
2006-03-10,T.PURAM,Palm Oil (Packed),
2006-03-10,CHENNAI,Palm Oil (Packed),
2006-03-10,HYDERABAD,Palm Oil (Packed),
2006-03-13,BENGALURU,Palm Oil (Packed),
2006-03-13,T.PURAM,Palm Oil (Packed),
2006-03-13,CHENNAI,Palm Oil (Packed),
2006-03-13,HYDERABAD,Palm Oil (Packed),
2006-03-14,BENGALURU,Palm Oil (Packed),
2006-03-14,T.PURAM,Palm Oil (Packed),
2006-03-14,CHENNAI,Palm Oil (Packed),
2006-03-14,HYDERABAD,Palm Oil (Packed),
2006-03-16,BENGALURU,Palm Oil (Packed),
2006-03-16,T.PURAM,Palm Oil (Packed),
2006-03-16,CHENNAI,Palm Oil (Packed),
2006-03-16,HYDERABAD,Palm Oil (Packed),
2006-03-17,BENGALURU,Palm Oil (Packed),
2006-03-17,T.PURAM,Palm Oil (Packed),
2006-03-17,CHENNAI,Palm Oil (Packed),
2006-03-17,HYDERABAD,Palm Oil (Packed),
2006-03-20,BENGALURU,Palm Oil (Packed),
2006-03-20,T.PURAM,Palm Oil (Packed),
2006-03-20,CHENNAI,Palm Oil (Packed),
2006-03-20,HYDERABAD,Palm Oil (Packed),
2006-03-21,BENGALURU,Palm Oil (Packed),
2006-03-21,T.PURAM,Palm Oil (Packed),
2006-03-21,CHENNAI,Palm Oil (Packed),
2006-03-21,HYDERABAD,Palm Oil (Packed),
2006-03-22,BENGALURU,Palm Oil (Packed),
2006-03-22,T.PURAM,Palm Oil (Packed),
2006-03-22,CHENNAI,Palm Oil (Packed),
2006-03-22,HYDERABAD,Palm Oil (Packed),
2006-03-23,BENGALURU,Palm Oil (Packed),
2006-03-23,T.PURAM,Palm Oil (Packed),
2006-03-23,CHENNAI,Palm Oil (Packed),
2006-03-23,HYDERABAD,Palm Oil (Packed),
2006-03-24,BENGALURU,Palm Oil (Packed),
2006-03-24,T.PURAM,Palm Oil (Packed),
2006-03-24,CHENNAI,Palm Oil (Packed),
2006-03-24,HYDERABAD,Palm Oil (Packed),
2006-03-27,BENGALURU,Palm Oil (Packed),
2006-03-27,T.PURAM,Palm Oil (Packed),
2006-03-27,CHENNAI,Palm Oil (Packed),
2006-03-27,HYDERABAD,Palm Oil (Packed),
2006-03-28,BENGALURU,Palm Oil (Packed),
2006-03-28,T.PURAM,Palm Oil (Packed),
2006-03-28,CHENNAI,Palm Oil (Packed),
2006-03-28,HYDERABAD,Palm Oil (Packed),
2006-03-29,BENGALURU,Palm Oil (Packed),
2006-03-29,T.PURAM,Palm Oil (Packed),
2006-03-29,CHENNAI,Palm Oil (Packed),
2006-03-29,HYDERABAD,Palm Oil (Packed),
2006-03-30,BENGALURU,Palm Oil (Packed),
2006-03-30,T.PURAM,Palm Oil (Packed),
2006-03-30,CHENNAI,Palm Oil (Packed),
2006-03-30,HYDERABAD,Palm Oil (Packed),
2006-03-31,BENGALURU,Palm Oil (Packed),
2006-03-31,T.PURAM,Palm Oil (Packed),
2006-03-31,CHENNAI,Palm Oil (Packed),
2006-03-31,HYDERABAD,Palm Oil (Packed),
2006-04-03,BENGALURU,Palm Oil (Packed),
2006-04-03,T.PURAM,Palm Oil (Packed),
2006-04-03,CHENNAI,Palm Oil (Packed),
2006-04-03,HYDERABAD,Palm Oil (Packed),
2006-04-04,BENGALURU,Palm Oil (Packed),
2006-04-04,T.PURAM,Palm Oil (Packed),
2006-04-04,CHENNAI,Palm Oil (Packed),
2006-04-04,HYDERABAD,Palm Oil (Packed),
2006-04-05,BENGALURU,Palm Oil (Packed),
2006-04-05,T.PURAM,Palm Oil (Packed),
2006-04-05,CHENNAI,Palm Oil (Packed),
2006-04-05,HYDERABAD,Palm Oil (Packed),
2006-04-07,BENGALURU,Palm Oil (Packed),
2006-04-07,T.PURAM,Palm Oil (Packed),
2006-04-07,CHENNAI,Palm Oil (Packed),
2006-04-07,HYDERABAD,Palm Oil (Packed),
2006-04-10,BENGALURU,Palm Oil (Packed),
2006-04-10,T.PURAM,Palm Oil (Packed),
2006-04-10,CHENNAI,Palm Oil (Packed),
2006-04-10,HYDERABAD,Palm Oil (Packed),
2006-04-12,BENGALURU,Palm Oil (Packed),
2006-04-12,T.PURAM,Palm Oil (Packed),
2006-04-12,CHENNAI,Palm Oil (Packed),
2006-04-12,HYDERABAD,Palm Oil (Packed),
2006-04-13,BENGALURU,Palm Oil (Packed),
2006-04-13,T.PURAM,Palm Oil (Packed),
2006-04-13,CHENNAI,Palm Oil (Packed),
2006-04-13,HYDERABAD,Palm Oil (Packed),
2006-04-17,BENGALURU,Palm Oil (Packed),
2006-04-17,T.PURAM,Palm Oil (Packed),
2006-04-17,CHENNAI,Palm Oil (Packed),
2006-04-17,HYDERABAD,Palm Oil (Packed),
2006-04-18,BENGALURU,Palm Oil (Packed),
2006-04-18,T.PURAM,Palm Oil (Packed),
2006-04-18,CHENNAI,Palm Oil (Packed),
2006-04-18,HYDERABAD,Palm Oil (Packed),
2006-04-19,BENGALURU,Palm Oil (Packed),
2006-04-19,T.PURAM,Palm Oil (Packed),
2006-04-19,CHENNAI,Palm Oil (Packed),
2006-04-19,HYDERABAD,Palm Oil (Packed),
2006-04-20,BENGALURU,Palm Oil (Packed),
2006-04-20,T.PURAM,Palm Oil (Packed),
2006-04-20,CHENNAI,Palm Oil (Packed),
2006-04-20,HYDERABAD,Palm Oil (Packed),
2006-04-21,BENGALURU,Palm Oil (Packed),
2006-04-21,T.PURAM,Palm Oil (Packed),
2006-04-21,CHENNAI,Palm Oil (Packed),
2006-04-21,HYDERABAD,Palm Oil (Packed),
2006-04-24,BENGALURU,Palm Oil (Packed),
2006-04-24,T.PURAM,Palm Oil (Packed),
2006-04-24,CHENNAI,Palm Oil (Packed),
2006-04-24,HYDERABAD,Palm Oil (Packed),
2006-04-25,BENGALURU,Palm Oil (Packed),
2006-04-25,T.PURAM,Palm Oil (Packed),
2006-04-25,CHENNAI,Palm Oil (Packed),
2006-04-25,HYDERABAD,Palm Oil (Packed),
2006-04-26,BENGALURU,Palm Oil (Packed),
2006-04-26,T.PURAM,Palm Oil (Packed),
2006-04-26,CHENNAI,Palm Oil (Packed),
2006-04-26,HYDERABAD,Palm Oil (Packed),
2006-04-27,BENGALURU,Palm Oil (Packed),
2006-04-27,T.PURAM,Palm Oil (Packed),
2006-04-27,CHENNAI,Palm Oil (Packed),
2006-04-27,HYDERABAD,Palm Oil (Packed),
2006-04-28,BENGALURU,Palm Oil (Packed),
2006-04-28,T.PURAM,Palm Oil (Packed),
2006-04-28,CHENNAI,Palm Oil (Packed),
2006-04-28,HYDERABAD,Palm Oil (Packed),
2006-05-01,BENGALURU,Palm Oil (Packed),
2006-05-01,T.PURAM,Palm Oil (Packed),
2006-05-01,CHENNAI,Palm Oil (Packed),
2006-05-01,HYDERABAD,Palm Oil (Packed),
2006-05-02,BENGALURU,Palm Oil (Packed),
2006-05-02,T.PURAM,Palm Oil (Packed),
2006-05-02,CHENNAI,Palm Oil (Packed),
2006-05-02,HYDERABAD,Palm Oil (Packed),
2006-05-03,BENGALURU,Palm Oil (Packed),
2006-05-03,T.PURAM,Palm Oil (Packed),
2006-05-03,CHENNAI,Palm Oil (Packed),
2006-05-03,HYDERABAD,Palm Oil (Packed),
2006-05-04,BENGALURU,Palm Oil (Packed),
2006-05-04,T.PURAM,Palm Oil (Packed),
2006-05-04,CHENNAI,Palm Oil (Packed),
2006-05-04,HYDERABAD,Palm Oil (Packed),
2006-05-05,BENGALURU,Palm Oil (Packed),
2006-05-05,T.PURAM,Palm Oil (Packed),
2006-05-05,CHENNAI,Palm Oil (Packed),
2006-05-05,HYDERABAD,Palm Oil (Packed),
2006-05-08,BENGALURU,Palm Oil (Packed),
2006-05-08,T.PURAM,Palm Oil (Packed),
2006-05-08,CHENNAI,Palm Oil (Packed),
2006-05-08,HYDERABAD,Palm Oil (Packed),
2006-05-09,BENGALURU,Palm Oil (Packed),
2006-05-09,T.PURAM,Palm Oil (Packed),
2006-05-09,CHENNAI,Palm Oil (Packed),
2006-05-09,HYDERABAD,Palm Oil (Packed),
2006-05-10,BENGALURU,Palm Oil (Packed),
2006-05-10,T.PURAM,Palm Oil (Packed),
2006-05-10,CHENNAI,Palm Oil (Packed),
2006-05-10,HYDERABAD,Palm Oil (Packed),
2006-05-11,BENGALURU,Palm Oil (Packed),
2006-05-11,T.PURAM,Palm Oil (Packed),
2006-05-11,CHENNAI,Palm Oil (Packed),
2006-05-11,HYDERABAD,Palm Oil (Packed),
2006-05-12,BENGALURU,Palm Oil (Packed),
2006-05-12,T.PURAM,Palm Oil (Packed),
2006-05-12,CHENNAI,Palm Oil (Packed),
2006-05-12,HYDERABAD,Palm Oil (Packed),
2006-05-15,BENGALURU,Palm Oil (Packed),
2006-05-15,T.PURAM,Palm Oil (Packed),
2006-05-15,CHENNAI,Palm Oil (Packed),
2006-05-15,HYDERABAD,Palm Oil (Packed),
2006-05-16,BENGALURU,Palm Oil (Packed),
2006-05-16,T.PURAM,Palm Oil (Packed),
2006-05-16,CHENNAI,Palm Oil (Packed),
2006-05-16,HYDERABAD,Palm Oil (Packed),
2006-05-17,BENGALURU,Palm Oil (Packed),
2006-05-17,T.PURAM,Palm Oil (Packed),
2006-05-17,CHENNAI,Palm Oil (Packed),
2006-05-17,HYDERABAD,Palm Oil (Packed),
2006-05-18,BENGALURU,Palm Oil (Packed),
2006-05-18,T.PURAM,Palm Oil (Packed),
2006-05-18,CHENNAI,Palm Oil (Packed),
2006-05-18,HYDERABAD,Palm Oil (Packed),
2006-05-19,BENGALURU,Palm Oil (Packed),
2006-05-19,T.PURAM,Palm Oil (Packed),
2006-05-19,CHENNAI,Palm Oil (Packed),
2006-05-19,HYDERABAD,Palm Oil (Packed),
2006-05-22,BENGALURU,Palm Oil (Packed),
2006-05-22,T.PURAM,Palm Oil (Packed),
2006-05-22,CHENNAI,Palm Oil (Packed),
2006-05-22,HYDERABAD,Palm Oil (Packed),
2006-05-23,BENGALURU,Palm Oil (Packed),
2006-05-23,T.PURAM,Palm Oil (Packed),
2006-05-23,CHENNAI,Palm Oil (Packed),
2006-05-23,HYDERABAD,Palm Oil (Packed),
2006-05-24,BENGALURU,Palm Oil (Packed),
2006-05-24,T.PURAM,Palm Oil (Packed),
2006-05-24,CHENNAI,Palm Oil (Packed),
2006-05-24,HYDERABAD,Palm Oil (Packed),
2006-05-25,BENGALURU,Palm Oil (Packed),
2006-05-25,T.PURAM,Palm Oil (Packed),
2006-05-25,CHENNAI,Palm Oil (Packed),
2006-05-25,HYDERABAD,Palm Oil (Packed),
2006-05-26,BENGALURU,Palm Oil (Packed),
2006-05-26,T.PURAM,Palm Oil (Packed),
2006-05-26,CHENNAI,Palm Oil (Packed),
2006-05-26,HYDERABAD,Palm Oil (Packed),
2006-05-29,BENGALURU,Palm Oil (Packed),
2006-05-29,T.PURAM,Palm Oil (Packed),
2006-05-29,CHENNAI,Palm Oil (Packed),
2006-05-29,HYDERABAD,Palm Oil (Packed),
2006-05-30,BENGALURU,Palm Oil (Packed),
2006-05-30,T.PURAM,Palm Oil (Packed),
2006-05-30,CHENNAI,Palm Oil (Packed),
2006-05-30,HYDERABAD,Palm Oil (Packed),
2006-05-31,BENGALURU,Palm Oil (Packed),
2006-05-31,T.PURAM,Palm Oil (Packed),
2006-05-31,CHENNAI,Palm Oil (Packed),
2006-05-31,HYDERABAD,Palm Oil (Packed),
2006-06-01,BENGALURU,Palm Oil (Packed),
2006-06-01,T.PURAM,Palm Oil (Packed),
2006-06-01,CHENNAI,Palm Oil (Packed),
2006-06-01,HYDERABAD,Palm Oil (Packed),
2006-06-02,BENGALURU,Palm Oil (Packed),
2006-06-02,T.PURAM,Palm Oil (Packed),
2006-06-02,CHENNAI,Palm Oil (Packed),
2006-06-02,HYDERABAD,Palm Oil (Packed),
2006-06-05,BENGALURU,Palm Oil (Packed),
2006-06-05,T.PURAM,Palm Oil (Packed),
2006-06-05,CHENNAI,Palm Oil (Packed),
2006-06-05,HYDERABAD,Palm Oil (Packed),
2006-06-06,BENGALURU,Palm Oil (Packed),
2006-06-06,T.PURAM,Palm Oil (Packed),
2006-06-06,CHENNAI,Palm Oil (Packed),
2006-06-06,HYDERABAD,Palm Oil (Packed),
2006-06-07,BENGALURU,Palm Oil (Packed),
2006-06-07,T.PURAM,Palm Oil (Packed),
2006-06-07,CHENNAI,Palm Oil (Packed),
2006-06-07,HYDERABAD,Palm Oil (Packed),
2006-06-08,BENGALURU,Palm Oil (Packed),
2006-06-08,T.PURAM,Palm Oil (Packed),
2006-06-08,CHENNAI,Palm Oil (Packed),
2006-06-08,HYDERABAD,Palm Oil (Packed),
2006-06-09,BENGALURU,Palm Oil (Packed),
2006-06-09,T.PURAM,Palm Oil (Packed),
2006-06-09,CHENNAI,Palm Oil (Packed),
2006-06-09,HYDERABAD,Palm Oil (Packed),
2006-06-12,BENGALURU,Palm Oil (Packed),
2006-06-12,T.PURAM,Palm Oil (Packed),
2006-06-12,CHENNAI,Palm Oil (Packed),
2006-06-12,HYDERABAD,Palm Oil (Packed),
2006-06-13,BENGALURU,Palm Oil (Packed),
2006-06-13,T.PURAM,Palm Oil (Packed),
2006-06-13,CHENNAI,Palm Oil (Packed),
2006-06-13,HYDERABAD,Palm Oil (Packed),
2006-06-14,BENGALURU,Palm Oil (Packed),
2006-06-14,T.PURAM,Palm Oil (Packed),
2006-06-14,CHENNAI,Palm Oil (Packed),
2006-06-14,HYDERABAD,Palm Oil (Packed),
2006-06-15,BENGALURU,Palm Oil (Packed),
2006-06-15,T.PURAM,Palm Oil (Packed),
2006-06-15,CHENNAI,Palm Oil (Packed),
2006-06-15,HYDERABAD,Palm Oil (Packed),
2006-06-16,BENGALURU,Palm Oil (Packed),
2006-06-16,T.PURAM,Palm Oil (Packed),
2006-06-16,CHENNAI,Palm Oil (Packed),
2006-06-16,HYDERABAD,Palm Oil (Packed),
2006-06-19,BENGALURU,Palm Oil (Packed),
2006-06-19,T.PURAM,Palm Oil (Packed),
2006-06-19,CHENNAI,Palm Oil (Packed),
2006-06-19,HYDERABAD,Palm Oil (Packed),
2006-06-20,BENGALURU,Palm Oil (Packed),
2006-06-20,T.PURAM,Palm Oil (Packed),
2006-06-20,CHENNAI,Palm Oil (Packed),
2006-06-20,HYDERABAD,Palm Oil (Packed),
2006-06-21,BENGALURU,Palm Oil (Packed),
2006-06-21,T.PURAM,Palm Oil (Packed),
2006-06-21,CHENNAI,Palm Oil (Packed),
2006-06-21,HYDERABAD,Palm Oil (Packed),
2006-06-22,BENGALURU,Palm Oil (Packed),
2006-06-22,T.PURAM,Palm Oil (Packed),
2006-06-22,CHENNAI,Palm Oil (Packed),
2006-06-22,HYDERABAD,Palm Oil (Packed),
2006-06-23,BENGALURU,Palm Oil (Packed),
2006-06-23,T.PURAM,Palm Oil (Packed),
2006-06-23,CHENNAI,Palm Oil (Packed),
2006-06-23,HYDERABAD,Palm Oil (Packed),
2006-06-26,BENGALURU,Palm Oil (Packed),
2006-06-26,T.PURAM,Palm Oil (Packed),
2006-06-26,CHENNAI,Palm Oil (Packed),
2006-06-26,HYDERABAD,Palm Oil (Packed),
2006-06-27,BENGALURU,Palm Oil (Packed),
2006-06-27,T.PURAM,Palm Oil (Packed),
2006-06-27,CHENNAI,Palm Oil (Packed),
2006-06-27,HYDERABAD,Palm Oil (Packed),
2006-06-28,BENGALURU,Palm Oil (Packed),
2006-06-28,T.PURAM,Palm Oil (Packed),
2006-06-28,CHENNAI,Palm Oil (Packed),
2006-06-28,HYDERABAD,Palm Oil (Packed),
2006-06-29,BENGALURU,Palm Oil (Packed),
2006-06-29,T.PURAM,Palm Oil (Packed),
2006-06-29,CHENNAI,Palm Oil (Packed),
2006-06-29,HYDERABAD,Palm Oil (Packed),
2006-06-30,BENGALURU,Palm Oil (Packed),
2006-06-30,T.PURAM,Palm Oil (Packed),
2006-06-30,CHENNAI,Palm Oil (Packed),
2006-06-30,HYDERABAD,Palm Oil (Packed),
2006-07-03,BENGALURU,Palm Oil (Packed),
2006-07-03,T.PURAM,Palm Oil (Packed),
2006-07-03,CHENNAI,Palm Oil (Packed),
2006-07-03,HYDERABAD,Palm Oil (Packed),
2006-07-04,BENGALURU,Palm Oil (Packed),
2006-07-04,T.PURAM,Palm Oil (Packed),
2006-07-04,CHENNAI,Palm Oil (Packed),
2006-07-04,HYDERABAD,Palm Oil (Packed),
2006-07-05,BENGALURU,Palm Oil (Packed),
2006-07-05,T.PURAM,Palm Oil (Packed),
2006-07-05,CHENNAI,Palm Oil (Packed),
2006-07-05,HYDERABAD,Palm Oil (Packed),
2006-07-06,BENGALURU,Palm Oil (Packed),
2006-07-06,T.PURAM,Palm Oil (Packed),
2006-07-06,CHENNAI,Palm Oil (Packed),
2006-07-06,HYDERABAD,Palm Oil (Packed),
2006-07-07,BENGALURU,Palm Oil (Packed),
2006-07-07,T.PURAM,Palm Oil (Packed),
2006-07-07,CHENNAI,Palm Oil (Packed),
2006-07-07,HYDERABAD,Palm Oil (Packed),
2006-07-10,BENGALURU,Palm Oil (Packed),
2006-07-10,T.PURAM,Palm Oil (Packed),
2006-07-10,CHENNAI,Palm Oil (Packed),
2006-07-10,HYDERABAD,Palm Oil (Packed),
2006-07-11,BENGALURU,Palm Oil (Packed),
2006-07-11,T.PURAM,Palm Oil (Packed),
2006-07-11,CHENNAI,Palm Oil (Packed),
2006-07-11,HYDERABAD,Palm Oil (Packed),
2006-07-12,BENGALURU,Palm Oil (Packed),
2006-07-12,T.PURAM,Palm Oil (Packed),
2006-07-12,CHENNAI,Palm Oil (Packed),
2006-07-12,HYDERABAD,Palm Oil (Packed),
2006-07-13,BENGALURU,Palm Oil (Packed),
2006-07-13,T.PURAM,Palm Oil (Packed),
2006-07-13,CHENNAI,Palm Oil (Packed),
2006-07-13,HYDERABAD,Palm Oil (Packed),
2006-07-14,BENGALURU,Palm Oil (Packed),
2006-07-14,T.PURAM,Palm Oil (Packed),
2006-07-14,CHENNAI,Palm Oil (Packed),
2006-07-14,HYDERABAD,Palm Oil (Packed),
2006-07-17,BENGALURU,Palm Oil (Packed),
2006-07-17,T.PURAM,Palm Oil (Packed),
2006-07-17,CHENNAI,Palm Oil (Packed),
2006-07-17,HYDERABAD,Palm Oil (Packed),
2006-07-18,BENGALURU,Palm Oil (Packed),
2006-07-18,T.PURAM,Palm Oil (Packed),
2006-07-18,CHENNAI,Palm Oil (Packed),
2006-07-18,HYDERABAD,Palm Oil (Packed),
2006-07-19,BENGALURU,Palm Oil (Packed),
2006-07-19,T.PURAM,Palm Oil (Packed),
2006-07-19,CHENNAI,Palm Oil (Packed),
2006-07-19,HYDERABAD,Palm Oil (Packed),
2006-07-20,BENGALURU,Palm Oil (Packed),
2006-07-20,T.PURAM,Palm Oil (Packed),
2006-07-20,CHENNAI,Palm Oil (Packed),
2006-07-20,HYDERABAD,Palm Oil (Packed),
2006-07-21,BENGALURU,Palm Oil (Packed),
2006-07-21,T.PURAM,Palm Oil (Packed),
2006-07-21,CHENNAI,Palm Oil (Packed),
2006-07-21,HYDERABAD,Palm Oil (Packed),
2006-07-24,BENGALURU,Palm Oil (Packed),
2006-07-24,T.PURAM,Palm Oil (Packed),
2006-07-24,CHENNAI,Palm Oil (Packed),
2006-07-24,HYDERABAD,Palm Oil (Packed),
2006-07-25,BENGALURU,Palm Oil (Packed),
2006-07-25,T.PURAM,Palm Oil (Packed),
2006-07-25,CHENNAI,Palm Oil (Packed),
2006-07-25,HYDERABAD,Palm Oil (Packed),
2006-07-26,BENGALURU,Palm Oil (Packed),
2006-07-26,T.PURAM,Palm Oil (Packed),
2006-07-26,CHENNAI,Palm Oil (Packed),
2006-07-26,HYDERABAD,Palm Oil (Packed),
2006-07-27,BENGALURU,Palm Oil (Packed),
2006-07-27,T.PURAM,Palm Oil (Packed),
2006-07-27,CHENNAI,Palm Oil (Packed),
2006-07-27,HYDERABAD,Palm Oil (Packed),
2006-07-28,BENGALURU,Palm Oil (Packed),
2006-07-28,T.PURAM,Palm Oil (Packed),
2006-07-28,CHENNAI,Palm Oil (Packed),
2006-07-28,HYDERABAD,Palm Oil (Packed),
2006-07-31,BENGALURU,Palm Oil (Packed),
2006-07-31,T.PURAM,Palm Oil (Packed),
2006-07-31,CHENNAI,Palm Oil (Packed),
2006-07-31,HYDERABAD,Palm Oil (Packed),
2006-08-01,BENGALURU,Palm Oil (Packed),
2006-08-01,T.PURAM,Palm Oil (Packed),
2006-08-01,CHENNAI,Palm Oil (Packed),
2006-08-01,HYDERABAD,Palm Oil (Packed),
2006-08-02,BENGALURU,Palm Oil (Packed),
2006-08-02,T.PURAM,Palm Oil (Packed),
2006-08-02,CHENNAI,Palm Oil (Packed),
2006-08-02,HYDERABAD,Palm Oil (Packed),
2006-08-03,BENGALURU,Palm Oil (Packed),
2006-08-03,T.PURAM,Palm Oil (Packed),
2006-08-03,CHENNAI,Palm Oil (Packed),
2006-08-03,HYDERABAD,Palm Oil (Packed),
2006-08-04,BENGALURU,Palm Oil (Packed),
2006-08-04,T.PURAM,Palm Oil (Packed),
2006-08-04,CHENNAI,Palm Oil (Packed),
2006-08-04,HYDERABAD,Palm Oil (Packed),
2006-08-07,BENGALURU,Palm Oil (Packed),
2006-08-07,T.PURAM,Palm Oil (Packed),
2006-08-07,CHENNAI,Palm Oil (Packed),
2006-08-07,HYDERABAD,Palm Oil (Packed),
2006-08-08,BENGALURU,Palm Oil (Packed),
2006-08-08,T.PURAM,Palm Oil (Packed),
2006-08-08,CHENNAI,Palm Oil (Packed),
2006-08-08,HYDERABAD,Palm Oil (Packed),
2006-08-09,BENGALURU,Palm Oil (Packed),
2006-08-09,T.PURAM,Palm Oil (Packed),
2006-08-09,CHENNAI,Palm Oil (Packed),
2006-08-09,HYDERABAD,Palm Oil (Packed),
2006-08-10,BENGALURU,Palm Oil (Packed),
2006-08-10,T.PURAM,Palm Oil (Packed),
2006-08-10,CHENNAI,Palm Oil (Packed),
2006-08-10,HYDERABAD,Palm Oil (Packed),
2006-08-11,BENGALURU,Palm Oil (Packed),
2006-08-11,T.PURAM,Palm Oil (Packed),
2006-08-11,CHENNAI,Palm Oil (Packed),
2006-08-11,HYDERABAD,Palm Oil (Packed),
2006-08-14,BENGALURU,Palm Oil (Packed),
2006-08-14,T.PURAM,Palm Oil (Packed),
2006-08-14,CHENNAI,Palm Oil (Packed),
2006-08-14,HYDERABAD,Palm Oil (Packed),
2006-08-17,BENGALURU,Palm Oil (Packed),
2006-08-17,T.PURAM,Palm Oil (Packed),
2006-08-17,CHENNAI,Palm Oil (Packed),
2006-08-17,HYDERABAD,Palm Oil (Packed),
2006-08-18,BENGALURU,Palm Oil (Packed),
2006-08-18,T.PURAM,Palm Oil (Packed),
2006-08-18,CHENNAI,Palm Oil (Packed),
2006-08-18,HYDERABAD,Palm Oil (Packed),
2006-08-21,BENGALURU,Palm Oil (Packed),
2006-08-21,T.PURAM,Palm Oil (Packed),
2006-08-21,CHENNAI,Palm Oil (Packed),
2006-08-21,HYDERABAD,Palm Oil (Packed),
2006-08-22,BENGALURU,Palm Oil (Packed),
2006-08-22,T.PURAM,Palm Oil (Packed),
2006-08-22,CHENNAI,Palm Oil (Packed),
2006-08-22,HYDERABAD,Palm Oil (Packed),
2006-08-23,BENGALURU,Palm Oil (Packed),
2006-08-23,T.PURAM,Palm Oil (Packed),
2006-08-23,CHENNAI,Palm Oil (Packed),
2006-08-23,HYDERABAD,Palm Oil (Packed),
2006-08-24,BENGALURU,Palm Oil (Packed),
2006-08-24,T.PURAM,Palm Oil (Packed),
2006-08-24,CHENNAI,Palm Oil (Packed),
2006-08-24,HYDERABAD,Palm Oil (Packed),
2006-08-25,BENGALURU,Palm Oil (Packed),
2006-08-25,T.PURAM,Palm Oil (Packed),
2006-08-25,CHENNAI,Palm Oil (Packed),
2006-08-25,HYDERABAD,Palm Oil (Packed),
2006-08-28,BENGALURU,Palm Oil (Packed),
2006-08-28,T.PURAM,Palm Oil (Packed),
2006-08-28,CHENNAI,Palm Oil (Packed),
2006-08-28,HYDERABAD,Palm Oil (Packed),
2006-08-29,BENGALURU,Palm Oil (Packed),
2006-08-29,T.PURAM,Palm Oil (Packed),
2006-08-29,CHENNAI,Palm Oil (Packed),
2006-08-29,HYDERABAD,Palm Oil (Packed),
2006-08-30,BENGALURU,Palm Oil (Packed),
2006-08-30,T.PURAM,Palm Oil (Packed),
2006-08-30,CHENNAI,Palm Oil (Packed),
2006-08-30,HYDERABAD,Palm Oil (Packed),
2006-08-31,BENGALURU,Palm Oil (Packed),
2006-08-31,T.PURAM,Palm Oil (Packed),
2006-08-31,CHENNAI,Palm Oil (Packed),
2006-08-31,HYDERABAD,Palm Oil (Packed),
2006-09-01,BENGALURU,Palm Oil (Packed),
2006-09-01,T.PURAM,Palm Oil (Packed),
2006-09-01,CHENNAI,Palm Oil (Packed),
2006-09-01,HYDERABAD,Palm Oil (Packed),
2006-09-04,BENGALURU,Palm Oil (Packed),
2006-09-04,T.PURAM,Palm Oil (Packed),
2006-09-04,CHENNAI,Palm Oil (Packed),
2006-09-04,HYDERABAD,Palm Oil (Packed),
2006-09-05,BENGALURU,Palm Oil (Packed),
2006-09-05,T.PURAM,Palm Oil (Packed),
2006-09-05,CHENNAI,Palm Oil (Packed),
2006-09-05,HYDERABAD,Palm Oil (Packed),
2006-09-06,BENGALURU,Palm Oil (Packed),
2006-09-06,T.PURAM,Palm Oil (Packed),
2006-09-06,CHENNAI,Palm Oil (Packed),
2006-09-06,HYDERABAD,Palm Oil (Packed),
2006-09-07,BENGALURU,Palm Oil (Packed),
2006-09-07,T.PURAM,Palm Oil (Packed),
2006-09-07,CHENNAI,Palm Oil (Packed),
2006-09-07,HYDERABAD,Palm Oil (Packed),
2006-09-08,BENGALURU,Palm Oil (Packed),
2006-09-08,T.PURAM,Palm Oil (Packed),
2006-09-08,CHENNAI,Palm Oil (Packed),
2006-09-08,HYDERABAD,Palm Oil (Packed),
2006-09-11,BENGALURU,Palm Oil (Packed),
2006-09-11,T.PURAM,Palm Oil (Packed),
2006-09-11,CHENNAI,Palm Oil (Packed),
2006-09-11,HYDERABAD,Palm Oil (Packed),
2006-09-12,BENGALURU,Palm Oil (Packed),
2006-09-12,T.PURAM,Palm Oil (Packed),
2006-09-12,CHENNAI,Palm Oil (Packed),
2006-09-12,HYDERABAD,Palm Oil (Packed),
2006-09-13,BENGALURU,Palm Oil (Packed),
2006-09-13,T.PURAM,Palm Oil (Packed),
2006-09-13,CHENNAI,Palm Oil (Packed),
2006-09-13,HYDERABAD,Palm Oil (Packed),
2006-09-14,BENGALURU,Palm Oil (Packed),
2006-09-14,T.PURAM,Palm Oil (Packed),
2006-09-14,CHENNAI,Palm Oil (Packed),
2006-09-14,HYDERABAD,Palm Oil (Packed),
2006-09-15,BENGALURU,Palm Oil (Packed),
2006-09-15,T.PURAM,Palm Oil (Packed),
2006-09-15,CHENNAI,Palm Oil (Packed),
2006-09-15,HYDERABAD,Palm Oil (Packed),
2006-09-18,BENGALURU,Palm Oil (Packed),
2006-09-18,T.PURAM,Palm Oil (Packed),
2006-09-18,CHENNAI,Palm Oil (Packed),
2006-09-18,HYDERABAD,Palm Oil (Packed),
2006-09-19,BENGALURU,Palm Oil (Packed),
2006-09-19,T.PURAM,Palm Oil (Packed),
2006-09-19,CHENNAI,Palm Oil (Packed),
2006-09-19,HYDERABAD,Palm Oil (Packed),
2006-09-20,BENGALURU,Palm Oil (Packed),
2006-09-20,T.PURAM,Palm Oil (Packed),
2006-09-20,CHENNAI,Palm Oil (Packed),
2006-09-20,HYDERABAD,Palm Oil (Packed),
2006-09-21,BENGALURU,Palm Oil (Packed),
2006-09-21,T.PURAM,Palm Oil (Packed),
2006-09-21,CHENNAI,Palm Oil (Packed),
2006-09-21,HYDERABAD,Palm Oil (Packed),
2006-09-22,BENGALURU,Palm Oil (Packed),
2006-09-22,T.PURAM,Palm Oil (Packed),
2006-09-22,CHENNAI,Palm Oil (Packed),
2006-09-22,HYDERABAD,Palm Oil (Packed),
2006-09-25,BENGALURU,Palm Oil (Packed),
2006-09-25,T.PURAM,Palm Oil (Packed),
2006-09-25,CHENNAI,Palm Oil (Packed),
2006-09-25,HYDERABAD,Palm Oil (Packed),
2006-09-26,BENGALURU,Palm Oil (Packed),
2006-09-26,T.PURAM,Palm Oil (Packed),
2006-09-26,CHENNAI,Palm Oil (Packed),
2006-09-26,HYDERABAD,Palm Oil (Packed),
2006-09-27,BENGALURU,Palm Oil (Packed),
2006-09-27,T.PURAM,Palm Oil (Packed),
2006-09-27,CHENNAI,Palm Oil (Packed),
2006-09-27,HYDERABAD,Palm Oil (Packed),
2006-09-28,BENGALURU,Palm Oil (Packed),
2006-09-28,T.PURAM,Palm Oil (Packed),
2006-09-28,CHENNAI,Palm Oil (Packed),
2006-09-28,HYDERABAD,Palm Oil (Packed),
2006-09-29,BENGALURU,Palm Oil (Packed),
2006-09-29,T.PURAM,Palm Oil (Packed),
2006-09-29,CHENNAI,Palm Oil (Packed),
2006-09-29,HYDERABAD,Palm Oil (Packed),
2006-10-03,BENGALURU,Palm Oil (Packed),
2006-10-03,T.PURAM,Palm Oil (Packed),
2006-10-03,CHENNAI,Palm Oil (Packed),
2006-10-03,HYDERABAD,Palm Oil (Packed),
2006-10-04,BENGALURU,Palm Oil (Packed),
2006-10-04,T.PURAM,Palm Oil (Packed),
2006-10-04,CHENNAI,Palm Oil (Packed),
2006-10-04,HYDERABAD,Palm Oil (Packed),
2006-10-05,BENGALURU,Palm Oil (Packed),
2006-10-05,T.PURAM,Palm Oil (Packed),
2006-10-05,CHENNAI,Palm Oil (Packed),
2006-10-05,HYDERABAD,Palm Oil (Packed),
2006-10-06,BENGALURU,Palm Oil (Packed),
2006-10-06,T.PURAM,Palm Oil (Packed),
2006-10-06,CHENNAI,Palm Oil (Packed),
2006-10-06,HYDERABAD,Palm Oil (Packed),
2006-10-09,BENGALURU,Palm Oil (Packed),
2006-10-09,T.PURAM,Palm Oil (Packed),
2006-10-09,CHENNAI,Palm Oil (Packed),
2006-10-09,HYDERABAD,Palm Oil (Packed),
2006-10-10,BENGALURU,Palm Oil (Packed),
2006-10-10,T.PURAM,Palm Oil (Packed),
2006-10-10,CHENNAI,Palm Oil (Packed),
2006-10-10,HYDERABAD,Palm Oil (Packed),
2006-10-11,BENGALURU,Palm Oil (Packed),
2006-10-11,T.PURAM,Palm Oil (Packed),
2006-10-11,CHENNAI,Palm Oil (Packed),
2006-10-11,HYDERABAD,Palm Oil (Packed),
2006-10-12,BENGALURU,Palm Oil (Packed),
2006-10-12,T.PURAM,Palm Oil (Packed),
2006-10-12,CHENNAI,Palm Oil (Packed),
2006-10-12,HYDERABAD,Palm Oil (Packed),
2006-10-13,BENGALURU,Palm Oil (Packed),
2006-10-13,T.PURAM,Palm Oil (Packed),
2006-10-13,CHENNAI,Palm Oil (Packed),
2006-10-13,HYDERABAD,Palm Oil (Packed),
2006-10-16,BENGALURU,Palm Oil (Packed),
2006-10-16,T.PURAM,Palm Oil (Packed),
2006-10-16,CHENNAI,Palm Oil (Packed),
2006-10-16,HYDERABAD,Palm Oil (Packed),
2006-10-17,BENGALURU,Palm Oil (Packed),
2006-10-17,T.PURAM,Palm Oil (Packed),
2006-10-17,CHENNAI,Palm Oil (Packed),
2006-10-17,HYDERABAD,Palm Oil (Packed),
2006-10-18,BENGALURU,Palm Oil (Packed),
2006-10-18,T.PURAM,Palm Oil (Packed),
2006-10-18,CHENNAI,Palm Oil (Packed),
2006-10-18,HYDERABAD,Palm Oil (Packed),
2006-10-19,BENGALURU,Palm Oil (Packed),
2006-10-19,T.PURAM,Palm Oil (Packed),
2006-10-19,CHENNAI,Palm Oil (Packed),
2006-10-19,HYDERABAD,Palm Oil (Packed),
2006-10-20,BENGALURU,Palm Oil (Packed),
2006-10-20,T.PURAM,Palm Oil (Packed),
2006-10-20,CHENNAI,Palm Oil (Packed),
2006-10-20,HYDERABAD,Palm Oil (Packed),
2006-10-23,BENGALURU,Palm Oil (Packed),
2006-10-23,T.PURAM,Palm Oil (Packed),
2006-10-23,CHENNAI,Palm Oil (Packed),
2006-10-23,HYDERABAD,Palm Oil (Packed),
2006-10-25,BENGALURU,Palm Oil (Packed),
2006-10-25,T.PURAM,Palm Oil (Packed),
2006-10-25,CHENNAI,Palm Oil (Packed),
2006-10-25,HYDERABAD,Palm Oil (Packed),
2006-10-26,BENGALURU,Palm Oil (Packed),
2006-10-26,T.PURAM,Palm Oil (Packed),
2006-10-26,CHENNAI,Palm Oil (Packed),
2006-10-26,HYDERABAD,Palm Oil (Packed),
2006-10-27,BENGALURU,Palm Oil (Packed),
2006-10-27,T.PURAM,Palm Oil (Packed),
2006-10-27,CHENNAI,Palm Oil (Packed),
2006-10-27,HYDERABAD,Palm Oil (Packed),
2006-10-30,BENGALURU,Palm Oil (Packed),
2006-10-30,T.PURAM,Palm Oil (Packed),
2006-10-30,CHENNAI,Palm Oil (Packed),
2006-10-30,HYDERABAD,Palm Oil (Packed),
2006-10-31,BENGALURU,Palm Oil (Packed),
2006-10-31,T.PURAM,Palm Oil (Packed),
2006-10-31,CHENNAI,Palm Oil (Packed),
2006-10-31,HYDERABAD,Palm Oil (Packed),
2006-11-01,BENGALURU,Palm Oil (Packed),
2006-11-01,T.PURAM,Palm Oil (Packed),
2006-11-01,CHENNAI,Palm Oil (Packed),
2006-11-01,HYDERABAD,Palm Oil (Packed),
2006-11-02,BENGALURU,Palm Oil (Packed),
2006-11-02,T.PURAM,Palm Oil (Packed),
2006-11-02,CHENNAI,Palm Oil (Packed),
2006-11-02,HYDERABAD,Palm Oil (Packed),
2006-11-03,BENGALURU,Palm Oil (Packed),
2006-11-03,T.PURAM,Palm Oil (Packed),
2006-11-03,CHENNAI,Palm Oil (Packed),
2006-11-03,HYDERABAD,Palm Oil (Packed),
2006-11-06,BENGALURU,Palm Oil (Packed),
2006-11-06,T.PURAM,Palm Oil (Packed),
2006-11-06,CHENNAI,Palm Oil (Packed),
2006-11-06,HYDERABAD,Palm Oil (Packed),
2006-11-07,BENGALURU,Palm Oil (Packed),
2006-11-07,T.PURAM,Palm Oil (Packed),
2006-11-07,CHENNAI,Palm Oil (Packed),
2006-11-07,HYDERABAD,Palm Oil (Packed),
2006-11-08,BENGALURU,Palm Oil (Packed),
2006-11-08,T.PURAM,Palm Oil (Packed),
2006-11-08,CHENNAI,Palm Oil (Packed),
2006-11-08,HYDERABAD,Palm Oil (Packed),
2006-11-09,BENGALURU,Palm Oil (Packed),
2006-11-09,T.PURAM,Palm Oil (Packed),
2006-11-09,CHENNAI,Palm Oil (Packed),
2006-11-09,HYDERABAD,Palm Oil (Packed),
2006-11-10,BENGALURU,Palm Oil (Packed),
2006-11-10,T.PURAM,Palm Oil (Packed),
2006-11-10,CHENNAI,Palm Oil (Packed),
2006-11-10,HYDERABAD,Palm Oil (Packed),
2006-11-13,BENGALURU,Palm Oil (Packed),
2006-11-13,T.PURAM,Palm Oil (Packed),
2006-11-13,CHENNAI,Palm Oil (Packed),
2006-11-13,HYDERABAD,Palm Oil (Packed),
2006-11-14,BENGALURU,Palm Oil (Packed),
2006-11-14,T.PURAM,Palm Oil (Packed),
2006-11-14,CHENNAI,Palm Oil (Packed),
2006-11-14,HYDERABAD,Palm Oil (Packed),
2006-11-15,BENGALURU,Palm Oil (Packed),
2006-11-15,T.PURAM,Palm Oil (Packed),
2006-11-15,CHENNAI,Palm Oil (Packed),
2006-11-15,HYDERABAD,Palm Oil (Packed),
2006-11-16,BENGALURU,Palm Oil (Packed),
2006-11-16,T.PURAM,Palm Oil (Packed),
2006-11-16,CHENNAI,Palm Oil (Packed),
2006-11-16,HYDERABAD,Palm Oil (Packed),
2006-11-17,BENGALURU,Palm Oil (Packed),
2006-11-17,T.PURAM,Palm Oil (Packed),
2006-11-17,CHENNAI,Palm Oil (Packed),
2006-11-17,HYDERABAD,Palm Oil (Packed),
2006-11-20,BENGALURU,Palm Oil (Packed),
2006-11-20,T.PURAM,Palm Oil (Packed),
2006-11-20,CHENNAI,Palm Oil (Packed),
2006-11-20,HYDERABAD,Palm Oil (Packed),
2006-11-21,BENGALURU,Palm Oil (Packed),
2006-11-21,T.PURAM,Palm Oil (Packed),
2006-11-21,CHENNAI,Palm Oil (Packed),
2006-11-21,HYDERABAD,Palm Oil (Packed),
2006-11-22,BENGALURU,Palm Oil (Packed),
2006-11-22,T.PURAM,Palm Oil (Packed),
2006-11-22,CHENNAI,Palm Oil (Packed),
2006-11-22,HYDERABAD,Palm Oil (Packed),
2006-11-23,BENGALURU,Palm Oil (Packed),
2006-11-23,T.PURAM,Palm Oil (Packed),
2006-11-23,CHENNAI,Palm Oil (Packed),
2006-11-23,HYDERABAD,Palm Oil (Packed),
2006-11-24,BENGALURU,Palm Oil (Packed),
2006-11-24,T.PURAM,Palm Oil (Packed),
2006-11-24,CHENNAI,Palm Oil (Packed),
2006-11-24,HYDERABAD,Palm Oil (Packed),
2006-11-27,BENGALURU,Palm Oil (Packed),
2006-11-27,T.PURAM,Palm Oil (Packed),
2006-11-27,CHENNAI,Palm Oil (Packed),
2006-11-27,HYDERABAD,Palm Oil (Packed),
2006-11-28,BENGALURU,Palm Oil (Packed),
2006-11-28,T.PURAM,Palm Oil (Packed),
2006-11-28,CHENNAI,Palm Oil (Packed),
2006-11-28,HYDERABAD,Palm Oil (Packed),
2006-11-29,BENGALURU,Palm Oil (Packed),
2006-11-29,T.PURAM,Palm Oil (Packed),
2006-11-29,CHENNAI,Palm Oil (Packed),
2006-11-29,HYDERABAD,Palm Oil (Packed),
2006-11-30,BENGALURU,Palm Oil (Packed),
2006-11-30,T.PURAM,Palm Oil (Packed),
2006-11-30,CHENNAI,Palm Oil (Packed),
2006-11-30,HYDERABAD,Palm Oil (Packed),
2006-12-01,BENGALURU,Palm Oil (Packed),
2006-12-01,T.PURAM,Palm Oil (Packed),
2006-12-01,CHENNAI,Palm Oil (Packed),
2006-12-01,HYDERABAD,Palm Oil (Packed),
2006-12-04,BENGALURU,Palm Oil (Packed),
2006-12-04,T.PURAM,Palm Oil (Packed),
2006-12-04,CHENNAI,Palm Oil (Packed),
2006-12-04,HYDERABAD,Palm Oil (Packed),
2006-12-05,BENGALURU,Palm Oil (Packed),
2006-12-05,T.PURAM,Palm Oil (Packed),
2006-12-05,CHENNAI,Palm Oil (Packed),
2006-12-05,HYDERABAD,Palm Oil (Packed),
2006-12-06,BENGALURU,Palm Oil (Packed),
2006-12-06,T.PURAM,Palm Oil (Packed),
2006-12-06,CHENNAI,Palm Oil (Packed),
2006-12-06,HYDERABAD,Palm Oil (Packed),
2006-12-07,BENGALURU,Palm Oil (Packed),
2006-12-07,T.PURAM,Palm Oil (Packed),
2006-12-07,CHENNAI,Palm Oil (Packed),
2006-12-07,HYDERABAD,Palm Oil (Packed),
2006-12-08,BENGALURU,Palm Oil (Packed),
2006-12-08,T.PURAM,Palm Oil (Packed),
2006-12-08,CHENNAI,Palm Oil (Packed),
2006-12-08,HYDERABAD,Palm Oil (Packed),
2006-12-11,BENGALURU,Palm Oil (Packed),
2006-12-11,T.PURAM,Palm Oil (Packed),
2006-12-11,CHENNAI,Palm Oil (Packed),
2006-12-11,HYDERABAD,Palm Oil (Packed),
2006-12-12,BENGALURU,Palm Oil (Packed),
2006-12-12,T.PURAM,Palm Oil (Packed),
2006-12-12,CHENNAI,Palm Oil (Packed),
2006-12-12,HYDERABAD,Palm Oil (Packed),
2006-12-13,BENGALURU,Palm Oil (Packed),
2006-12-13,T.PURAM,Palm Oil (Packed),
2006-12-13,CHENNAI,Palm Oil (Packed),
2006-12-13,HYDERABAD,Palm Oil (Packed),
2006-12-14,BENGALURU,Palm Oil (Packed),
2006-12-14,T.PURAM,Palm Oil (Packed),
2006-12-14,CHENNAI,Palm Oil (Packed),
2006-12-14,HYDERABAD,Palm Oil (Packed),
2006-12-15,BENGALURU,Palm Oil (Packed),
2006-12-15,T.PURAM,Palm Oil (Packed),
2006-12-15,CHENNAI,Palm Oil (Packed),
2006-12-15,HYDERABAD,Palm Oil (Packed),
2006-12-18,BENGALURU,Palm Oil (Packed),
2006-12-18,T.PURAM,Palm Oil (Packed),
2006-12-18,CHENNAI,Palm Oil (Packed),
2006-12-18,HYDERABAD,Palm Oil (Packed),
2006-12-19,BENGALURU,Palm Oil (Packed),
2006-12-19,T.PURAM,Palm Oil (Packed),
2006-12-19,CHENNAI,Palm Oil (Packed),
2006-12-19,HYDERABAD,Palm Oil (Packed),
2006-12-20,BENGALURU,Palm Oil (Packed),
2006-12-20,T.PURAM,Palm Oil (Packed),
2006-12-20,CHENNAI,Palm Oil (Packed),
2006-12-20,HYDERABAD,Palm Oil (Packed),
2006-12-21,BENGALURU,Palm Oil (Packed),
2006-12-21,T.PURAM,Palm Oil (Packed),
2006-12-21,CHENNAI,Palm Oil (Packed),
2006-12-21,HYDERABAD,Palm Oil (Packed),
2006-12-22,BENGALURU,Palm Oil (Packed),
2006-12-22,T.PURAM,Palm Oil (Packed),
2006-12-22,CHENNAI,Palm Oil (Packed),
2006-12-22,HYDERABAD,Palm Oil (Packed),
2006-12-26,BENGALURU,Palm Oil (Packed),
2006-12-26,T.PURAM,Palm Oil (Packed),
2006-12-26,CHENNAI,Palm Oil (Packed),
2006-12-26,HYDERABAD,Palm Oil (Packed),
2006-12-27,BENGALURU,Palm Oil (Packed),
2006-12-27,T.PURAM,Palm Oil (Packed),
2006-12-27,CHENNAI,Palm Oil (Packed),
2006-12-27,HYDERABAD,Palm Oil (Packed),
2006-12-28,BENGALURU,Palm Oil (Packed),
2006-12-28,T.PURAM,Palm Oil (Packed),
2006-12-28,CHENNAI,Palm Oil (Packed),
2006-12-28,HYDERABAD,Palm Oil (Packed),
2006-12-29,BENGALURU,Palm Oil (Packed),
2006-12-29,T.PURAM,Palm Oil (Packed),
2006-12-29,CHENNAI,Palm Oil (Packed),
2006-12-29,HYDERABAD,Palm Oil (Packed),
2007-01-02,BENGALURU,Palm Oil (Packed),
2007-01-02,T.PURAM,Palm Oil (Packed),
2007-01-02,CHENNAI,Palm Oil (Packed),
2007-01-02,HYDERABAD,Palm Oil (Packed),
2007-01-03,BENGALURU,Palm Oil (Packed),
2007-01-03,T.PURAM,Palm Oil (Packed),
2007-01-03,CHENNAI,Palm Oil (Packed),
2007-01-03,HYDERABAD,Palm Oil (Packed),
2007-01-04,BENGALURU,Palm Oil (Packed),
2007-01-04,T.PURAM,Palm Oil (Packed),
2007-01-04,CHENNAI,Palm Oil (Packed),
2007-01-04,HYDERABAD,Palm Oil (Packed),
2007-01-05,BENGALURU,Palm Oil (Packed),
2007-01-05,T.PURAM,Palm Oil (Packed),
2007-01-05,CHENNAI,Palm Oil (Packed),
2007-01-05,HYDERABAD,Palm Oil (Packed),
2007-01-08,BENGALURU,Palm Oil (Packed),
2007-01-08,T.PURAM,Palm Oil (Packed),
2007-01-08,CHENNAI,Palm Oil (Packed),
2007-01-08,HYDERABAD,Palm Oil (Packed),
2007-01-09,BENGALURU,Palm Oil (Packed),
2007-01-09,T.PURAM,Palm Oil (Packed),
2007-01-09,CHENNAI,Palm Oil (Packed),
2007-01-09,HYDERABAD,Palm Oil (Packed),
2007-01-10,BENGALURU,Palm Oil (Packed),
2007-01-10,T.PURAM,Palm Oil (Packed),
2007-01-10,CHENNAI,Palm Oil (Packed),
2007-01-10,HYDERABAD,Palm Oil (Packed),
2007-01-11,BENGALURU,Palm Oil (Packed),
2007-01-11,T.PURAM,Palm Oil (Packed),
2007-01-11,CHENNAI,Palm Oil (Packed),
2007-01-11,HYDERABAD,Palm Oil (Packed),
2007-01-12,BENGALURU,Palm Oil (Packed),
2007-01-12,T.PURAM,Palm Oil (Packed),
2007-01-12,CHENNAI,Palm Oil (Packed),
2007-01-12,HYDERABAD,Palm Oil (Packed),
2007-01-15,BENGALURU,Palm Oil (Packed),
2007-01-15,T.PURAM,Palm Oil (Packed),
2007-01-15,CHENNAI,Palm Oil (Packed),
2007-01-15,HYDERABAD,Palm Oil (Packed),
2007-01-16,BENGALURU,Palm Oil (Packed),
2007-01-16,T.PURAM,Palm Oil (Packed),
2007-01-16,CHENNAI,Palm Oil (Packed),
2007-01-16,HYDERABAD,Palm Oil (Packed),
2007-01-17,BENGALURU,Palm Oil (Packed),
2007-01-17,T.PURAM,Palm Oil (Packed),
2007-01-17,CHENNAI,Palm Oil (Packed),
2007-01-17,HYDERABAD,Palm Oil (Packed),
2007-01-18,BENGALURU,Palm Oil (Packed),
2007-01-18,T.PURAM,Palm Oil (Packed),
2007-01-18,CHENNAI,Palm Oil (Packed),
2007-01-18,HYDERABAD,Palm Oil (Packed),
2007-01-19,BENGALURU,Palm Oil (Packed),
2007-01-19,T.PURAM,Palm Oil (Packed),
2007-01-19,CHENNAI,Palm Oil (Packed),
2007-01-19,HYDERABAD,Palm Oil (Packed),
2007-01-22,BENGALURU,Palm Oil (Packed),
2007-01-22,T.PURAM,Palm Oil (Packed),
2007-01-22,CHENNAI,Palm Oil (Packed),
2007-01-22,HYDERABAD,Palm Oil (Packed),
2007-01-23,BENGALURU,Palm Oil (Packed),
2007-01-23,T.PURAM,Palm Oil (Packed),
2007-01-23,CHENNAI,Palm Oil (Packed),
2007-01-23,HYDERABAD,Palm Oil (Packed),
2007-01-24,BENGALURU,Palm Oil (Packed),
2007-01-24,T.PURAM,Palm Oil (Packed),
2007-01-24,CHENNAI,Palm Oil (Packed),
2007-01-24,HYDERABAD,Palm Oil (Packed),
2007-01-25,BENGALURU,Palm Oil (Packed),
2007-01-25,T.PURAM,Palm Oil (Packed),
2007-01-25,CHENNAI,Palm Oil (Packed),
2007-01-25,HYDERABAD,Palm Oil (Packed),
2007-01-29,BENGALURU,Palm Oil (Packed),
2007-01-29,T.PURAM,Palm Oil (Packed),
2007-01-29,CHENNAI,Palm Oil (Packed),
2007-01-29,HYDERABAD,Palm Oil (Packed),
2007-01-31,BENGALURU,Palm Oil (Packed),
2007-01-31,T.PURAM,Palm Oil (Packed),
2007-01-31,CHENNAI,Palm Oil (Packed),
2007-01-31,HYDERABAD,Palm Oil (Packed),
2007-02-01,BENGALURU,Palm Oil (Packed),
2007-02-01,T.PURAM,Palm Oil (Packed),
2007-02-01,CHENNAI,Palm Oil (Packed),
2007-02-01,HYDERABAD,Palm Oil (Packed),
2007-02-02,BENGALURU,Palm Oil (Packed),
2007-02-02,T.PURAM,Palm Oil (Packed),
2007-02-02,CHENNAI,Palm Oil (Packed),
2007-02-02,HYDERABAD,Palm Oil (Packed),
2007-02-05,BENGALURU,Palm Oil (Packed),
2007-02-05,T.PURAM,Palm Oil (Packed),
2007-02-05,CHENNAI,Palm Oil (Packed),
2007-02-05,HYDERABAD,Palm Oil (Packed),
2007-02-06,BENGALURU,Palm Oil (Packed),
2007-02-06,T.PURAM,Palm Oil (Packed),
2007-02-06,CHENNAI,Palm Oil (Packed),
2007-02-06,HYDERABAD,Palm Oil (Packed),
2007-02-07,BENGALURU,Palm Oil (Packed),
2007-02-07,T.PURAM,Palm Oil (Packed),
2007-02-07,CHENNAI,Palm Oil (Packed),
2007-02-07,HYDERABAD,Palm Oil (Packed),
2007-02-08,BENGALURU,Palm Oil (Packed),
2007-02-08,T.PURAM,Palm Oil (Packed),
2007-02-08,CHENNAI,Palm Oil (Packed),
2007-02-08,HYDERABAD,Palm Oil (Packed),
2007-02-09,BENGALURU,Palm Oil (Packed),
2007-02-09,T.PURAM,Palm Oil (Packed),
2007-02-09,CHENNAI,Palm Oil (Packed),
2007-02-09,HYDERABAD,Palm Oil (Packed),
2007-02-12,BENGALURU,Palm Oil (Packed),
2007-02-12,T.PURAM,Palm Oil (Packed),
2007-02-12,CHENNAI,Palm Oil (Packed),
2007-02-12,HYDERABAD,Palm Oil (Packed),
2007-02-13,BENGALURU,Palm Oil (Packed),
2007-02-13,T.PURAM,Palm Oil (Packed),
2007-02-13,CHENNAI,Palm Oil (Packed),
2007-02-13,HYDERABAD,Palm Oil (Packed),
2007-02-14,BENGALURU,Palm Oil (Packed),
2007-02-14,T.PURAM,Palm Oil (Packed),
2007-02-14,CHENNAI,Palm Oil (Packed),
2007-02-14,HYDERABAD,Palm Oil (Packed),
2007-02-15,BENGALURU,Palm Oil (Packed),
2007-02-15,T.PURAM,Palm Oil (Packed),
2007-02-15,CHENNAI,Palm Oil (Packed),
2007-02-15,HYDERABAD,Palm Oil (Packed),
2007-02-19,BENGALURU,Palm Oil (Packed),
2007-02-19,T.PURAM,Palm Oil (Packed),
2007-02-19,CHENNAI,Palm Oil (Packed),
2007-02-19,HYDERABAD,Palm Oil (Packed),
2007-02-20,BENGALURU,Palm Oil (Packed),
2007-02-20,T.PURAM,Palm Oil (Packed),
2007-02-20,CHENNAI,Palm Oil (Packed),
2007-02-20,HYDERABAD,Palm Oil (Packed),
2007-02-21,BENGALURU,Palm Oil (Packed),
2007-02-21,T.PURAM,Palm Oil (Packed),
2007-02-21,CHENNAI,Palm Oil (Packed),
2007-02-21,HYDERABAD,Palm Oil (Packed),
2007-02-22,BENGALURU,Palm Oil (Packed),
2007-02-22,T.PURAM,Palm Oil (Packed),
2007-02-22,CHENNAI,Palm Oil (Packed),
2007-02-22,HYDERABAD,Palm Oil (Packed),
2007-02-23,BENGALURU,Palm Oil (Packed),
2007-02-23,T.PURAM,Palm Oil (Packed),
2007-02-23,CHENNAI,Palm Oil (Packed),
2007-02-23,HYDERABAD,Palm Oil (Packed),
2007-02-26,BENGALURU,Palm Oil (Packed),
2007-02-26,T.PURAM,Palm Oil (Packed),
2007-02-26,CHENNAI,Palm Oil (Packed),
2007-02-26,HYDERABAD,Palm Oil (Packed),
2007-02-27,BENGALURU,Palm Oil (Packed),
2007-02-27,T.PURAM,Palm Oil (Packed),
2007-02-27,CHENNAI,Palm Oil (Packed),
2007-02-27,HYDERABAD,Palm Oil (Packed),
2007-02-28,BENGALURU,Palm Oil (Packed),
2007-02-28,T.PURAM,Palm Oil (Packed),
2007-02-28,CHENNAI,Palm Oil (Packed),
2007-02-28,HYDERABAD,Palm Oil (Packed),
2007-03-01,BENGALURU,Palm Oil (Packed),
2007-03-01,T.PURAM,Palm Oil (Packed),
2007-03-01,CHENNAI,Palm Oil (Packed),
2007-03-01,HYDERABAD,Palm Oil (Packed),
2007-03-02,BENGALURU,Palm Oil (Packed),
2007-03-02,T.PURAM,Palm Oil (Packed),
2007-03-02,CHENNAI,Palm Oil (Packed),
2007-03-02,HYDERABAD,Palm Oil (Packed),
2007-03-05,BENGALURU,Palm Oil (Packed),
2007-03-05,T.PURAM,Palm Oil (Packed),
2007-03-05,CHENNAI,Palm Oil (Packed),
2007-03-05,HYDERABAD,Palm Oil (Packed),
2007-03-06,BENGALURU,Palm Oil (Packed),
2007-03-06,T.PURAM,Palm Oil (Packed),
2007-03-06,CHENNAI,Palm Oil (Packed),
2007-03-06,HYDERABAD,Palm Oil (Packed),
2007-03-07,BENGALURU,Palm Oil (Packed),
2007-03-07,T.PURAM,Palm Oil (Packed),
2007-03-07,CHENNAI,Palm Oil (Packed),
2007-03-07,HYDERABAD,Palm Oil (Packed),
2007-03-08,BENGALURU,Palm Oil (Packed),
2007-03-08,T.PURAM,Palm Oil (Packed),
2007-03-08,CHENNAI,Palm Oil (Packed),
2007-03-08,HYDERABAD,Palm Oil (Packed),
2007-03-09,BENGALURU,Palm Oil (Packed),
2007-03-09,T.PURAM,Palm Oil (Packed),
2007-03-09,CHENNAI,Palm Oil (Packed),
2007-03-09,HYDERABAD,Palm Oil (Packed),
2007-03-12,BENGALURU,Palm Oil (Packed),
2007-03-12,T.PURAM,Palm Oil (Packed),
2007-03-12,CHENNAI,Palm Oil (Packed),
2007-03-12,HYDERABAD,Palm Oil (Packed),
2007-03-13,BENGALURU,Palm Oil (Packed),
2007-03-13,T.PURAM,Palm Oil (Packed),
2007-03-13,CHENNAI,Palm Oil (Packed),
2007-03-13,HYDERABAD,Palm Oil (Packed),
2007-03-14,BENGALURU,Palm Oil (Packed),
2007-03-14,T.PURAM,Palm Oil (Packed),
2007-03-14,CHENNAI,Palm Oil (Packed),
2007-03-14,HYDERABAD,Palm Oil (Packed),
2007-03-15,BENGALURU,Palm Oil (Packed),
2007-03-15,T.PURAM,Palm Oil (Packed),
2007-03-15,CHENNAI,Palm Oil (Packed),
2007-03-15,HYDERABAD,Palm Oil (Packed),
2007-03-16,BENGALURU,Palm Oil (Packed),
2007-03-16,T.PURAM,Palm Oil (Packed),
2007-03-16,CHENNAI,Palm Oil (Packed),
2007-03-16,HYDERABAD,Palm Oil (Packed),
2007-03-19,BENGALURU,Palm Oil (Packed),
2007-03-19,T.PURAM,Palm Oil (Packed),
2007-03-19,CHENNAI,Palm Oil (Packed),
2007-03-19,HYDERABAD,Palm Oil (Packed),
2007-03-20,BENGALURU,Palm Oil (Packed),
2007-03-20,T.PURAM,Palm Oil (Packed),
2007-03-20,CHENNAI,Palm Oil (Packed),
2007-03-20,HYDERABAD,Palm Oil (Packed),
2007-03-21,BENGALURU,Palm Oil (Packed),
2007-03-21,T.PURAM,Palm Oil (Packed),
2007-03-21,CHENNAI,Palm Oil (Packed),
2007-03-21,HYDERABAD,Palm Oil (Packed),
2007-03-22,BENGALURU,Palm Oil (Packed),
2007-03-22,T.PURAM,Palm Oil (Packed),
2007-03-22,CHENNAI,Palm Oil (Packed),
2007-03-22,HYDERABAD,Palm Oil (Packed),
2007-03-23,BENGALURU,Palm Oil (Packed),
2007-03-23,T.PURAM,Palm Oil (Packed),
2007-03-23,CHENNAI,Palm Oil (Packed),
2007-03-23,HYDERABAD,Palm Oil (Packed),
2007-03-26,BENGALURU,Palm Oil (Packed),
2007-03-26,T.PURAM,Palm Oil (Packed),
2007-03-26,CHENNAI,Palm Oil (Packed),
2007-03-26,HYDERABAD,Palm Oil (Packed),
2007-03-28,BENGALURU,Palm Oil (Packed),
2007-03-28,T.PURAM,Palm Oil (Packed),
2007-03-28,CHENNAI,Palm Oil (Packed),
2007-03-28,HYDERABAD,Palm Oil (Packed),
2007-03-29,BENGALURU,Palm Oil (Packed),
2007-03-29,T.PURAM,Palm Oil (Packed),
2007-03-29,CHENNAI,Palm Oil (Packed),
2007-03-29,HYDERABAD,Palm Oil (Packed),
2007-03-30,BENGALURU,Palm Oil (Packed),
2007-03-30,T.PURAM,Palm Oil (Packed),
2007-03-30,CHENNAI,Palm Oil (Packed),
2007-03-30,HYDERABAD,Palm Oil (Packed),
2007-04-02,BENGALURU,Palm Oil (Packed),
2007-04-02,T.PURAM,Palm Oil (Packed),
2007-04-02,CHENNAI,Palm Oil (Packed),
2007-04-02,HYDERABAD,Palm Oil (Packed),
2007-04-03,BENGALURU,Palm Oil (Packed),
2007-04-03,T.PURAM,Palm Oil (Packed),
2007-04-03,CHENNAI,Palm Oil (Packed),
2007-04-03,HYDERABAD,Palm Oil (Packed),
2007-04-04,BENGALURU,Palm Oil (Packed),
2007-04-04,T.PURAM,Palm Oil (Packed),
2007-04-04,CHENNAI,Palm Oil (Packed),
2007-04-04,HYDERABAD,Palm Oil (Packed),
2007-04-05,BENGALURU,Palm Oil (Packed),
2007-04-05,T.PURAM,Palm Oil (Packed),
2007-04-05,CHENNAI,Palm Oil (Packed),
2007-04-05,HYDERABAD,Palm Oil (Packed),
2007-04-09,BENGALURU,Palm Oil (Packed),
2007-04-09,T.PURAM,Palm Oil (Packed),
2007-04-09,CHENNAI,Palm Oil (Packed),
2007-04-09,HYDERABAD,Palm Oil (Packed),
2007-04-10,BENGALURU,Palm Oil (Packed),
2007-04-10,T.PURAM,Palm Oil (Packed),
2007-04-10,CHENNAI,Palm Oil (Packed),
2007-04-10,HYDERABAD,Palm Oil (Packed),
2007-04-11,BENGALURU,Palm Oil (Packed),
2007-04-11,T.PURAM,Palm Oil (Packed),
2007-04-11,CHENNAI,Palm Oil (Packed),
2007-04-11,HYDERABAD,Palm Oil (Packed),
2007-04-12,BENGALURU,Palm Oil (Packed),
2007-04-12,T.PURAM,Palm Oil (Packed),
2007-04-12,CHENNAI,Palm Oil (Packed),
2007-04-12,HYDERABAD,Palm Oil (Packed),
2007-04-13,BENGALURU,Palm Oil (Packed),
2007-04-13,T.PURAM,Palm Oil (Packed),
2007-04-13,CHENNAI,Palm Oil (Packed),
2007-04-13,HYDERABAD,Palm Oil (Packed),
2007-04-16,BENGALURU,Palm Oil (Packed),
2007-04-16,T.PURAM,Palm Oil (Packed),
2007-04-16,CHENNAI,Palm Oil (Packed),
2007-04-16,HYDERABAD,Palm Oil (Packed),
2007-04-17,BENGALURU,Palm Oil (Packed),
2007-04-17,T.PURAM,Palm Oil (Packed),
2007-04-17,CHENNAI,Palm Oil (Packed),
2007-04-17,HYDERABAD,Palm Oil (Packed),
2007-04-18,BENGALURU,Palm Oil (Packed),
2007-04-18,T.PURAM,Palm Oil (Packed),
2007-04-18,CHENNAI,Palm Oil (Packed),
2007-04-18,HYDERABAD,Palm Oil (Packed),
2007-04-19,BENGALURU,Palm Oil (Packed),
2007-04-19,T.PURAM,Palm Oil (Packed),
2007-04-19,CHENNAI,Palm Oil (Packed),
2007-04-19,HYDERABAD,Palm Oil (Packed),
2007-04-20,BENGALURU,Palm Oil (Packed),
2007-04-20,T.PURAM,Palm Oil (Packed),
2007-04-20,CHENNAI,Palm Oil (Packed),
2007-04-20,HYDERABAD,Palm Oil (Packed),
2007-04-23,BENGALURU,Palm Oil (Packed),
2007-04-23,T.PURAM,Palm Oil (Packed),
2007-04-23,CHENNAI,Palm Oil (Packed),
2007-04-23,HYDERABAD,Palm Oil (Packed),
2007-04-24,BENGALURU,Palm Oil (Packed),
2007-04-24,T.PURAM,Palm Oil (Packed),
2007-04-24,CHENNAI,Palm Oil (Packed),
2007-04-24,HYDERABAD,Palm Oil (Packed),
2007-04-25,BENGALURU,Palm Oil (Packed),
2007-04-25,T.PURAM,Palm Oil (Packed),
2007-04-25,CHENNAI,Palm Oil (Packed),
2007-04-25,HYDERABAD,Palm Oil (Packed),
2007-04-26,BENGALURU,Palm Oil (Packed),
2007-04-26,T.PURAM,Palm Oil (Packed),
2007-04-26,CHENNAI,Palm Oil (Packed),
2007-04-26,HYDERABAD,Palm Oil (Packed),
2007-04-27,BENGALURU,Palm Oil (Packed),
2007-04-27,T.PURAM,Palm Oil (Packed),
2007-04-27,CHENNAI,Palm Oil (Packed),
2007-04-27,HYDERABAD,Palm Oil (Packed),
2007-04-30,BENGALURU,Palm Oil (Packed),
2007-04-30,T.PURAM,Palm Oil (Packed),
2007-04-30,CHENNAI,Palm Oil (Packed),
2007-04-30,HYDERABAD,Palm Oil (Packed),
2007-05-01,BENGALURU,Palm Oil (Packed),
2007-05-01,T.PURAM,Palm Oil (Packed),
2007-05-01,CHENNAI,Palm Oil (Packed),
2007-05-01,HYDERABAD,Palm Oil (Packed),
2007-05-03,BENGALURU,Palm Oil (Packed),
2007-05-03,T.PURAM,Palm Oil (Packed),
2007-05-03,CHENNAI,Palm Oil (Packed),
2007-05-03,HYDERABAD,Palm Oil (Packed),
2007-05-04,BENGALURU,Palm Oil (Packed),
2007-05-04,T.PURAM,Palm Oil (Packed),
2007-05-04,CHENNAI,Palm Oil (Packed),
2007-05-04,HYDERABAD,Palm Oil (Packed),
2007-05-07,BENGALURU,Palm Oil (Packed),
2007-05-07,T.PURAM,Palm Oil (Packed),
2007-05-07,CHENNAI,Palm Oil (Packed),
2007-05-07,HYDERABAD,Palm Oil (Packed),
2007-05-08,BENGALURU,Palm Oil (Packed),
2007-05-08,T.PURAM,Palm Oil (Packed),
2007-05-08,CHENNAI,Palm Oil (Packed),
2007-05-08,HYDERABAD,Palm Oil (Packed),
2007-05-09,BENGALURU,Palm Oil (Packed),
2007-05-09,T.PURAM,Palm Oil (Packed),
2007-05-09,CHENNAI,Palm Oil (Packed),
2007-05-09,HYDERABAD,Palm Oil (Packed),
2007-05-10,BENGALURU,Palm Oil (Packed),
2007-05-10,T.PURAM,Palm Oil (Packed),
2007-05-10,CHENNAI,Palm Oil (Packed),
2007-05-10,HYDERABAD,Palm Oil (Packed),
2007-05-11,BENGALURU,Palm Oil (Packed),
2007-05-11,T.PURAM,Palm Oil (Packed),
2007-05-11,CHENNAI,Palm Oil (Packed),
2007-05-11,HYDERABAD,Palm Oil (Packed),
2007-05-14,BENGALURU,Palm Oil (Packed),
2007-05-14,T.PURAM,Palm Oil (Packed),
2007-05-14,CHENNAI,Palm Oil (Packed),
2007-05-14,HYDERABAD,Palm Oil (Packed),
2007-05-15,BENGALURU,Palm Oil (Packed),
2007-05-15,T.PURAM,Palm Oil (Packed),
2007-05-15,CHENNAI,Palm Oil (Packed),
2007-05-15,HYDERABAD,Palm Oil (Packed),
2007-05-16,BENGALURU,Palm Oil (Packed),
2007-05-16,T.PURAM,Palm Oil (Packed),
2007-05-16,CHENNAI,Palm Oil (Packed),
2007-05-16,HYDERABAD,Palm Oil (Packed),
2007-05-17,BENGALURU,Palm Oil (Packed),
2007-05-17,T.PURAM,Palm Oil (Packed),
2007-05-17,CHENNAI,Palm Oil (Packed),
2007-05-17,HYDERABAD,Palm Oil (Packed),
2007-05-18,BENGALURU,Palm Oil (Packed),
2007-05-18,T.PURAM,Palm Oil (Packed),
2007-05-18,CHENNAI,Palm Oil (Packed),
2007-05-18,HYDERABAD,Palm Oil (Packed),
2007-05-21,BENGALURU,Palm Oil (Packed),
2007-05-21,T.PURAM,Palm Oil (Packed),
2007-05-21,CHENNAI,Palm Oil (Packed),
2007-05-21,HYDERABAD,Palm Oil (Packed),
2007-05-22,BENGALURU,Palm Oil (Packed),
2007-05-22,T.PURAM,Palm Oil (Packed),
2007-05-22,CHENNAI,Palm Oil (Packed),
2007-05-22,HYDERABAD,Palm Oil (Packed),
2007-05-23,BENGALURU,Palm Oil (Packed),
2007-05-23,T.PURAM,Palm Oil (Packed),
2007-05-23,CHENNAI,Palm Oil (Packed),
2007-05-23,HYDERABAD,Palm Oil (Packed),
2007-05-24,BENGALURU,Palm Oil (Packed),
2007-05-24,T.PURAM,Palm Oil (Packed),
2007-05-24,CHENNAI,Palm Oil (Packed),
2007-05-24,HYDERABAD,Palm Oil (Packed),
2007-05-25,BENGALURU,Palm Oil (Packed),
2007-05-25,T.PURAM,Palm Oil (Packed),
2007-05-25,CHENNAI,Palm Oil (Packed),
2007-05-25,HYDERABAD,Palm Oil (Packed),
2007-05-28,BENGALURU,Palm Oil (Packed),
2007-05-28,T.PURAM,Palm Oil (Packed),
2007-05-28,CHENNAI,Palm Oil (Packed),
2007-05-28,HYDERABAD,Palm Oil (Packed),
2007-05-29,BENGALURU,Palm Oil (Packed),
2007-05-29,T.PURAM,Palm Oil (Packed),
2007-05-29,CHENNAI,Palm Oil (Packed),
2007-05-29,HYDERABAD,Palm Oil (Packed),
2007-05-30,BENGALURU,Palm Oil (Packed),
2007-05-30,T.PURAM,Palm Oil (Packed),
2007-05-30,CHENNAI,Palm Oil (Packed),
2007-05-30,HYDERABAD,Palm Oil (Packed),
2007-05-31,BENGALURU,Palm Oil (Packed),
2007-05-31,T.PURAM,Palm Oil (Packed),
2007-05-31,CHENNAI,Palm Oil (Packed),
2007-05-31,HYDERABAD,Palm Oil (Packed),
2007-06-01,BENGALURU,Palm Oil (Packed),
2007-06-01,T.PURAM,Palm Oil (Packed),
2007-06-01,CHENNAI,Palm Oil (Packed),
2007-06-01,HYDERABAD,Palm Oil (Packed),
2007-06-04,BENGALURU,Palm Oil (Packed),
2007-06-04,T.PURAM,Palm Oil (Packed),
2007-06-04,CHENNAI,Palm Oil (Packed),
2007-06-04,HYDERABAD,Palm Oil (Packed),
2007-06-05,BENGALURU,Palm Oil (Packed),
2007-06-05,T.PURAM,Palm Oil (Packed),
2007-06-05,CHENNAI,Palm Oil (Packed),
2007-06-05,HYDERABAD,Palm Oil (Packed),
2007-06-06,BENGALURU,Palm Oil (Packed),
2007-06-06,T.PURAM,Palm Oil (Packed),
2007-06-06,CHENNAI,Palm Oil (Packed),
2007-06-06,HYDERABAD,Palm Oil (Packed),
2007-06-07,BENGALURU,Palm Oil (Packed),
2007-06-07,T.PURAM,Palm Oil (Packed),
2007-06-07,CHENNAI,Palm Oil (Packed),
2007-06-07,HYDERABAD,Palm Oil (Packed),
2007-06-08,BENGALURU,Palm Oil (Packed),
2007-06-08,T.PURAM,Palm Oil (Packed),
2007-06-08,CHENNAI,Palm Oil (Packed),
2007-06-08,HYDERABAD,Palm Oil (Packed),
2007-06-11,BENGALURU,Palm Oil (Packed),
2007-06-11,T.PURAM,Palm Oil (Packed),
2007-06-11,CHENNAI,Palm Oil (Packed),
2007-06-11,HYDERABAD,Palm Oil (Packed),
2007-06-12,BENGALURU,Palm Oil (Packed),
2007-06-12,T.PURAM,Palm Oil (Packed),
2007-06-12,CHENNAI,Palm Oil (Packed),
2007-06-12,HYDERABAD,Palm Oil (Packed),
2007-06-13,BENGALURU,Palm Oil (Packed),
2007-06-13,T.PURAM,Palm Oil (Packed),
2007-06-13,CHENNAI,Palm Oil (Packed),
2007-06-13,HYDERABAD,Palm Oil (Packed),
2007-06-14,BENGALURU,Palm Oil (Packed),
2007-06-14,T.PURAM,Palm Oil (Packed),
2007-06-14,CHENNAI,Palm Oil (Packed),
2007-06-14,HYDERABAD,Palm Oil (Packed),
2007-06-15,BENGALURU,Palm Oil (Packed),
2007-06-15,T.PURAM,Palm Oil (Packed),
2007-06-15,CHENNAI,Palm Oil (Packed),
2007-06-15,HYDERABAD,Palm Oil (Packed),
2007-06-18,BENGALURU,Palm Oil (Packed),
2007-06-18,T.PURAM,Palm Oil (Packed),
2007-06-18,CHENNAI,Palm Oil (Packed),
2007-06-18,HYDERABAD,Palm Oil (Packed),
2007-06-19,BENGALURU,Palm Oil (Packed),
2007-06-19,T.PURAM,Palm Oil (Packed),
2007-06-19,CHENNAI,Palm Oil (Packed),
2007-06-19,HYDERABAD,Palm Oil (Packed),
2007-06-20,BENGALURU,Palm Oil (Packed),
2007-06-20,T.PURAM,Palm Oil (Packed),
2007-06-20,CHENNAI,Palm Oil (Packed),
2007-06-20,HYDERABAD,Palm Oil (Packed),
2007-06-21,BENGALURU,Palm Oil (Packed),
2007-06-21,T.PURAM,Palm Oil (Packed),
2007-06-21,CHENNAI,Palm Oil (Packed),
2007-06-21,HYDERABAD,Palm Oil (Packed),
2007-06-22,BENGALURU,Palm Oil (Packed),
2007-06-22,T.PURAM,Palm Oil (Packed),
2007-06-22,CHENNAI,Palm Oil (Packed),
2007-06-22,HYDERABAD,Palm Oil (Packed),
2007-06-25,BENGALURU,Palm Oil (Packed),
2007-06-25,T.PURAM,Palm Oil (Packed),
2007-06-25,CHENNAI,Palm Oil (Packed),
2007-06-25,HYDERABAD,Palm Oil (Packed),
2007-06-26,BENGALURU,Palm Oil (Packed),
2007-06-26,T.PURAM,Palm Oil (Packed),
2007-06-26,CHENNAI,Palm Oil (Packed),
2007-06-26,HYDERABAD,Palm Oil (Packed),
2007-06-27,BENGALURU,Palm Oil (Packed),
2007-06-27,T.PURAM,Palm Oil (Packed),
2007-06-27,CHENNAI,Palm Oil (Packed),
2007-06-27,HYDERABAD,Palm Oil (Packed),
2007-06-28,BENGALURU,Palm Oil (Packed),
2007-06-28,T.PURAM,Palm Oil (Packed),
2007-06-28,CHENNAI,Palm Oil (Packed),
2007-06-28,HYDERABAD,Palm Oil (Packed),
2007-06-29,BENGALURU,Palm Oil (Packed),
2007-06-29,T.PURAM,Palm Oil (Packed),
2007-06-29,CHENNAI,Palm Oil (Packed),
2007-06-29,HYDERABAD,Palm Oil (Packed),
2007-07-02,BENGALURU,Palm Oil (Packed),
2007-07-02,T.PURAM,Palm Oil (Packed),
2007-07-02,CHENNAI,Palm Oil (Packed),
2007-07-02,HYDERABAD,Palm Oil (Packed),
2007-07-03,BENGALURU,Palm Oil (Packed),
2007-07-03,T.PURAM,Palm Oil (Packed),
2007-07-03,CHENNAI,Palm Oil (Packed),
2007-07-03,HYDERABAD,Palm Oil (Packed),
2007-07-04,BENGALURU,Palm Oil (Packed),
2007-07-04,T.PURAM,Palm Oil (Packed),
2007-07-04,CHENNAI,Palm Oil (Packed),
2007-07-04,HYDERABAD,Palm Oil (Packed),
2007-07-05,BENGALURU,Palm Oil (Packed),
2007-07-05,T.PURAM,Palm Oil (Packed),
2007-07-05,CHENNAI,Palm Oil (Packed),
2007-07-05,HYDERABAD,Palm Oil (Packed),
2007-07-06,BENGALURU,Palm Oil (Packed),
2007-07-06,T.PURAM,Palm Oil (Packed),
2007-07-06,CHENNAI,Palm Oil (Packed),
2007-07-06,HYDERABAD,Palm Oil (Packed),
2007-07-09,BENGALURU,Palm Oil (Packed),
2007-07-09,T.PURAM,Palm Oil (Packed),
2007-07-09,CHENNAI,Palm Oil (Packed),
2007-07-09,HYDERABAD,Palm Oil (Packed),
2007-07-10,BENGALURU,Palm Oil (Packed),
2007-07-10,T.PURAM,Palm Oil (Packed),
2007-07-10,CHENNAI,Palm Oil (Packed),
2007-07-10,HYDERABAD,Palm Oil (Packed),
2007-07-11,BENGALURU,Palm Oil (Packed),
2007-07-11,T.PURAM,Palm Oil (Packed),
2007-07-11,CHENNAI,Palm Oil (Packed),
2007-07-11,HYDERABAD,Palm Oil (Packed),
2007-07-12,BENGALURU,Palm Oil (Packed),
2007-07-12,T.PURAM,Palm Oil (Packed),
2007-07-12,CHENNAI,Palm Oil (Packed),
2007-07-12,HYDERABAD,Palm Oil (Packed),
2007-07-13,BENGALURU,Palm Oil (Packed),
2007-07-13,T.PURAM,Palm Oil (Packed),
2007-07-13,CHENNAI,Palm Oil (Packed),
2007-07-13,HYDERABAD,Palm Oil (Packed),
2007-07-16,BENGALURU,Palm Oil (Packed),
2007-07-16,T.PURAM,Palm Oil (Packed),
2007-07-16,CHENNAI,Palm Oil (Packed),
2007-07-16,HYDERABAD,Palm Oil (Packed),
2007-07-17,BENGALURU,Palm Oil (Packed),
2007-07-17,T.PURAM,Palm Oil (Packed),
2007-07-17,CHENNAI,Palm Oil (Packed),
2007-07-17,HYDERABAD,Palm Oil (Packed),
2007-07-18,BENGALURU,Palm Oil (Packed),
2007-07-18,T.PURAM,Palm Oil (Packed),
2007-07-18,CHENNAI,Palm Oil (Packed),
2007-07-18,HYDERABAD,Palm Oil (Packed),
2007-07-19,BENGALURU,Palm Oil (Packed),
2007-07-19,T.PURAM,Palm Oil (Packed),
2007-07-19,CHENNAI,Palm Oil (Packed),
2007-07-19,HYDERABAD,Palm Oil (Packed),
2007-07-20,BENGALURU,Palm Oil (Packed),
2007-07-20,T.PURAM,Palm Oil (Packed),
2007-07-20,CHENNAI,Palm Oil (Packed),
2007-07-20,HYDERABAD,Palm Oil (Packed),
2007-07-23,BENGALURU,Palm Oil (Packed),
2007-07-23,T.PURAM,Palm Oil (Packed),
2007-07-23,CHENNAI,Palm Oil (Packed),
2007-07-23,HYDERABAD,Palm Oil (Packed),
2007-07-24,BENGALURU,Palm Oil (Packed),
2007-07-24,T.PURAM,Palm Oil (Packed),
2007-07-24,CHENNAI,Palm Oil (Packed),
2007-07-24,HYDERABAD,Palm Oil (Packed),
2007-07-25,BENGALURU,Palm Oil (Packed),
2007-07-25,T.PURAM,Palm Oil (Packed),
2007-07-25,CHENNAI,Palm Oil (Packed),
2007-07-25,HYDERABAD,Palm Oil (Packed),
2007-07-26,BENGALURU,Palm Oil (Packed),
2007-07-26,T.PURAM,Palm Oil (Packed),
2007-07-26,CHENNAI,Palm Oil (Packed),
2007-07-26,HYDERABAD,Palm Oil (Packed),
2007-07-27,BENGALURU,Palm Oil (Packed),
2007-07-27,T.PURAM,Palm Oil (Packed),
2007-07-27,CHENNAI,Palm Oil (Packed),
2007-07-27,HYDERABAD,Palm Oil (Packed),
2007-07-30,BENGALURU,Palm Oil (Packed),
2007-07-30,T.PURAM,Palm Oil (Packed),
2007-07-30,CHENNAI,Palm Oil (Packed),
2007-07-30,HYDERABAD,Palm Oil (Packed),
2007-07-31,BENGALURU,Palm Oil (Packed),
2007-07-31,T.PURAM,Palm Oil (Packed),
2007-07-31,CHENNAI,Palm Oil (Packed),
2007-07-31,HYDERABAD,Palm Oil (Packed),
2007-08-01,BENGALURU,Palm Oil (Packed),
2007-08-01,T.PURAM,Palm Oil (Packed),
2007-08-01,CHENNAI,Palm Oil (Packed),
2007-08-01,HYDERABAD,Palm Oil (Packed),
2007-08-02,BENGALURU,Palm Oil (Packed),
2007-08-02,T.PURAM,Palm Oil (Packed),
2007-08-02,CHENNAI,Palm Oil (Packed),
2007-08-02,HYDERABAD,Palm Oil (Packed),
2007-08-03,BENGALURU,Palm Oil (Packed),
2007-08-03,T.PURAM,Palm Oil (Packed),
2007-08-03,CHENNAI,Palm Oil (Packed),
2007-08-03,HYDERABAD,Palm Oil (Packed),
2007-08-06,BENGALURU,Palm Oil (Packed),
2007-08-06,T.PURAM,Palm Oil (Packed),
2007-08-06,CHENNAI,Palm Oil (Packed),
2007-08-06,HYDERABAD,Palm Oil (Packed),
2007-08-07,BENGALURU,Palm Oil (Packed),
2007-08-07,T.PURAM,Palm Oil (Packed),
2007-08-07,CHENNAI,Palm Oil (Packed),
2007-08-07,HYDERABAD,Palm Oil (Packed),
2007-08-08,BENGALURU,Palm Oil (Packed),
2007-08-08,T.PURAM,Palm Oil (Packed),
2007-08-08,CHENNAI,Palm Oil (Packed),
2007-08-08,HYDERABAD,Palm Oil (Packed),
2007-08-09,BENGALURU,Palm Oil (Packed),
2007-08-09,T.PURAM,Palm Oil (Packed),
2007-08-09,CHENNAI,Palm Oil (Packed),
2007-08-09,HYDERABAD,Palm Oil (Packed),
2007-08-10,BENGALURU,Palm Oil (Packed),
2007-08-10,T.PURAM,Palm Oil (Packed),
2007-08-10,CHENNAI,Palm Oil (Packed),
2007-08-10,HYDERABAD,Palm Oil (Packed),
2007-08-13,BENGALURU,Palm Oil (Packed),
2007-08-13,T.PURAM,Palm Oil (Packed),
2007-08-13,CHENNAI,Palm Oil (Packed),
2007-08-13,HYDERABAD,Palm Oil (Packed),
2007-08-14,BENGALURU,Palm Oil (Packed),
2007-08-14,T.PURAM,Palm Oil (Packed),
2007-08-14,CHENNAI,Palm Oil (Packed),
2007-08-14,HYDERABAD,Palm Oil (Packed),
2007-08-16,BENGALURU,Palm Oil (Packed),
2007-08-16,T.PURAM,Palm Oil (Packed),
2007-08-16,CHENNAI,Palm Oil (Packed),
2007-08-16,HYDERABAD,Palm Oil (Packed),
2007-08-17,BENGALURU,Palm Oil (Packed),
2007-08-17,T.PURAM,Palm Oil (Packed),
2007-08-17,CHENNAI,Palm Oil (Packed),
2007-08-17,HYDERABAD,Palm Oil (Packed),
2007-08-20,BENGALURU,Palm Oil (Packed),
2007-08-20,T.PURAM,Palm Oil (Packed),
2007-08-20,CHENNAI,Palm Oil (Packed),
2007-08-20,HYDERABAD,Palm Oil (Packed),
2007-08-21,BENGALURU,Palm Oil (Packed),
2007-08-21,T.PURAM,Palm Oil (Packed),
2007-08-21,CHENNAI,Palm Oil (Packed),
2007-08-21,HYDERABAD,Palm Oil (Packed),
2007-08-22,BENGALURU,Palm Oil (Packed),
2007-08-22,T.PURAM,Palm Oil (Packed),
2007-08-22,CHENNAI,Palm Oil (Packed),
2007-08-22,HYDERABAD,Palm Oil (Packed),
2007-08-23,BENGALURU,Palm Oil (Packed),
2007-08-23,T.PURAM,Palm Oil (Packed),
2007-08-23,CHENNAI,Palm Oil (Packed),
2007-08-23,HYDERABAD,Palm Oil (Packed),
2007-08-24,BENGALURU,Palm Oil (Packed),
2007-08-24,T.PURAM,Palm Oil (Packed),
2007-08-24,CHENNAI,Palm Oil (Packed),
2007-08-24,HYDERABAD,Palm Oil (Packed),
2007-08-27,BENGALURU,Palm Oil (Packed),
2007-08-27,T.PURAM,Palm Oil (Packed),
2007-08-27,CHENNAI,Palm Oil (Packed),
2007-08-27,HYDERABAD,Palm Oil (Packed),
2007-08-28,BENGALURU,Palm Oil (Packed),
2007-08-28,T.PURAM,Palm Oil (Packed),
2007-08-28,CHENNAI,Palm Oil (Packed),
2007-08-28,HYDERABAD,Palm Oil (Packed),
2007-08-29,BENGALURU,Palm Oil (Packed),
2007-08-29,T.PURAM,Palm Oil (Packed),
2007-08-29,CHENNAI,Palm Oil (Packed),
2007-08-29,HYDERABAD,Palm Oil (Packed),
2007-08-30,BENGALURU,Palm Oil (Packed),
2007-08-30,T.PURAM,Palm Oil (Packed),
2007-08-30,CHENNAI,Palm Oil (Packed),
2007-08-30,HYDERABAD,Palm Oil (Packed),
2007-08-31,BENGALURU,Palm Oil (Packed),
2007-08-31,T.PURAM,Palm Oil (Packed),
2007-08-31,CHENNAI,Palm Oil (Packed),
2007-08-31,HYDERABAD,Palm Oil (Packed),
2007-09-03,BENGALURU,Palm Oil (Packed),
2007-09-03,T.PURAM,Palm Oil (Packed),
2007-09-03,CHENNAI,Palm Oil (Packed),
2007-09-03,HYDERABAD,Palm Oil (Packed),
2007-09-05,BENGALURU,Palm Oil (Packed),
2007-09-05,T.PURAM,Palm Oil (Packed),
2007-09-05,CHENNAI,Palm Oil (Packed),
2007-09-05,HYDERABAD,Palm Oil (Packed),
2007-09-06,BENGALURU,Palm Oil (Packed),
2007-09-06,T.PURAM,Palm Oil (Packed),
2007-09-06,CHENNAI,Palm Oil (Packed),
2007-09-06,HYDERABAD,Palm Oil (Packed),
2007-09-07,BENGALURU,Palm Oil (Packed),
2007-09-07,T.PURAM,Palm Oil (Packed),
2007-09-07,CHENNAI,Palm Oil (Packed),
2007-09-07,HYDERABAD,Palm Oil (Packed),
2007-09-10,BENGALURU,Palm Oil (Packed),
2007-09-10,T.PURAM,Palm Oil (Packed),
2007-09-10,CHENNAI,Palm Oil (Packed),
2007-09-10,HYDERABAD,Palm Oil (Packed),
2007-09-11,BENGALURU,Palm Oil (Packed),
2007-09-11,T.PURAM,Palm Oil (Packed),
2007-09-11,CHENNAI,Palm Oil (Packed),
2007-09-11,HYDERABAD,Palm Oil (Packed),
2007-09-12,BENGALURU,Palm Oil (Packed),
2007-09-12,T.PURAM,Palm Oil (Packed),
2007-09-12,CHENNAI,Palm Oil (Packed),
2007-09-12,HYDERABAD,Palm Oil (Packed),
2007-09-13,BENGALURU,Palm Oil (Packed),
2007-09-13,T.PURAM,Palm Oil (Packed),
2007-09-13,CHENNAI,Palm Oil (Packed),
2007-09-13,HYDERABAD,Palm Oil (Packed),
2007-09-14,BENGALURU,Palm Oil (Packed),
2007-09-14,T.PURAM,Palm Oil (Packed),
2007-09-14,CHENNAI,Palm Oil (Packed),
2007-09-14,HYDERABAD,Palm Oil (Packed),
2007-09-17,BENGALURU,Palm Oil (Packed),
2007-09-17,T.PURAM,Palm Oil (Packed),
2007-09-17,CHENNAI,Palm Oil (Packed),
2007-09-17,HYDERABAD,Palm Oil (Packed),
2007-09-18,BENGALURU,Palm Oil (Packed),
2007-09-18,T.PURAM,Palm Oil (Packed),
2007-09-18,CHENNAI,Palm Oil (Packed),
2007-09-18,HYDERABAD,Palm Oil (Packed),
2007-09-19,BENGALURU,Palm Oil (Packed),
2007-09-19,T.PURAM,Palm Oil (Packed),
2007-09-19,CHENNAI,Palm Oil (Packed),
2007-09-19,HYDERABAD,Palm Oil (Packed),
2007-09-20,BENGALURU,Palm Oil (Packed),
2007-09-20,T.PURAM,Palm Oil (Packed),
2007-09-20,CHENNAI,Palm Oil (Packed),
2007-09-20,HYDERABAD,Palm Oil (Packed),
2007-09-21,BENGALURU,Palm Oil (Packed),
2007-09-21,T.PURAM,Palm Oil (Packed),
2007-09-21,CHENNAI,Palm Oil (Packed),
2007-09-21,HYDERABAD,Palm Oil (Packed),
2007-09-24,BENGALURU,Palm Oil (Packed),
2007-09-24,T.PURAM,Palm Oil (Packed),
2007-09-24,CHENNAI,Palm Oil (Packed),
2007-09-24,HYDERABAD,Palm Oil (Packed),
2007-09-25,BENGALURU,Palm Oil (Packed),
2007-09-25,T.PURAM,Palm Oil (Packed),
2007-09-25,CHENNAI,Palm Oil (Packed),
2007-09-25,HYDERABAD,Palm Oil (Packed),
2007-09-26,BENGALURU,Palm Oil (Packed),
2007-09-26,T.PURAM,Palm Oil (Packed),
2007-09-26,CHENNAI,Palm Oil (Packed),
2007-09-26,HYDERABAD,Palm Oil (Packed),
2007-09-27,BENGALURU,Palm Oil (Packed),
2007-09-27,T.PURAM,Palm Oil (Packed),
2007-09-27,CHENNAI,Palm Oil (Packed),
2007-09-27,HYDERABAD,Palm Oil (Packed),
2007-09-28,BENGALURU,Palm Oil (Packed),
2007-09-28,T.PURAM,Palm Oil (Packed),
2007-09-28,CHENNAI,Palm Oil (Packed),
2007-09-28,HYDERABAD,Palm Oil (Packed),
2007-10-01,BENGALURU,Palm Oil (Packed),
2007-10-01,T.PURAM,Palm Oil (Packed),
2007-10-01,CHENNAI,Palm Oil (Packed),
2007-10-01,HYDERABAD,Palm Oil (Packed),
2007-10-03,BENGALURU,Palm Oil (Packed),
2007-10-03,T.PURAM,Palm Oil (Packed),
2007-10-03,CHENNAI,Palm Oil (Packed),
2007-10-03,HYDERABAD,Palm Oil (Packed),
2007-10-04,BENGALURU,Palm Oil (Packed),
2007-10-04,T.PURAM,Palm Oil (Packed),
2007-10-04,CHENNAI,Palm Oil (Packed),
2007-10-04,HYDERABAD,Palm Oil (Packed),
2007-10-05,BENGALURU,Palm Oil (Packed),
2007-10-05,T.PURAM,Palm Oil (Packed),
2007-10-05,CHENNAI,Palm Oil (Packed),
2007-10-05,HYDERABAD,Palm Oil (Packed),
2007-10-08,BENGALURU,Palm Oil (Packed),
2007-10-08,T.PURAM,Palm Oil (Packed),
2007-10-08,CHENNAI,Palm Oil (Packed),
2007-10-08,HYDERABAD,Palm Oil (Packed),
2007-10-09,BENGALURU,Palm Oil (Packed),
2007-10-09,T.PURAM,Palm Oil (Packed),
2007-10-09,CHENNAI,Palm Oil (Packed),
2007-10-09,HYDERABAD,Palm Oil (Packed),
2007-10-10,BENGALURU,Palm Oil (Packed),
2007-10-10,T.PURAM,Palm Oil (Packed),
2007-10-10,CHENNAI,Palm Oil (Packed),
2007-10-10,HYDERABAD,Palm Oil (Packed),
2007-10-11,BENGALURU,Palm Oil (Packed),
2007-10-11,T.PURAM,Palm Oil (Packed),
2007-10-11,CHENNAI,Palm Oil (Packed),
2007-10-11,HYDERABAD,Palm Oil (Packed),
2007-10-12,BENGALURU,Palm Oil (Packed),
2007-10-12,T.PURAM,Palm Oil (Packed),
2007-10-12,CHENNAI,Palm Oil (Packed),
2007-10-12,HYDERABAD,Palm Oil (Packed),
2007-10-15,BENGALURU,Palm Oil (Packed),
2007-10-15,T.PURAM,Palm Oil (Packed),
2007-10-15,CHENNAI,Palm Oil (Packed),
2007-10-15,HYDERABAD,Palm Oil (Packed),
2007-10-16,BENGALURU,Palm Oil (Packed),
2007-10-16,T.PURAM,Palm Oil (Packed),
2007-10-16,CHENNAI,Palm Oil (Packed),
2007-10-16,HYDERABAD,Palm Oil (Packed),
2007-10-17,BENGALURU,Palm Oil (Packed),
2007-10-17,T.PURAM,Palm Oil (Packed),
2007-10-17,CHENNAI,Palm Oil (Packed),
2007-10-17,HYDERABAD,Palm Oil (Packed),
2007-10-18,BENGALURU,Palm Oil (Packed),
2007-10-18,T.PURAM,Palm Oil (Packed),
2007-10-18,CHENNAI,Palm Oil (Packed),
2007-10-18,HYDERABAD,Palm Oil (Packed),
2007-10-19,BENGALURU,Palm Oil (Packed),
2007-10-19,T.PURAM,Palm Oil (Packed),
2007-10-19,CHENNAI,Palm Oil (Packed),
2007-10-19,HYDERABAD,Palm Oil (Packed),
2007-10-22,BENGALURU,Palm Oil (Packed),
2007-10-22,T.PURAM,Palm Oil (Packed),
2007-10-22,CHENNAI,Palm Oil (Packed),
2007-10-22,HYDERABAD,Palm Oil (Packed),
2007-10-23,BENGALURU,Palm Oil (Packed),
2007-10-23,T.PURAM,Palm Oil (Packed),
2007-10-23,CHENNAI,Palm Oil (Packed),
2007-10-23,HYDERABAD,Palm Oil (Packed),
2007-10-24,BENGALURU,Palm Oil (Packed),
2007-10-24,T.PURAM,Palm Oil (Packed),
2007-10-24,CHENNAI,Palm Oil (Packed),
2007-10-24,HYDERABAD,Palm Oil (Packed),
2007-10-25,BENGALURU,Palm Oil (Packed),
2007-10-25,T.PURAM,Palm Oil (Packed),
2007-10-25,CHENNAI,Palm Oil (Packed),
2007-10-25,HYDERABAD,Palm Oil (Packed),
2007-10-26,BENGALURU,Palm Oil (Packed),
2007-10-26,T.PURAM,Palm Oil (Packed),
2007-10-26,CHENNAI,Palm Oil (Packed),
2007-10-26,HYDERABAD,Palm Oil (Packed),
2007-10-29,BENGALURU,Palm Oil (Packed),
2007-10-29,T.PURAM,Palm Oil (Packed),
2007-10-29,CHENNAI,Palm Oil (Packed),
2007-10-29,HYDERABAD,Palm Oil (Packed),
2007-10-30,BENGALURU,Palm Oil (Packed),
2007-10-30,T.PURAM,Palm Oil (Packed),
2007-10-30,CHENNAI,Palm Oil (Packed),
2007-10-30,HYDERABAD,Palm Oil (Packed),
2007-10-31,BENGALURU,Palm Oil (Packed),
2007-10-31,T.PURAM,Palm Oil (Packed),
2007-10-31,CHENNAI,Palm Oil (Packed),
2007-10-31,HYDERABAD,Palm Oil (Packed),
2007-11-01,BENGALURU,Palm Oil (Packed),
2007-11-01,T.PURAM,Palm Oil (Packed),
2007-11-01,CHENNAI,Palm Oil (Packed),
2007-11-01,HYDERABAD,Palm Oil (Packed),
2007-11-02,BENGALURU,Palm Oil (Packed),
2007-11-02,T.PURAM,Palm Oil (Packed),
2007-11-02,CHENNAI,Palm Oil (Packed),
2007-11-02,HYDERABAD,Palm Oil (Packed),
2007-11-05,BENGALURU,Palm Oil (Packed),
2007-11-05,T.PURAM,Palm Oil (Packed),
2007-11-05,CHENNAI,Palm Oil (Packed),
2007-11-05,HYDERABAD,Palm Oil (Packed),
2007-11-06,BENGALURU,Palm Oil (Packed),
2007-11-06,T.PURAM,Palm Oil (Packed),
2007-11-06,CHENNAI,Palm Oil (Packed),
2007-11-06,HYDERABAD,Palm Oil (Packed),
2007-11-07,BENGALURU,Palm Oil (Packed),
2007-11-07,T.PURAM,Palm Oil (Packed),
2007-11-07,CHENNAI,Palm Oil (Packed),
2007-11-07,HYDERABAD,Palm Oil (Packed),
2007-11-08,BENGALURU,Palm Oil (Packed),
2007-11-08,T.PURAM,Palm Oil (Packed),
2007-11-08,CHENNAI,Palm Oil (Packed),
2007-11-08,HYDERABAD,Palm Oil (Packed),
2007-11-12,BENGALURU,Palm Oil (Packed),
2007-11-12,T.PURAM,Palm Oil (Packed),
2007-11-12,CHENNAI,Palm Oil (Packed),
2007-11-12,HYDERABAD,Palm Oil (Packed),
2007-11-13,BENGALURU,Palm Oil (Packed),
2007-11-13,T.PURAM,Palm Oil (Packed),
2007-11-13,CHENNAI,Palm Oil (Packed),
2007-11-13,HYDERABAD,Palm Oil (Packed),
2007-11-14,BENGALURU,Palm Oil (Packed),
2007-11-14,T.PURAM,Palm Oil (Packed),
2007-11-14,CHENNAI,Palm Oil (Packed),
2007-11-14,HYDERABAD,Palm Oil (Packed),
2007-11-15,BENGALURU,Palm Oil (Packed),
2007-11-15,T.PURAM,Palm Oil (Packed),
2007-11-15,CHENNAI,Palm Oil (Packed),
2007-11-15,HYDERABAD,Palm Oil (Packed),
2007-11-16,BENGALURU,Palm Oil (Packed),
2007-11-16,T.PURAM,Palm Oil (Packed),
2007-11-16,CHENNAI,Palm Oil (Packed),
2007-11-16,HYDERABAD,Palm Oil (Packed),
2007-11-19,BENGALURU,Palm Oil (Packed),
2007-11-19,T.PURAM,Palm Oil (Packed),
2007-11-19,CHENNAI,Palm Oil (Packed),
2007-11-19,HYDERABAD,Palm Oil (Packed),
2007-11-20,BENGALURU,Palm Oil (Packed),
2007-11-20,T.PURAM,Palm Oil (Packed),
2007-11-20,CHENNAI,Palm Oil (Packed),
2007-11-20,HYDERABAD,Palm Oil (Packed),
2007-11-21,BENGALURU,Palm Oil (Packed),
2007-11-21,T.PURAM,Palm Oil (Packed),
2007-11-21,CHENNAI,Palm Oil (Packed),
2007-11-21,HYDERABAD,Palm Oil (Packed),
2007-11-22,BENGALURU,Palm Oil (Packed),
2007-11-22,T.PURAM,Palm Oil (Packed),
2007-11-22,CHENNAI,Palm Oil (Packed),
2007-11-22,HYDERABAD,Palm Oil (Packed),
2007-11-23,BENGALURU,Palm Oil (Packed),
2007-11-23,T.PURAM,Palm Oil (Packed),
2007-11-23,CHENNAI,Palm Oil (Packed),
2007-11-23,HYDERABAD,Palm Oil (Packed),
2007-11-26,BENGALURU,Palm Oil (Packed),
2007-11-26,T.PURAM,Palm Oil (Packed),
2007-11-26,CHENNAI,Palm Oil (Packed),
2007-11-26,HYDERABAD,Palm Oil (Packed),
2007-11-27,BENGALURU,Palm Oil (Packed),
2007-11-27,T.PURAM,Palm Oil (Packed),
2007-11-27,CHENNAI,Palm Oil (Packed),
2007-11-27,HYDERABAD,Palm Oil (Packed),
2007-11-28,BENGALURU,Palm Oil (Packed),
2007-11-28,T.PURAM,Palm Oil (Packed),
2007-11-28,CHENNAI,Palm Oil (Packed),
2007-11-28,HYDERABAD,Palm Oil (Packed),
2007-11-29,BENGALURU,Palm Oil (Packed),
2007-11-29,T.PURAM,Palm Oil (Packed),
2007-11-29,CHENNAI,Palm Oil (Packed),
2007-11-29,HYDERABAD,Palm Oil (Packed),
2007-11-30,BENGALURU,Palm Oil (Packed),
2007-11-30,T.PURAM,Palm Oil (Packed),
2007-11-30,CHENNAI,Palm Oil (Packed),
2007-11-30,HYDERABAD,Palm Oil (Packed),
2007-12-03,BENGALURU,Palm Oil (Packed),
2007-12-03,T.PURAM,Palm Oil (Packed),
2007-12-03,CHENNAI,Palm Oil (Packed),
2007-12-03,HYDERABAD,Palm Oil (Packed),
2007-12-04,BENGALURU,Palm Oil (Packed),
2007-12-04,T.PURAM,Palm Oil (Packed),
2007-12-04,CHENNAI,Palm Oil (Packed),
2007-12-04,HYDERABAD,Palm Oil (Packed),
2007-12-05,BENGALURU,Palm Oil (Packed),
2007-12-05,T.PURAM,Palm Oil (Packed),
2007-12-05,CHENNAI,Palm Oil (Packed),
2007-12-05,HYDERABAD,Palm Oil (Packed),
2007-12-06,BENGALURU,Palm Oil (Packed),
2007-12-06,T.PURAM,Palm Oil (Packed),
2007-12-06,CHENNAI,Palm Oil (Packed),
2007-12-06,HYDERABAD,Palm Oil (Packed),
2007-12-07,BENGALURU,Palm Oil (Packed),
2007-12-07,T.PURAM,Palm Oil (Packed),
2007-12-07,CHENNAI,Palm Oil (Packed),
2007-12-07,HYDERABAD,Palm Oil (Packed),
2007-12-10,BENGALURU,Palm Oil (Packed),
2007-12-10,T.PURAM,Palm Oil (Packed),
2007-12-10,CHENNAI,Palm Oil (Packed),
2007-12-10,HYDERABAD,Palm Oil (Packed),
2007-12-11,BENGALURU,Palm Oil (Packed),
2007-12-11,T.PURAM,Palm Oil (Packed),
2007-12-11,CHENNAI,Palm Oil (Packed),
2007-12-11,HYDERABAD,Palm Oil (Packed),
2007-12-12,BENGALURU,Palm Oil (Packed),
2007-12-12,T.PURAM,Palm Oil (Packed),
2007-12-12,CHENNAI,Palm Oil (Packed),
2007-12-12,HYDERABAD,Palm Oil (Packed),
2007-12-13,BENGALURU,Palm Oil (Packed),
2007-12-13,T.PURAM,Palm Oil (Packed),
2007-12-13,CHENNAI,Palm Oil (Packed),
2007-12-13,HYDERABAD,Palm Oil (Packed),
2007-12-14,BENGALURU,Palm Oil (Packed),
2007-12-14,T.PURAM,Palm Oil (Packed),
2007-12-14,CHENNAI,Palm Oil (Packed),
2007-12-14,HYDERABAD,Palm Oil (Packed),
2007-12-17,BENGALURU,Palm Oil (Packed),
2007-12-17,T.PURAM,Palm Oil (Packed),
2007-12-17,CHENNAI,Palm Oil (Packed),
2007-12-17,HYDERABAD,Palm Oil (Packed),
2007-12-18,BENGALURU,Palm Oil (Packed),
2007-12-18,T.PURAM,Palm Oil (Packed),
2007-12-18,CHENNAI,Palm Oil (Packed),
2007-12-18,HYDERABAD,Palm Oil (Packed),
2007-12-19,BENGALURU,Palm Oil (Packed),
2007-12-19,T.PURAM,Palm Oil (Packed),
2007-12-19,CHENNAI,Palm Oil (Packed),
2007-12-19,HYDERABAD,Palm Oil (Packed),
2007-12-20,BENGALURU,Palm Oil (Packed),
2007-12-20,T.PURAM,Palm Oil (Packed),
2007-12-20,CHENNAI,Palm Oil (Packed),
2007-12-20,HYDERABAD,Palm Oil (Packed),
2007-12-24,BENGALURU,Palm Oil (Packed),
2007-12-24,T.PURAM,Palm Oil (Packed),
2007-12-24,CHENNAI,Palm Oil (Packed),
2007-12-24,HYDERABAD,Palm Oil (Packed),
2007-12-26,BENGALURU,Palm Oil (Packed),
2007-12-26,T.PURAM,Palm Oil (Packed),
2007-12-26,CHENNAI,Palm Oil (Packed),
2007-12-26,HYDERABAD,Palm Oil (Packed),
2007-12-27,BENGALURU,Palm Oil (Packed),
2007-12-27,T.PURAM,Palm Oil (Packed),
2007-12-27,CHENNAI,Palm Oil (Packed),
2007-12-27,HYDERABAD,Palm Oil (Packed),
2007-12-28,BENGALURU,Palm Oil (Packed),
2007-12-28,T.PURAM,Palm Oil (Packed),
2007-12-28,CHENNAI,Palm Oil (Packed),
2007-12-28,HYDERABAD,Palm Oil (Packed),
2007-12-31,BENGALURU,Palm Oil (Packed),
2007-12-31,T.PURAM,Palm Oil (Packed),
2007-12-31,CHENNAI,Palm Oil (Packed),
2007-12-31,HYDERABAD,Palm Oil (Packed),
2008-01-01,BENGALURU,Palm Oil (Packed),
2008-01-01,T.PURAM,Palm Oil (Packed),
2008-01-01,CHENNAI,Palm Oil (Packed),
2008-01-01,HYDERABAD,Palm Oil (Packed),
2008-01-02,BENGALURU,Palm Oil (Packed),
2008-01-02,T.PURAM,Palm Oil (Packed),
2008-01-02,CHENNAI,Palm Oil (Packed),
2008-01-02,HYDERABAD,Palm Oil (Packed),
2008-01-03,BENGALURU,Palm Oil (Packed),
2008-01-03,T.PURAM,Palm Oil (Packed),
2008-01-03,CHENNAI,Palm Oil (Packed),
2008-01-03,HYDERABAD,Palm Oil (Packed),
2008-01-04,BENGALURU,Palm Oil (Packed),
2008-01-04,T.PURAM,Palm Oil (Packed),
2008-01-04,CHENNAI,Palm Oil (Packed),
2008-01-04,HYDERABAD,Palm Oil (Packed),
2008-01-07,BENGALURU,Palm Oil (Packed),
2008-01-07,T.PURAM,Palm Oil (Packed),
2008-01-07,CHENNAI,Palm Oil (Packed),
2008-01-07,HYDERABAD,Palm Oil (Packed),
2008-01-08,BENGALURU,Palm Oil (Packed),
2008-01-08,T.PURAM,Palm Oil (Packed),
2008-01-08,CHENNAI,Palm Oil (Packed),
2008-01-08,HYDERABAD,Palm Oil (Packed),
2008-01-09,BENGALURU,Palm Oil (Packed),
2008-01-09,T.PURAM,Palm Oil (Packed),
2008-01-09,CHENNAI,Palm Oil (Packed),
2008-01-09,HYDERABAD,Palm Oil (Packed),
2008-01-10,BENGALURU,Palm Oil (Packed),
2008-01-10,T.PURAM,Palm Oil (Packed),
2008-01-10,CHENNAI,Palm Oil (Packed),
2008-01-10,HYDERABAD,Palm Oil (Packed),
2008-01-11,BENGALURU,Palm Oil (Packed),
2008-01-11,T.PURAM,Palm Oil (Packed),
2008-01-11,CHENNAI,Palm Oil (Packed),
2008-01-11,HYDERABAD,Palm Oil (Packed),
2008-01-14,BENGALURU,Palm Oil (Packed),
2008-01-14,T.PURAM,Palm Oil (Packed),
2008-01-14,CHENNAI,Palm Oil (Packed),
2008-01-14,HYDERABAD,Palm Oil (Packed),
2008-01-15,BENGALURU,Palm Oil (Packed),
2008-01-15,T.PURAM,Palm Oil (Packed),
2008-01-15,CHENNAI,Palm Oil (Packed),
2008-01-15,HYDERABAD,Palm Oil (Packed),
2008-01-16,BENGALURU,Palm Oil (Packed),
2008-01-16,T.PURAM,Palm Oil (Packed),
2008-01-16,CHENNAI,Palm Oil (Packed),
2008-01-16,HYDERABAD,Palm Oil (Packed),
2008-01-17,BENGALURU,Palm Oil (Packed),
2008-01-17,T.PURAM,Palm Oil (Packed),
2008-01-17,CHENNAI,Palm Oil (Packed),
2008-01-17,HYDERABAD,Palm Oil (Packed),
2008-01-18,BENGALURU,Palm Oil (Packed),
2008-01-18,T.PURAM,Palm Oil (Packed),
2008-01-18,CHENNAI,Palm Oil (Packed),
2008-01-18,HYDERABAD,Palm Oil (Packed),
2008-01-21,BENGALURU,Palm Oil (Packed),
2008-01-21,T.PURAM,Palm Oil (Packed),
2008-01-21,CHENNAI,Palm Oil (Packed),
2008-01-21,HYDERABAD,Palm Oil (Packed),
2008-01-22,BENGALURU,Palm Oil (Packed),
2008-01-22,T.PURAM,Palm Oil (Packed),
2008-01-22,CHENNAI,Palm Oil (Packed),
2008-01-22,HYDERABAD,Palm Oil (Packed),
2008-01-23,BENGALURU,Palm Oil (Packed),
2008-01-23,T.PURAM,Palm Oil (Packed),
2008-01-23,CHENNAI,Palm Oil (Packed),
2008-01-23,HYDERABAD,Palm Oil (Packed),
2008-01-24,BENGALURU,Palm Oil (Packed),
2008-01-24,T.PURAM,Palm Oil (Packed),
2008-01-24,CHENNAI,Palm Oil (Packed),
2008-01-24,HYDERABAD,Palm Oil (Packed),
2008-01-25,BENGALURU,Palm Oil (Packed),
2008-01-25,T.PURAM,Palm Oil (Packed),
2008-01-25,CHENNAI,Palm Oil (Packed),
2008-01-25,HYDERABAD,Palm Oil (Packed),
2008-01-28,BENGALURU,Palm Oil (Packed),
2008-01-28,T.PURAM,Palm Oil (Packed),
2008-01-28,CHENNAI,Palm Oil (Packed),
2008-01-28,HYDERABAD,Palm Oil (Packed),
2008-01-29,BENGALURU,Palm Oil (Packed),
2008-01-29,T.PURAM,Palm Oil (Packed),
2008-01-29,CHENNAI,Palm Oil (Packed),
2008-01-29,HYDERABAD,Palm Oil (Packed),
2008-01-30,BENGALURU,Palm Oil (Packed),
2008-01-30,T.PURAM,Palm Oil (Packed),
2008-01-30,CHENNAI,Palm Oil (Packed),
2008-01-30,HYDERABAD,Palm Oil (Packed),
2008-01-31,BENGALURU,Palm Oil (Packed),
2008-01-31,T.PURAM,Palm Oil (Packed),
2008-01-31,CHENNAI,Palm Oil (Packed),
2008-01-31,HYDERABAD,Palm Oil (Packed),
2008-02-01,BENGALURU,Palm Oil (Packed),
2008-02-01,T.PURAM,Palm Oil (Packed),
2008-02-01,CHENNAI,Palm Oil (Packed),
2008-02-01,HYDERABAD,Palm Oil (Packed),
2008-02-04,BENGALURU,Palm Oil (Packed),
2008-02-04,T.PURAM,Palm Oil (Packed),
2008-02-04,CHENNAI,Palm Oil (Packed),
2008-02-04,HYDERABAD,Palm Oil (Packed),
2008-02-05,BENGALURU,Palm Oil (Packed),
2008-02-05,T.PURAM,Palm Oil (Packed),
2008-02-05,CHENNAI,Palm Oil (Packed),
2008-02-05,HYDERABAD,Palm Oil (Packed),
2008-02-06,BENGALURU,Palm Oil (Packed),
2008-02-06,T.PURAM,Palm Oil (Packed),
2008-02-06,CHENNAI,Palm Oil (Packed),
2008-02-06,HYDERABAD,Palm Oil (Packed),
2008-02-07,BENGALURU,Palm Oil (Packed),
2008-02-07,T.PURAM,Palm Oil (Packed),
2008-02-07,CHENNAI,Palm Oil (Packed),
2008-02-07,HYDERABAD,Palm Oil (Packed),
2008-02-08,BENGALURU,Palm Oil (Packed),
2008-02-08,T.PURAM,Palm Oil (Packed),
2008-02-08,CHENNAI,Palm Oil (Packed),
2008-02-08,HYDERABAD,Palm Oil (Packed),
2008-02-11,BENGALURU,Palm Oil (Packed),
2008-02-11,T.PURAM,Palm Oil (Packed),
2008-02-11,CHENNAI,Palm Oil (Packed),
2008-02-11,HYDERABAD,Palm Oil (Packed),
2008-02-12,BENGALURU,Palm Oil (Packed),
2008-02-12,T.PURAM,Palm Oil (Packed),
2008-02-12,CHENNAI,Palm Oil (Packed),
2008-02-12,HYDERABAD,Palm Oil (Packed),
2008-02-13,BENGALURU,Palm Oil (Packed),
2008-02-13,T.PURAM,Palm Oil (Packed),
2008-02-13,CHENNAI,Palm Oil (Packed),
2008-02-13,HYDERABAD,Palm Oil (Packed),
2008-02-14,BENGALURU,Palm Oil (Packed),
2008-02-14,T.PURAM,Palm Oil (Packed),
2008-02-14,CHENNAI,Palm Oil (Packed),
2008-02-14,HYDERABAD,Palm Oil (Packed),
2008-02-15,BENGALURU,Palm Oil (Packed),
2008-02-15,T.PURAM,Palm Oil (Packed),
2008-02-15,CHENNAI,Palm Oil (Packed),
2008-02-15,HYDERABAD,Palm Oil (Packed),
2008-02-18,BENGALURU,Palm Oil (Packed),
2008-02-18,T.PURAM,Palm Oil (Packed),
2008-02-18,CHENNAI,Palm Oil (Packed),
2008-02-18,HYDERABAD,Palm Oil (Packed),
2008-02-19,BENGALURU,Palm Oil (Packed),
2008-02-19,T.PURAM,Palm Oil (Packed),
2008-02-19,CHENNAI,Palm Oil (Packed),
2008-02-19,HYDERABAD,Palm Oil (Packed),
2008-02-20,BENGALURU,Palm Oil (Packed),
2008-02-20,T.PURAM,Palm Oil (Packed),
2008-02-20,CHENNAI,Palm Oil (Packed),
2008-02-20,HYDERABAD,Palm Oil (Packed),
2008-02-21,BENGALURU,Palm Oil (Packed),
2008-02-21,T.PURAM,Palm Oil (Packed),
2008-02-21,CHENNAI,Palm Oil (Packed),
2008-02-21,HYDERABAD,Palm Oil (Packed),
2008-02-22,BENGALURU,Palm Oil (Packed),
2008-02-22,T.PURAM,Palm Oil (Packed),
2008-02-22,CHENNAI,Palm Oil (Packed),
2008-02-22,HYDERABAD,Palm Oil (Packed),
2008-02-25,BENGALURU,Palm Oil (Packed),
2008-02-25,T.PURAM,Palm Oil (Packed),
2008-02-25,CHENNAI,Palm Oil (Packed),
2008-02-25,HYDERABAD,Palm Oil (Packed),
2008-02-26,BENGALURU,Palm Oil (Packed),
2008-02-26,T.PURAM,Palm Oil (Packed),
2008-02-26,CHENNAI,Palm Oil (Packed),
2008-02-26,HYDERABAD,Palm Oil (Packed),
2008-02-27,BENGALURU,Palm Oil (Packed),
2008-02-27,T.PURAM,Palm Oil (Packed),
2008-02-27,CHENNAI,Palm Oil (Packed),
2008-02-27,HYDERABAD,Palm Oil (Packed),
2008-02-28,BENGALURU,Palm Oil (Packed),
2008-02-28,T.PURAM,Palm Oil (Packed),
2008-02-28,CHENNAI,Palm Oil (Packed),
2008-02-28,HYDERABAD,Palm Oil (Packed),
2008-02-29,BENGALURU,Palm Oil (Packed),
2008-02-29,T.PURAM,Palm Oil (Packed),
2008-02-29,CHENNAI,Palm Oil (Packed),
2008-02-29,HYDERABAD,Palm Oil (Packed),
2008-03-03,BENGALURU,Palm Oil (Packed),
2008-03-03,T.PURAM,Palm Oil (Packed),
2008-03-03,CHENNAI,Palm Oil (Packed),
2008-03-03,HYDERABAD,Palm Oil (Packed),
2008-03-04,BENGALURU,Palm Oil (Packed),
2008-03-04,T.PURAM,Palm Oil (Packed),
2008-03-04,CHENNAI,Palm Oil (Packed),
2008-03-04,HYDERABAD,Palm Oil (Packed),
2008-03-05,BENGALURU,Palm Oil (Packed),
2008-03-05,T.PURAM,Palm Oil (Packed),
2008-03-05,CHENNAI,Palm Oil (Packed),
2008-03-05,HYDERABAD,Palm Oil (Packed),
2008-03-07,BENGALURU,Palm Oil (Packed),
2008-03-07,T.PURAM,Palm Oil (Packed),
2008-03-07,CHENNAI,Palm Oil (Packed),
2008-03-07,HYDERABAD,Palm Oil (Packed),
2008-03-10,BENGALURU,Palm Oil (Packed),
2008-03-10,T.PURAM,Palm Oil (Packed),
2008-03-10,CHENNAI,Palm Oil (Packed),
2008-03-10,HYDERABAD,Palm Oil (Packed),
2008-03-11,BENGALURU,Palm Oil (Packed),
2008-03-11,T.PURAM,Palm Oil (Packed),
2008-03-11,CHENNAI,Palm Oil (Packed),
2008-03-11,HYDERABAD,Palm Oil (Packed),
2008-03-12,BENGALURU,Palm Oil (Packed),
2008-03-12,T.PURAM,Palm Oil (Packed),
2008-03-12,CHENNAI,Palm Oil (Packed),
2008-03-12,HYDERABAD,Palm Oil (Packed),
2008-03-13,BENGALURU,Palm Oil (Packed),
2008-03-13,T.PURAM,Palm Oil (Packed),
2008-03-13,CHENNAI,Palm Oil (Packed),
2008-03-13,HYDERABAD,Palm Oil (Packed),
2008-03-14,BENGALURU,Palm Oil (Packed),
2008-03-14,T.PURAM,Palm Oil (Packed),
2008-03-14,CHENNAI,Palm Oil (Packed),
2008-03-14,HYDERABAD,Palm Oil (Packed),
2008-03-17,BENGALURU,Palm Oil (Packed),
2008-03-17,T.PURAM,Palm Oil (Packed),
2008-03-17,CHENNAI,Palm Oil (Packed),
2008-03-17,HYDERABAD,Palm Oil (Packed),
2008-03-18,BENGALURU,Palm Oil (Packed),
2008-03-18,T.PURAM,Palm Oil (Packed),
2008-03-18,CHENNAI,Palm Oil (Packed),
2008-03-18,HYDERABAD,Palm Oil (Packed),
2008-03-19,BENGALURU,Palm Oil (Packed),
2008-03-19,T.PURAM,Palm Oil (Packed),
2008-03-19,CHENNAI,Palm Oil (Packed),
2008-03-19,HYDERABAD,Palm Oil (Packed),
2008-03-20,BENGALURU,Palm Oil (Packed),
2008-03-20,T.PURAM,Palm Oil (Packed),
2008-03-20,CHENNAI,Palm Oil (Packed),
2008-03-20,HYDERABAD,Palm Oil (Packed),
2008-03-24,BENGALURU,Palm Oil (Packed),
2008-03-24,T.PURAM,Palm Oil (Packed),
2008-03-24,CHENNAI,Palm Oil (Packed),
2008-03-24,HYDERABAD,Palm Oil (Packed),
2008-03-25,BENGALURU,Palm Oil (Packed),
2008-03-25,T.PURAM,Palm Oil (Packed),
2008-03-25,CHENNAI,Palm Oil (Packed),
2008-03-25,HYDERABAD,Palm Oil (Packed),
2008-03-26,BENGALURU,Palm Oil (Packed),
2008-03-26,T.PURAM,Palm Oil (Packed),
2008-03-26,CHENNAI,Palm Oil (Packed),
2008-03-26,HYDERABAD,Palm Oil (Packed),
2008-03-27,BENGALURU,Palm Oil (Packed),
2008-03-27,T.PURAM,Palm Oil (Packed),
2008-03-27,CHENNAI,Palm Oil (Packed),
2008-03-27,HYDERABAD,Palm Oil (Packed),
2008-03-28,BENGALURU,Palm Oil (Packed),
2008-03-28,T.PURAM,Palm Oil (Packed),
2008-03-28,CHENNAI,Palm Oil (Packed),
2008-03-28,HYDERABAD,Palm Oil (Packed),
2008-03-31,BENGALURU,Palm Oil (Packed),
2008-03-31,T.PURAM,Palm Oil (Packed),
2008-03-31,CHENNAI,Palm Oil (Packed),
2008-03-31,HYDERABAD,Palm Oil (Packed),
2008-04-01,BENGALURU,Palm Oil (Packed),
2008-04-01,T.PURAM,Palm Oil (Packed),
2008-04-01,CHENNAI,Palm Oil (Packed),
2008-04-01,HYDERABAD,Palm Oil (Packed),
2008-04-02,BENGALURU,Palm Oil (Packed),
2008-04-02,T.PURAM,Palm Oil (Packed),
2008-04-02,CHENNAI,Palm Oil (Packed),
2008-04-02,HYDERABAD,Palm Oil (Packed),
2008-04-03,BENGALURU,Palm Oil (Packed),
2008-04-03,T.PURAM,Palm Oil (Packed),
2008-04-03,CHENNAI,Palm Oil (Packed),
2008-04-03,HYDERABAD,Palm Oil (Packed),
2008-04-04,BENGALURU,Palm Oil (Packed),
2008-04-04,T.PURAM,Palm Oil (Packed),
2008-04-04,CHENNAI,Palm Oil (Packed),
2008-04-04,HYDERABAD,Palm Oil (Packed),
2008-04-07,BENGALURU,Palm Oil (Packed),
2008-04-07,T.PURAM,Palm Oil (Packed),
2008-04-07,CHENNAI,Palm Oil (Packed),
2008-04-07,HYDERABAD,Palm Oil (Packed),
2008-04-08,BENGALURU,Palm Oil (Packed),
2008-04-08,T.PURAM,Palm Oil (Packed),
2008-04-08,CHENNAI,Palm Oil (Packed),
2008-04-08,HYDERABAD,Palm Oil (Packed),
2008-04-09,BENGALURU,Palm Oil (Packed),
2008-04-09,T.PURAM,Palm Oil (Packed),
2008-04-09,CHENNAI,Palm Oil (Packed),
2008-04-09,HYDERABAD,Palm Oil (Packed),
2008-04-10,BENGALURU,Palm Oil (Packed),
2008-04-10,T.PURAM,Palm Oil (Packed),
2008-04-10,CHENNAI,Palm Oil (Packed),
2008-04-10,HYDERABAD,Palm Oil (Packed),
2008-04-11,BENGALURU,Palm Oil (Packed),
2008-04-11,T.PURAM,Palm Oil (Packed),
2008-04-11,CHENNAI,Palm Oil (Packed),
2008-04-11,HYDERABAD,Palm Oil (Packed),
2008-04-15,BENGALURU,Palm Oil (Packed),
2008-04-15,T.PURAM,Palm Oil (Packed),
2008-04-15,CHENNAI,Palm Oil (Packed),
2008-04-15,HYDERABAD,Palm Oil (Packed),
2008-04-16,BENGALURU,Palm Oil (Packed),
2008-04-16,T.PURAM,Palm Oil (Packed),
2008-04-16,CHENNAI,Palm Oil (Packed),
2008-04-16,HYDERABAD,Palm Oil (Packed),
2008-04-17,BENGALURU,Palm Oil (Packed),
2008-04-17,T.PURAM,Palm Oil (Packed),
2008-04-17,CHENNAI,Palm Oil (Packed),
2008-04-17,HYDERABAD,Palm Oil (Packed),
2008-04-21,BENGALURU,Palm Oil (Packed),
2008-04-21,T.PURAM,Palm Oil (Packed),
2008-04-21,CHENNAI,Palm Oil (Packed),
2008-04-21,HYDERABAD,Palm Oil (Packed),
2008-04-22,BENGALURU,Palm Oil (Packed),
2008-04-22,T.PURAM,Palm Oil (Packed),
2008-04-22,CHENNAI,Palm Oil (Packed),
2008-04-22,HYDERABAD,Palm Oil (Packed),
2008-04-23,BENGALURU,Palm Oil (Packed),
2008-04-23,T.PURAM,Palm Oil (Packed),
2008-04-23,CHENNAI,Palm Oil (Packed),
2008-04-23,HYDERABAD,Palm Oil (Packed),
2008-04-24,BENGALURU,Palm Oil (Packed),
2008-04-24,T.PURAM,Palm Oil (Packed),
2008-04-24,CHENNAI,Palm Oil (Packed),
2008-04-24,HYDERABAD,Palm Oil (Packed),
2008-04-25,BENGALURU,Palm Oil (Packed),
2008-04-25,T.PURAM,Palm Oil (Packed),
2008-04-25,CHENNAI,Palm Oil (Packed),
2008-04-25,HYDERABAD,Palm Oil (Packed),
2008-04-28,BENGALURU,Palm Oil (Packed),
2008-04-28,T.PURAM,Palm Oil (Packed),
2008-04-28,CHENNAI,Palm Oil (Packed),
2008-04-28,HYDERABAD,Palm Oil (Packed),
2008-04-29,BENGALURU,Palm Oil (Packed),
2008-04-29,T.PURAM,Palm Oil (Packed),
2008-04-29,CHENNAI,Palm Oil (Packed),
2008-04-29,HYDERABAD,Palm Oil (Packed),
2008-04-30,BENGALURU,Palm Oil (Packed),
2008-04-30,T.PURAM,Palm Oil (Packed),
2008-04-30,CHENNAI,Palm Oil (Packed),
2008-04-30,HYDERABAD,Palm Oil (Packed),
2008-05-01,BENGALURU,Palm Oil (Packed),
2008-05-01,T.PURAM,Palm Oil (Packed),
2008-05-01,CHENNAI,Palm Oil (Packed),
2008-05-01,HYDERABAD,Palm Oil (Packed),
2008-05-02,BENGALURU,Palm Oil (Packed),
2008-05-02,T.PURAM,Palm Oil (Packed),
2008-05-02,CHENNAI,Palm Oil (Packed),
2008-05-02,HYDERABAD,Palm Oil (Packed),
2008-05-05,BENGALURU,Palm Oil (Packed),
2008-05-05,T.PURAM,Palm Oil (Packed),
2008-05-05,CHENNAI,Palm Oil (Packed),
2008-05-05,HYDERABAD,Palm Oil (Packed),
2008-05-06,BENGALURU,Palm Oil (Packed),
2008-05-06,T.PURAM,Palm Oil (Packed),
2008-05-06,CHENNAI,Palm Oil (Packed),
2008-05-06,HYDERABAD,Palm Oil (Packed),
2008-05-07,BENGALURU,Palm Oil (Packed),
2008-05-07,T.PURAM,Palm Oil (Packed),
2008-05-07,CHENNAI,Palm Oil (Packed),
2008-05-07,HYDERABAD,Palm Oil (Packed),
2008-05-08,BENGALURU,Palm Oil (Packed),
2008-05-08,T.PURAM,Palm Oil (Packed),
2008-05-08,CHENNAI,Palm Oil (Packed),
2008-05-08,HYDERABAD,Palm Oil (Packed),
2008-05-09,BENGALURU,Palm Oil (Packed),
2008-05-09,T.PURAM,Palm Oil (Packed),
2008-05-09,CHENNAI,Palm Oil (Packed),
2008-05-09,HYDERABAD,Palm Oil (Packed),
2008-05-12,BENGALURU,Palm Oil (Packed),
2008-05-12,T.PURAM,Palm Oil (Packed),
2008-05-12,CHENNAI,Palm Oil (Packed),
2008-05-12,HYDERABAD,Palm Oil (Packed),
2008-05-13,BENGALURU,Palm Oil (Packed),
2008-05-13,T.PURAM,Palm Oil (Packed),
2008-05-13,CHENNAI,Palm Oil (Packed),
2008-05-13,HYDERABAD,Palm Oil (Packed),
2008-05-14,BENGALURU,Palm Oil (Packed),
2008-05-14,T.PURAM,Palm Oil (Packed),
2008-05-14,CHENNAI,Palm Oil (Packed),
2008-05-14,HYDERABAD,Palm Oil (Packed),
2008-05-15,BENGALURU,Palm Oil (Packed),
2008-05-15,T.PURAM,Palm Oil (Packed),
2008-05-15,CHENNAI,Palm Oil (Packed),
2008-05-15,HYDERABAD,Palm Oil (Packed),
2008-05-16,BENGALURU,Palm Oil (Packed),
2008-05-16,T.PURAM,Palm Oil (Packed),
2008-05-16,CHENNAI,Palm Oil (Packed),
2008-05-16,HYDERABAD,Palm Oil (Packed),
2008-05-19,BENGALURU,Palm Oil (Packed),
2008-05-19,T.PURAM,Palm Oil (Packed),
2008-05-19,CHENNAI,Palm Oil (Packed),
2008-05-19,HYDERABAD,Palm Oil (Packed),
2008-05-21,BENGALURU,Palm Oil (Packed),
2008-05-21,T.PURAM,Palm Oil (Packed),
2008-05-21,CHENNAI,Palm Oil (Packed),
2008-05-21,HYDERABAD,Palm Oil (Packed),
2008-05-22,BENGALURU,Palm Oil (Packed),
2008-05-22,T.PURAM,Palm Oil (Packed),
2008-05-22,CHENNAI,Palm Oil (Packed),
2008-05-22,HYDERABAD,Palm Oil (Packed),
2008-05-23,BENGALURU,Palm Oil (Packed),
2008-05-23,T.PURAM,Palm Oil (Packed),
2008-05-23,CHENNAI,Palm Oil (Packed),
2008-05-23,HYDERABAD,Palm Oil (Packed),
2008-05-26,BENGALURU,Palm Oil (Packed),
2008-05-26,T.PURAM,Palm Oil (Packed),
2008-05-26,CHENNAI,Palm Oil (Packed),
2008-05-26,HYDERABAD,Palm Oil (Packed),
2008-05-27,BENGALURU,Palm Oil (Packed),
2008-05-27,T.PURAM,Palm Oil (Packed),
2008-05-27,CHENNAI,Palm Oil (Packed),
2008-05-27,HYDERABAD,Palm Oil (Packed),
2008-05-28,BENGALURU,Palm Oil (Packed),
2008-05-28,T.PURAM,Palm Oil (Packed),
2008-05-28,CHENNAI,Palm Oil (Packed),
2008-05-28,HYDERABAD,Palm Oil (Packed),
2008-05-29,BENGALURU,Palm Oil (Packed),
2008-05-29,T.PURAM,Palm Oil (Packed),
2008-05-29,CHENNAI,Palm Oil (Packed),
2008-05-29,HYDERABAD,Palm Oil (Packed),
2008-05-30,BENGALURU,Palm Oil (Packed),
2008-05-30,T.PURAM,Palm Oil (Packed),
2008-05-30,CHENNAI,Palm Oil (Packed),
2008-05-30,HYDERABAD,Palm Oil (Packed),
2008-06-02,BENGALURU,Palm Oil (Packed),
2008-06-02,T.PURAM,Palm Oil (Packed),
2008-06-02,CHENNAI,Palm Oil (Packed),
2008-06-02,HYDERABAD,Palm Oil (Packed),
2008-06-03,BENGALURU,Palm Oil (Packed),
2008-06-03,T.PURAM,Palm Oil (Packed),
2008-06-03,CHENNAI,Palm Oil (Packed),
2008-06-03,HYDERABAD,Palm Oil (Packed),
2008-06-04,BENGALURU,Palm Oil (Packed),
2008-06-04,T.PURAM,Palm Oil (Packed),
2008-06-04,CHENNAI,Palm Oil (Packed),
2008-06-04,HYDERABAD,Palm Oil (Packed),
2008-06-05,BENGALURU,Palm Oil (Packed),
2008-06-05,T.PURAM,Palm Oil (Packed),
2008-06-05,CHENNAI,Palm Oil (Packed),
2008-06-05,HYDERABAD,Palm Oil (Packed),
2008-06-06,BENGALURU,Palm Oil (Packed),
2008-06-06,T.PURAM,Palm Oil (Packed),
2008-06-06,CHENNAI,Palm Oil (Packed),
2008-06-06,HYDERABAD,Palm Oil (Packed),
2008-06-09,BENGALURU,Palm Oil (Packed),
2008-06-09,T.PURAM,Palm Oil (Packed),
2008-06-09,CHENNAI,Palm Oil (Packed),
2008-06-09,HYDERABAD,Palm Oil (Packed),
2008-06-10,BENGALURU,Palm Oil (Packed),
2008-06-10,T.PURAM,Palm Oil (Packed),
2008-06-10,CHENNAI,Palm Oil (Packed),
2008-06-10,HYDERABAD,Palm Oil (Packed),
2008-06-11,BENGALURU,Palm Oil (Packed),
2008-06-11,T.PURAM,Palm Oil (Packed),
2008-06-11,CHENNAI,Palm Oil (Packed),
2008-06-11,HYDERABAD,Palm Oil (Packed),
2008-06-12,BENGALURU,Palm Oil (Packed),
2008-06-12,T.PURAM,Palm Oil (Packed),
2008-06-12,CHENNAI,Palm Oil (Packed),
2008-06-12,HYDERABAD,Palm Oil (Packed),
2008-06-13,BENGALURU,Palm Oil (Packed),
2008-06-13,T.PURAM,Palm Oil (Packed),
2008-06-13,CHENNAI,Palm Oil (Packed),
2008-06-13,HYDERABAD,Palm Oil (Packed),
2008-06-16,BENGALURU,Palm Oil (Packed),
2008-06-16,T.PURAM,Palm Oil (Packed),
2008-06-16,CHENNAI,Palm Oil (Packed),
2008-06-16,HYDERABAD,Palm Oil (Packed),
2008-06-17,BENGALURU,Palm Oil (Packed),
2008-06-17,T.PURAM,Palm Oil (Packed),
2008-06-17,CHENNAI,Palm Oil (Packed),
2008-06-17,HYDERABAD,Palm Oil (Packed),
2008-06-18,BENGALURU,Palm Oil (Packed),
2008-06-18,T.PURAM,Palm Oil (Packed),
2008-06-18,CHENNAI,Palm Oil (Packed),
2008-06-18,HYDERABAD,Palm Oil (Packed),
2008-06-19,BENGALURU,Palm Oil (Packed),
2008-06-19,T.PURAM,Palm Oil (Packed),
2008-06-19,CHENNAI,Palm Oil (Packed),
2008-06-19,HYDERABAD,Palm Oil (Packed),
2008-06-20,BENGALURU,Palm Oil (Packed),
2008-06-20,T.PURAM,Palm Oil (Packed),
2008-06-20,CHENNAI,Palm Oil (Packed),
2008-06-20,HYDERABAD,Palm Oil (Packed),
2008-06-23,BENGALURU,Palm Oil (Packed),
2008-06-23,T.PURAM,Palm Oil (Packed),
2008-06-23,CHENNAI,Palm Oil (Packed),
2008-06-23,HYDERABAD,Palm Oil (Packed),
2008-06-24,BENGALURU,Palm Oil (Packed),
2008-06-24,T.PURAM,Palm Oil (Packed),
2008-06-24,CHENNAI,Palm Oil (Packed),
2008-06-24,HYDERABAD,Palm Oil (Packed),
2008-06-25,BENGALURU,Palm Oil (Packed),
2008-06-25,T.PURAM,Palm Oil (Packed),
2008-06-25,CHENNAI,Palm Oil (Packed),
2008-06-25,HYDERABAD,Palm Oil (Packed),
2008-06-26,BENGALURU,Palm Oil (Packed),
2008-06-26,T.PURAM,Palm Oil (Packed),
2008-06-26,CHENNAI,Palm Oil (Packed),
2008-06-26,HYDERABAD,Palm Oil (Packed),
2008-06-27,BENGALURU,Palm Oil (Packed),
2008-06-27,T.PURAM,Palm Oil (Packed),
2008-06-27,CHENNAI,Palm Oil (Packed),
2008-06-27,HYDERABAD,Palm Oil (Packed),
2008-06-30,BENGALURU,Palm Oil (Packed),
2008-06-30,T.PURAM,Palm Oil (Packed),
2008-06-30,CHENNAI,Palm Oil (Packed),
2008-06-30,HYDERABAD,Palm Oil (Packed),
2008-07-01,BENGALURU,Palm Oil (Packed),
2008-07-01,T.PURAM,Palm Oil (Packed),
2008-07-01,CHENNAI,Palm Oil (Packed),
2008-07-01,HYDERABAD,Palm Oil (Packed),
2008-07-02,BENGALURU,Palm Oil (Packed),
2008-07-02,T.PURAM,Palm Oil (Packed),
2008-07-02,CHENNAI,Palm Oil (Packed),
2008-07-02,HYDERABAD,Palm Oil (Packed),
2008-07-03,BENGALURU,Palm Oil (Packed),
2008-07-03,T.PURAM,Palm Oil (Packed),
2008-07-03,CHENNAI,Palm Oil (Packed),
2008-07-03,HYDERABAD,Palm Oil (Packed),
2008-07-04,BENGALURU,Palm Oil (Packed),
2008-07-04,T.PURAM,Palm Oil (Packed),
2008-07-04,CHENNAI,Palm Oil (Packed),
2008-07-04,HYDERABAD,Palm Oil (Packed),
2008-07-07,BENGALURU,Palm Oil (Packed),
2008-07-07,T.PURAM,Palm Oil (Packed),
2008-07-07,CHENNAI,Palm Oil (Packed),
2008-07-07,HYDERABAD,Palm Oil (Packed),
2008-07-08,BENGALURU,Palm Oil (Packed),
2008-07-08,T.PURAM,Palm Oil (Packed),
2008-07-08,CHENNAI,Palm Oil (Packed),
2008-07-08,HYDERABAD,Palm Oil (Packed),
2008-07-09,BENGALURU,Palm Oil (Packed),
2008-07-09,T.PURAM,Palm Oil (Packed),
2008-07-09,CHENNAI,Palm Oil (Packed),
2008-07-09,HYDERABAD,Palm Oil (Packed),
2008-07-10,BENGALURU,Palm Oil (Packed),
2008-07-10,T.PURAM,Palm Oil (Packed),
2008-07-10,CHENNAI,Palm Oil (Packed),
2008-07-10,HYDERABAD,Palm Oil (Packed),
2008-07-11,BENGALURU,Palm Oil (Packed),
2008-07-11,T.PURAM,Palm Oil (Packed),
2008-07-11,CHENNAI,Palm Oil (Packed),
2008-07-11,HYDERABAD,Palm Oil (Packed),
2008-07-14,BENGALURU,Palm Oil (Packed),
2008-07-14,T.PURAM,Palm Oil (Packed),
2008-07-14,CHENNAI,Palm Oil (Packed),
2008-07-14,HYDERABAD,Palm Oil (Packed),
2008-07-15,BENGALURU,Palm Oil (Packed),
2008-07-15,T.PURAM,Palm Oil (Packed),
2008-07-15,CHENNAI,Palm Oil (Packed),
2008-07-15,HYDERABAD,Palm Oil (Packed),
2008-07-16,BENGALURU,Palm Oil (Packed),
2008-07-16,T.PURAM,Palm Oil (Packed),
2008-07-16,CHENNAI,Palm Oil (Packed),
2008-07-16,HYDERABAD,Palm Oil (Packed),
2008-07-17,BENGALURU,Palm Oil (Packed),
2008-07-17,T.PURAM,Palm Oil (Packed),
2008-07-17,CHENNAI,Palm Oil (Packed),
2008-07-17,HYDERABAD,Palm Oil (Packed),
2008-07-18,BENGALURU,Palm Oil (Packed),
2008-07-18,T.PURAM,Palm Oil (Packed),
2008-07-18,CHENNAI,Palm Oil (Packed),
2008-07-18,HYDERABAD,Palm Oil (Packed),
2008-07-21,BENGALURU,Palm Oil (Packed),
2008-07-21,T.PURAM,Palm Oil (Packed),
2008-07-21,CHENNAI,Palm Oil (Packed),
2008-07-21,HYDERABAD,Palm Oil (Packed),
2008-07-22,BENGALURU,Palm Oil (Packed),
2008-07-22,T.PURAM,Palm Oil (Packed),
2008-07-22,CHENNAI,Palm Oil (Packed),
2008-07-22,HYDERABAD,Palm Oil (Packed),
2008-07-23,BENGALURU,Palm Oil (Packed),
2008-07-23,T.PURAM,Palm Oil (Packed),
2008-07-23,CHENNAI,Palm Oil (Packed),
2008-07-23,HYDERABAD,Palm Oil (Packed),
2008-07-24,BENGALURU,Palm Oil (Packed),
2008-07-24,T.PURAM,Palm Oil (Packed),
2008-07-24,CHENNAI,Palm Oil (Packed),
2008-07-24,HYDERABAD,Palm Oil (Packed),
2008-07-25,BENGALURU,Palm Oil (Packed),
2008-07-25,T.PURAM,Palm Oil (Packed),
2008-07-25,CHENNAI,Palm Oil (Packed),
2008-07-25,HYDERABAD,Palm Oil (Packed),
2008-07-28,BENGALURU,Palm Oil (Packed),
2008-07-28,T.PURAM,Palm Oil (Packed),
2008-07-28,CHENNAI,Palm Oil (Packed),
2008-07-28,HYDERABAD,Palm Oil (Packed),
2008-07-29,BENGALURU,Palm Oil (Packed),
2008-07-29,T.PURAM,Palm Oil (Packed),
2008-07-29,CHENNAI,Palm Oil (Packed),
2008-07-29,HYDERABAD,Palm Oil (Packed),
2008-07-30,BENGALURU,Palm Oil (Packed),
2008-07-30,T.PURAM,Palm Oil (Packed),
2008-07-30,CHENNAI,Palm Oil (Packed),
2008-07-30,HYDERABAD,Palm Oil (Packed),
2008-07-31,BENGALURU,Palm Oil (Packed),
2008-07-31,T.PURAM,Palm Oil (Packed),
2008-07-31,CHENNAI,Palm Oil (Packed),
2008-07-31,HYDERABAD,Palm Oil (Packed),
2008-08-01,BENGALURU,Palm Oil (Packed),
2008-08-01,T.PURAM,Palm Oil (Packed),
2008-08-01,CHENNAI,Palm Oil (Packed),
2008-08-01,HYDERABAD,Palm Oil (Packed),
2008-08-04,BENGALURU,Palm Oil (Packed),
2008-08-04,T.PURAM,Palm Oil (Packed),
2008-08-04,CHENNAI,Palm Oil (Packed),
2008-08-04,HYDERABAD,Palm Oil (Packed),
2008-08-05,BENGALURU,Palm Oil (Packed),
2008-08-05,T.PURAM,Palm Oil (Packed),
2008-08-05,CHENNAI,Palm Oil (Packed),
2008-08-05,HYDERABAD,Palm Oil (Packed),
2008-08-06,BENGALURU,Palm Oil (Packed),
2008-08-06,T.PURAM,Palm Oil (Packed),
2008-08-06,CHENNAI,Palm Oil (Packed),
2008-08-06,HYDERABAD,Palm Oil (Packed),
2008-08-07,BENGALURU,Palm Oil (Packed),
2008-08-07,T.PURAM,Palm Oil (Packed),
2008-08-07,CHENNAI,Palm Oil (Packed),
2008-08-07,HYDERABAD,Palm Oil (Packed),
2008-08-08,BENGALURU,Palm Oil (Packed),
2008-08-08,T.PURAM,Palm Oil (Packed),
2008-08-08,CHENNAI,Palm Oil (Packed),
2008-08-08,HYDERABAD,Palm Oil (Packed),
2008-08-11,BENGALURU,Palm Oil (Packed),
2008-08-11,T.PURAM,Palm Oil (Packed),
2008-08-11,CHENNAI,Palm Oil (Packed),
2008-08-11,HYDERABAD,Palm Oil (Packed),
2008-08-12,BENGALURU,Palm Oil (Packed),
2008-08-12,T.PURAM,Palm Oil (Packed),
2008-08-12,CHENNAI,Palm Oil (Packed),
2008-08-12,HYDERABAD,Palm Oil (Packed),
2008-08-13,BENGALURU,Palm Oil (Packed),
2008-08-13,T.PURAM,Palm Oil (Packed),
2008-08-13,CHENNAI,Palm Oil (Packed),
2008-08-13,HYDERABAD,Palm Oil (Packed),
2008-08-14,BENGALURU,Palm Oil (Packed),
2008-08-14,T.PURAM,Palm Oil (Packed),
2008-08-14,CHENNAI,Palm Oil (Packed),
2008-08-14,HYDERABAD,Palm Oil (Packed),
2008-08-18,BENGALURU,Palm Oil (Packed),
2008-08-18,T.PURAM,Palm Oil (Packed),
2008-08-18,CHENNAI,Palm Oil (Packed),
2008-08-18,HYDERABAD,Palm Oil (Packed),
2008-08-19,BENGALURU,Palm Oil (Packed),
2008-08-19,T.PURAM,Palm Oil (Packed),
2008-08-19,CHENNAI,Palm Oil (Packed),
2008-08-19,HYDERABAD,Palm Oil (Packed),
2008-08-20,BENGALURU,Palm Oil (Packed),
2008-08-20,T.PURAM,Palm Oil (Packed),
2008-08-20,CHENNAI,Palm Oil (Packed),
2008-08-20,HYDERABAD,Palm Oil (Packed),
2008-08-21,BENGALURU,Palm Oil (Packed),
2008-08-21,T.PURAM,Palm Oil (Packed),
2008-08-21,CHENNAI,Palm Oil (Packed),
2008-08-21,HYDERABAD,Palm Oil (Packed),
2008-08-22,BENGALURU,Palm Oil (Packed),
2008-08-22,T.PURAM,Palm Oil (Packed),
2008-08-22,CHENNAI,Palm Oil (Packed),
2008-08-22,HYDERABAD,Palm Oil (Packed),
2008-08-25,BENGALURU,Palm Oil (Packed),
2008-08-25,T.PURAM,Palm Oil (Packed),
2008-08-25,CHENNAI,Palm Oil (Packed),
2008-08-25,HYDERABAD,Palm Oil (Packed),
2008-08-26,BENGALURU,Palm Oil (Packed),
2008-08-26,T.PURAM,Palm Oil (Packed),
2008-08-26,CHENNAI,Palm Oil (Packed),
2008-08-26,HYDERABAD,Palm Oil (Packed),
2008-08-27,BENGALURU,Palm Oil (Packed),
2008-08-27,T.PURAM,Palm Oil (Packed),
2008-08-27,CHENNAI,Palm Oil (Packed),
2008-08-27,HYDERABAD,Palm Oil (Packed),
2008-08-28,BENGALURU,Palm Oil (Packed),
2008-08-28,T.PURAM,Palm Oil (Packed),
2008-08-28,CHENNAI,Palm Oil (Packed),
2008-08-28,HYDERABAD,Palm Oil (Packed),
2008-08-29,BENGALURU,Palm Oil (Packed),
2008-08-29,T.PURAM,Palm Oil (Packed),
2008-08-29,CHENNAI,Palm Oil (Packed),
2008-08-29,HYDERABAD,Palm Oil (Packed),
2008-09-01,BENGALURU,Palm Oil (Packed),
2008-09-01,T.PURAM,Palm Oil (Packed),
2008-09-01,CHENNAI,Palm Oil (Packed),
2008-09-01,HYDERABAD,Palm Oil (Packed),
2008-09-02,BENGALURU,Palm Oil (Packed),
2008-09-02,T.PURAM,Palm Oil (Packed),
2008-09-02,CHENNAI,Palm Oil (Packed),
2008-09-02,HYDERABAD,Palm Oil (Packed),
2008-09-03,BENGALURU,Palm Oil (Packed),
2008-09-03,T.PURAM,Palm Oil (Packed),
2008-09-03,CHENNAI,Palm Oil (Packed),
2008-09-03,HYDERABAD,Palm Oil (Packed),
2008-09-04,BENGALURU,Palm Oil (Packed),
2008-09-04,T.PURAM,Palm Oil (Packed),
2008-09-04,CHENNAI,Palm Oil (Packed),
2008-09-04,HYDERABAD,Palm Oil (Packed),
2008-09-05,BENGALURU,Palm Oil (Packed),
2008-09-05,T.PURAM,Palm Oil (Packed),
2008-09-05,CHENNAI,Palm Oil (Packed),
2008-09-05,HYDERABAD,Palm Oil (Packed),
2008-09-08,BENGALURU,Palm Oil (Packed),
2008-09-08,T.PURAM,Palm Oil (Packed),
2008-09-08,CHENNAI,Palm Oil (Packed),
2008-09-08,HYDERABAD,Palm Oil (Packed),
2008-09-09,BENGALURU,Palm Oil (Packed),
2008-09-09,T.PURAM,Palm Oil (Packed),
2008-09-09,CHENNAI,Palm Oil (Packed),
2008-09-09,HYDERABAD,Palm Oil (Packed),
2008-09-10,BENGALURU,Palm Oil (Packed),
2008-09-10,T.PURAM,Palm Oil (Packed),
2008-09-10,CHENNAI,Palm Oil (Packed),
2008-09-10,HYDERABAD,Palm Oil (Packed),
2008-09-11,BENGALURU,Palm Oil (Packed),
2008-09-11,T.PURAM,Palm Oil (Packed),
2008-09-11,CHENNAI,Palm Oil (Packed),
2008-09-11,HYDERABAD,Palm Oil (Packed),
2008-09-12,BENGALURU,Palm Oil (Packed),
2008-09-12,HYDERABAD,Palm Oil (Packed),
2008-09-15,BENGALURU,Palm Oil (Packed),
2008-09-15,T.PURAM,Palm Oil (Packed),
2008-09-15,CHENNAI,Palm Oil (Packed),
2008-09-15,HYDERABAD,Palm Oil (Packed),
2008-09-16,BENGALURU,Palm Oil (Packed),
2008-09-16,T.PURAM,Palm Oil (Packed),
2008-09-16,CHENNAI,Palm Oil (Packed),
2008-09-16,HYDERABAD,Palm Oil (Packed),
2008-09-17,BENGALURU,Palm Oil (Packed),
2008-09-17,T.PURAM,Palm Oil (Packed),
2008-09-17,CHENNAI,Palm Oil (Packed),
2008-09-17,HYDERABAD,Palm Oil (Packed),
2008-09-18,BENGALURU,Palm Oil (Packed),
2008-09-18,T.PURAM,Palm Oil (Packed),
2008-09-18,CHENNAI,Palm Oil (Packed),
2008-09-18,HYDERABAD,Palm Oil (Packed),
2008-09-19,BENGALURU,Palm Oil (Packed),
2008-09-19,T.PURAM,Palm Oil (Packed),
2008-09-19,CHENNAI,Palm Oil (Packed),
2008-09-19,HYDERABAD,Palm Oil (Packed),
2008-09-22,BENGALURU,Palm Oil (Packed),
2008-09-22,T.PURAM,Palm Oil (Packed),
2008-09-22,CHENNAI,Palm Oil (Packed),
2008-09-22,HYDERABAD,Palm Oil (Packed),
2008-09-23,BENGALURU,Palm Oil (Packed),
2008-09-23,T.PURAM,Palm Oil (Packed),
2008-09-23,CHENNAI,Palm Oil (Packed),
2008-09-23,HYDERABAD,Palm Oil (Packed),
2008-09-24,BENGALURU,Palm Oil (Packed),
2008-09-24,T.PURAM,Palm Oil (Packed),
2008-09-24,CHENNAI,Palm Oil (Packed),
2008-09-24,HYDERABAD,Palm Oil (Packed),
2008-09-25,BENGALURU,Palm Oil (Packed),
2008-09-25,T.PURAM,Palm Oil (Packed),
2008-09-25,CHENNAI,Palm Oil (Packed),
2008-09-25,HYDERABAD,Palm Oil (Packed),
2008-09-26,BENGALURU,Palm Oil (Packed),
2008-09-26,T.PURAM,Palm Oil (Packed),
2008-09-26,CHENNAI,Palm Oil (Packed),
2008-09-26,HYDERABAD,Palm Oil (Packed),
2008-09-29,BENGALURU,Palm Oil (Packed),
2008-09-29,T.PURAM,Palm Oil (Packed),
2008-09-29,CHENNAI,Palm Oil (Packed),
2008-09-29,HYDERABAD,Palm Oil (Packed),
2008-09-30,BENGALURU,Palm Oil (Packed),
2008-09-30,T.PURAM,Palm Oil (Packed),
2008-09-30,CHENNAI,Palm Oil (Packed),
2008-09-30,HYDERABAD,Palm Oil (Packed),
2008-10-01,BENGALURU,Palm Oil (Packed),
2008-10-01,T.PURAM,Palm Oil (Packed),
2008-10-01,CHENNAI,Palm Oil (Packed),
2008-10-01,HYDERABAD,Palm Oil (Packed),
2008-10-03,BENGALURU,Palm Oil (Packed),
2008-10-03,T.PURAM,Palm Oil (Packed),
2008-10-03,CHENNAI,Palm Oil (Packed),
2008-10-03,HYDERABAD,Palm Oil (Packed),
2008-10-06,BENGALURU,Palm Oil (Packed),
2008-10-06,T.PURAM,Palm Oil (Packed),
2008-10-06,CHENNAI,Palm Oil (Packed),
2008-10-06,HYDERABAD,Palm Oil (Packed),
2008-10-07,BENGALURU,Palm Oil (Packed),
2008-10-07,T.PURAM,Palm Oil (Packed),
2008-10-07,CHENNAI,Palm Oil (Packed),
2008-10-07,HYDERABAD,Palm Oil (Packed),
2008-10-08,BENGALURU,Palm Oil (Packed),
2008-10-08,T.PURAM,Palm Oil (Packed),
2008-10-08,CHENNAI,Palm Oil (Packed),
2008-10-08,HYDERABAD,Palm Oil (Packed),
2008-10-10,BENGALURU,Palm Oil (Packed),
2008-10-10,T.PURAM,Palm Oil (Packed),
2008-10-10,CHENNAI,Palm Oil (Packed),
2008-10-10,HYDERABAD,Palm Oil (Packed),
2008-10-13,BENGALURU,Palm Oil (Packed),
2008-10-13,T.PURAM,Palm Oil (Packed),
2008-10-13,CHENNAI,Palm Oil (Packed),
2008-10-13,HYDERABAD,Palm Oil (Packed),
2008-10-14,BENGALURU,Palm Oil (Packed),
2008-10-14,T.PURAM,Palm Oil (Packed),
2008-10-14,CHENNAI,Palm Oil (Packed),
2008-10-14,HYDERABAD,Palm Oil (Packed),
2008-10-15,BENGALURU,Palm Oil (Packed),
2008-10-15,T.PURAM,Palm Oil (Packed),
2008-10-15,CHENNAI,Palm Oil (Packed),
2008-10-15,HYDERABAD,Palm Oil (Packed),
2008-10-16,BENGALURU,Palm Oil (Packed),
2008-10-16,T.PURAM,Palm Oil (Packed),
2008-10-16,CHENNAI,Palm Oil (Packed),
2008-10-16,HYDERABAD,Palm Oil (Packed),
2008-10-17,BENGALURU,Palm Oil (Packed),
2008-10-17,T.PURAM,Palm Oil (Packed),
2008-10-17,CHENNAI,Palm Oil (Packed),
2008-10-17,HYDERABAD,Palm Oil (Packed),
2008-10-20,BENGALURU,Palm Oil (Packed),
2008-10-20,T.PURAM,Palm Oil (Packed),
2008-10-20,CHENNAI,Palm Oil (Packed),
2008-10-20,HYDERABAD,Palm Oil (Packed),
2008-10-21,BENGALURU,Palm Oil (Packed),
2008-10-21,T.PURAM,Palm Oil (Packed),
2008-10-21,CHENNAI,Palm Oil (Packed),
2008-10-21,HYDERABAD,Palm Oil (Packed),
2008-10-22,BENGALURU,Palm Oil (Packed),
2008-10-22,T.PURAM,Palm Oil (Packed),
2008-10-22,CHENNAI,Palm Oil (Packed),
2008-10-22,HYDERABAD,Palm Oil (Packed),
2008-10-23,BENGALURU,Palm Oil (Packed),
2008-10-23,T.PURAM,Palm Oil (Packed),
2008-10-23,CHENNAI,Palm Oil (Packed),
2008-10-23,HYDERABAD,Palm Oil (Packed),
2008-10-24,BENGALURU,Palm Oil (Packed),
2008-10-24,T.PURAM,Palm Oil (Packed),
2008-10-24,CHENNAI,Palm Oil (Packed),
2008-10-24,HYDERABAD,Palm Oil (Packed),
2008-10-27,BENGALURU,Palm Oil (Packed),
2008-10-27,T.PURAM,Palm Oil (Packed),
2008-10-27,CHENNAI,Palm Oil (Packed),
2008-10-27,HYDERABAD,Palm Oil (Packed),
2008-10-29,BENGALURU,Palm Oil (Packed),
2008-10-29,T.PURAM,Palm Oil (Packed),
2008-10-29,CHENNAI,Palm Oil (Packed),
2008-10-29,HYDERABAD,Palm Oil (Packed),
2008-10-30,BENGALURU,Palm Oil (Packed),
2008-10-30,T.PURAM,Palm Oil (Packed),
2008-10-30,CHENNAI,Palm Oil (Packed),
2008-10-30,HYDERABAD,Palm Oil (Packed),
2008-10-31,BENGALURU,Palm Oil (Packed),
2008-10-31,T.PURAM,Palm Oil (Packed),
2008-10-31,CHENNAI,Palm Oil (Packed),
2008-10-31,HYDERABAD,Palm Oil (Packed),
2008-11-03,BENGALURU,Palm Oil (Packed),
2008-11-03,T.PURAM,Palm Oil (Packed),
2008-11-03,CHENNAI,Palm Oil (Packed),
2008-11-03,HYDERABAD,Palm Oil (Packed),
2008-11-04,BENGALURU,Palm Oil (Packed),
2008-11-04,T.PURAM,Palm Oil (Packed),
2008-11-04,CHENNAI,Palm Oil (Packed),
2008-11-04,HYDERABAD,Palm Oil (Packed),
2008-11-05,BENGALURU,Palm Oil (Packed),
2008-11-05,T.PURAM,Palm Oil (Packed),
2008-11-05,CHENNAI,Palm Oil (Packed),
2008-11-05,HYDERABAD,Palm Oil (Packed),
2008-11-06,BENGALURU,Palm Oil (Packed),
2008-11-06,T.PURAM,Palm Oil (Packed),
2008-11-06,CHENNAI,Palm Oil (Packed),
2008-11-06,HYDERABAD,Palm Oil (Packed),
2008-11-07,BENGALURU,Palm Oil (Packed),41.0
2008-11-07,T.PURAM,Palm Oil (Packed),37.0
2008-11-07,CHENNAI,Palm Oil (Packed),
2008-11-07,HYDERABAD,Palm Oil (Packed),
2008-11-10,BENGALURU,Palm Oil (Packed),41.0
2008-11-10,T.PURAM,Palm Oil (Packed),37.0
2008-11-10,CHENNAI,Palm Oil (Packed),
2008-11-10,HYDERABAD,Palm Oil (Packed),
2008-11-11,BENGALURU,Palm Oil (Packed),41.0
2008-11-11,T.PURAM,Palm Oil (Packed),37.0
2008-11-11,CHENNAI,Palm Oil (Packed),
2008-11-11,HYDERABAD,Palm Oil (Packed),
2008-11-12,BENGALURU,Palm Oil (Packed),41.0
2008-11-12,T.PURAM,Palm Oil (Packed),37.0
2008-11-12,CHENNAI,Palm Oil (Packed),
2008-11-12,HYDERABAD,Palm Oil (Packed),
2008-11-14,BENGALURU,Palm Oil (Packed),41.0
2008-11-14,T.PURAM,Palm Oil (Packed),37.0
2008-11-14,CHENNAI,Palm Oil (Packed),
2008-11-14,HYDERABAD,Palm Oil (Packed),
2008-11-17,BENGALURU,Palm Oil (Packed),41.0
2008-11-17,T.PURAM,Palm Oil (Packed),37.0
2008-11-17,CHENNAI,Palm Oil (Packed),
2008-11-17,HYDERABAD,Palm Oil (Packed),
2008-11-18,BENGALURU,Palm Oil (Packed),41.0
2008-11-18,T.PURAM,Palm Oil (Packed),37.0
2008-11-18,CHENNAI,Palm Oil (Packed),
2008-11-18,HYDERABAD,Palm Oil (Packed),
2008-11-19,BENGALURU,Palm Oil (Packed),41.0
2008-11-19,T.PURAM,Palm Oil (Packed),37.0
2008-11-19,CHENNAI,Palm Oil (Packed),
2008-11-19,HYDERABAD,Palm Oil (Packed),
2008-11-20,BENGALURU,Palm Oil (Packed),41.0
2008-11-20,T.PURAM,Palm Oil (Packed),37.0
2008-11-20,CHENNAI,Palm Oil (Packed),
2008-11-20,HYDERABAD,Palm Oil (Packed),
2008-11-21,BENGALURU,Palm Oil (Packed),41.0
2008-11-21,T.PURAM,Palm Oil (Packed),37.0
2008-11-21,CHENNAI,Palm Oil (Packed),
2008-11-21,HYDERABAD,Palm Oil (Packed),
2008-11-24,BENGALURU,Palm Oil (Packed),41.0
2008-11-24,T.PURAM,Palm Oil (Packed),37.0
2008-11-24,CHENNAI,Palm Oil (Packed),
2008-11-24,HYDERABAD,Palm Oil (Packed),
2008-11-25,BENGALURU,Palm Oil (Packed),41.0
2008-11-25,T.PURAM,Palm Oil (Packed),37.0
2008-11-25,CHENNAI,Palm Oil (Packed),
2008-11-25,HYDERABAD,Palm Oil (Packed),
2008-11-26,BENGALURU,Palm Oil (Packed),41.0
2008-11-26,T.PURAM,Palm Oil (Packed),37.0
2008-11-26,CHENNAI,Palm Oil (Packed),
2008-11-26,HYDERABAD,Palm Oil (Packed),
2008-11-27,BENGALURU,Palm Oil (Packed),41.0
2008-11-27,T.PURAM,Palm Oil (Packed),37.0
2008-11-27,CHENNAI,Palm Oil (Packed),
2008-11-27,HYDERABAD,Palm Oil (Packed),
2008-11-28,BENGALURU,Palm Oil (Packed),41.0
2008-11-28,T.PURAM,Palm Oil (Packed),37.0
2008-11-28,CHENNAI,Palm Oil (Packed),
2008-11-28,HYDERABAD,Palm Oil (Packed),
2008-12-01,BENGALURU,Palm Oil (Packed),41.0
2008-12-01,T.PURAM,Palm Oil (Packed),37.0
2008-12-01,CHENNAI,Palm Oil (Packed),
2008-12-01,HYDERABAD,Palm Oil (Packed),
2008-12-02,BENGALURU,Palm Oil (Packed),41.0
2008-12-02,T.PURAM,Palm Oil (Packed),37.0
2008-12-02,CHENNAI,Palm Oil (Packed),
2008-12-02,HYDERABAD,Palm Oil (Packed),
2008-12-03,BENGALURU,Palm Oil (Packed),41.0
2008-12-03,T.PURAM,Palm Oil (Packed),37.0
2008-12-03,CHENNAI,Palm Oil (Packed),
2008-12-03,HYDERABAD,Palm Oil (Packed),
2008-12-04,BENGALURU,Palm Oil (Packed),41.0
2008-12-04,T.PURAM,Palm Oil (Packed),37.0
2008-12-04,CHENNAI,Palm Oil (Packed),
2008-12-04,HYDERABAD,Palm Oil (Packed),
2008-12-05,BENGALURU,Palm Oil (Packed),41.0
2008-12-05,T.PURAM,Palm Oil (Packed),37.0
2008-12-05,CHENNAI,Palm Oil (Packed),
2008-12-05,HYDERABAD,Palm Oil (Packed),
2008-12-08,BENGALURU,Palm Oil (Packed),41.0
2008-12-08,T.PURAM,Palm Oil (Packed),37.0
2008-12-08,CHENNAI,Palm Oil (Packed),
2008-12-08,HYDERABAD,Palm Oil (Packed),
2008-12-10,BENGALURU,Palm Oil (Packed),41.0
2008-12-10,T.PURAM,Palm Oil (Packed),37.0
2008-12-10,CHENNAI,Palm Oil (Packed),
2008-12-10,HYDERABAD,Palm Oil (Packed),
2008-12-11,BENGALURU,Palm Oil (Packed),41.0
2008-12-11,T.PURAM,Palm Oil (Packed),37.0
2008-12-11,CHENNAI,Palm Oil (Packed),
2008-12-11,HYDERABAD,Palm Oil (Packed),
2008-12-12,BENGALURU,Palm Oil (Packed),41.0
2008-12-12,T.PURAM,Palm Oil (Packed),37.0
2008-12-12,CHENNAI,Palm Oil (Packed),
2008-12-12,HYDERABAD,Palm Oil (Packed),
2008-12-15,BENGALURU,Palm Oil (Packed),41.0
2008-12-15,T.PURAM,Palm Oil (Packed),37.0
2008-12-15,CHENNAI,Palm Oil (Packed),
2008-12-15,HYDERABAD,Palm Oil (Packed),
2008-12-16,BENGALURU,Palm Oil (Packed),41.0
2008-12-16,T.PURAM,Palm Oil (Packed),37.0
2008-12-16,CHENNAI,Palm Oil (Packed),
2008-12-16,HYDERABAD,Palm Oil (Packed),
2008-12-17,BENGALURU,Palm Oil (Packed),41.0
2008-12-17,T.PURAM,Palm Oil (Packed),37.0
2008-12-17,CHENNAI,Palm Oil (Packed),
2008-12-17,HYDERABAD,Palm Oil (Packed),
2008-12-18,BENGALURU,Palm Oil (Packed),41.0
2008-12-18,T.PURAM,Palm Oil (Packed),37.0
2008-12-18,CHENNAI,Palm Oil (Packed),
2008-12-18,HYDERABAD,Palm Oil (Packed),
2008-12-19,BENGALURU,Palm Oil (Packed),41.0
2008-12-19,T.PURAM,Palm Oil (Packed),37.0
2008-12-19,CHENNAI,Palm Oil (Packed),
2008-12-19,HYDERABAD,Palm Oil (Packed),
2008-12-22,BENGALURU,Palm Oil (Packed),41.0
2008-12-22,T.PURAM,Palm Oil (Packed),37.0
2008-12-22,CHENNAI,Palm Oil (Packed),
2008-12-22,HYDERABAD,Palm Oil (Packed),
2008-12-23,BENGALURU,Palm Oil (Packed),41.0
2008-12-23,T.PURAM,Palm Oil (Packed),37.0
2008-12-23,CHENNAI,Palm Oil (Packed),
2008-12-23,HYDERABAD,Palm Oil (Packed),
2008-12-24,BENGALURU,Palm Oil (Packed),41.0
2008-12-24,T.PURAM,Palm Oil (Packed),37.0
2008-12-24,CHENNAI,Palm Oil (Packed),
2008-12-24,HYDERABAD,Palm Oil (Packed),
2008-12-26,BENGALURU,Palm Oil (Packed),41.0
2008-12-26,T.PURAM,Palm Oil (Packed),37.0
2008-12-26,CHENNAI,Palm Oil (Packed),
2008-12-26,HYDERABAD,Palm Oil (Packed),
2008-12-29,BENGALURU,Palm Oil (Packed),41.0
2008-12-29,T.PURAM,Palm Oil (Packed),37.0
2008-12-29,CHENNAI,Palm Oil (Packed),
2008-12-29,HYDERABAD,Palm Oil (Packed),
2008-12-30,BENGALURU,Palm Oil (Packed),41.0
2008-12-30,T.PURAM,Palm Oil (Packed),37.0
2008-12-30,CHENNAI,Palm Oil (Packed),
2008-12-30,HYDERABAD,Palm Oil (Packed),
2008-12-31,BENGALURU,Palm Oil (Packed),41.0
2008-12-31,T.PURAM,Palm Oil (Packed),37.0
2008-12-31,CHENNAI,Palm Oil (Packed),
2008-12-31,HYDERABAD,Palm Oil (Packed),
2009-01-01,BENGALURU,Palm Oil (Packed),41.0
2009-01-01,T.PURAM,Palm Oil (Packed),37.0
2009-01-01,CHENNAI,Palm Oil (Packed),
2009-01-01,HYDERABAD,Palm Oil (Packed),
2009-01-02,BENGALURU,Palm Oil (Packed),41.0
2009-01-02,T.PURAM,Palm Oil (Packed),37.0
2009-01-02,CHENNAI,Palm Oil (Packed),
2009-01-02,HYDERABAD,Palm Oil (Packed),
2009-01-05,BENGALURU,Palm Oil (Packed),41.0
2009-01-05,T.PURAM,Palm Oil (Packed),37.0
2009-01-05,CHENNAI,Palm Oil (Packed),
2009-01-05,HYDERABAD,Palm Oil (Packed),
2009-01-06,BENGALURU,Palm Oil (Packed),41.0
2009-01-06,T.PURAM,Palm Oil (Packed),37.0
2009-01-06,CHENNAI,Palm Oil (Packed),
2009-01-06,HYDERABAD,Palm Oil (Packed),
2009-01-07,BENGALURU,Palm Oil (Packed),41.0
2009-01-07,T.PURAM,Palm Oil (Packed),37.0
2009-01-07,CHENNAI,Palm Oil (Packed),
2009-01-07,HYDERABAD,Palm Oil (Packed),
2009-01-09,BENGALURU,Palm Oil (Packed),41.0
2009-01-09,T.PURAM,Palm Oil (Packed),37.0
2009-01-09,CHENNAI,Palm Oil (Packed),36.0
2009-01-09,HYDERABAD,Palm Oil (Packed),
2009-01-12,BENGALURU,Palm Oil (Packed),41.0
2009-01-12,T.PURAM,Palm Oil (Packed),37.0
2009-01-12,CHENNAI,Palm Oil (Packed),36.0
2009-01-12,HYDERABAD,Palm Oil (Packed),
2009-01-13,BENGALURU,Palm Oil (Packed),41.0
2009-01-13,T.PURAM,Palm Oil (Packed),37.0
2009-01-13,CHENNAI,Palm Oil (Packed),36.0
2009-01-13,HYDERABAD,Palm Oil (Packed),
2009-01-14,BENGALURU,Palm Oil (Packed),41.0
2009-01-14,T.PURAM,Palm Oil (Packed),37.0
2009-01-14,CHENNAI,Palm Oil (Packed),36.0
2009-01-14,HYDERABAD,Palm Oil (Packed),
2009-01-15,BENGALURU,Palm Oil (Packed),41.0
2009-01-15,T.PURAM,Palm Oil (Packed),37.0
2009-01-15,CHENNAI,Palm Oil (Packed),36.0
2009-01-15,HYDERABAD,Palm Oil (Packed),
2009-01-16,BENGALURU,Palm Oil (Packed),41.0
2009-01-16,T.PURAM,Palm Oil (Packed),37.0
2009-01-16,CHENNAI,Palm Oil (Packed),36.0
2009-01-16,HYDERABAD,Palm Oil (Packed),
2009-01-19,BENGALURU,Palm Oil (Packed),41.0
2009-01-19,T.PURAM,Palm Oil (Packed),37.0
2009-01-19,CHENNAI,Palm Oil (Packed),36.0
2009-01-19,HYDERABAD,Palm Oil (Packed),
2009-01-20,BENGALURU,Palm Oil (Packed),41.0
2009-01-20,T.PURAM,Palm Oil (Packed),37.0
2009-01-20,CHENNAI,Palm Oil (Packed),36.0
2009-01-20,HYDERABAD,Palm Oil (Packed),
2009-01-21,BENGALURU,Palm Oil (Packed),41.0
2009-01-21,T.PURAM,Palm Oil (Packed),37.0
2009-01-21,CHENNAI,Palm Oil (Packed),36.0
2009-01-21,HYDERABAD,Palm Oil (Packed),
2009-01-22,BENGALURU,Palm Oil (Packed),41.0
2009-01-22,T.PURAM,Palm Oil (Packed),37.0
2009-01-22,CHENNAI,Palm Oil (Packed),36.0
2009-01-22,HYDERABAD,Palm Oil (Packed),
2009-01-23,BENGALURU,Palm Oil (Packed),41.0
2009-01-23,T.PURAM,Palm Oil (Packed),37.0
2009-01-23,CHENNAI,Palm Oil (Packed),36.0
2009-01-23,HYDERABAD,Palm Oil (Packed),
2009-01-27,BENGALURU,Palm Oil (Packed),41.0
2009-01-27,T.PURAM,Palm Oil (Packed),37.0
2009-01-27,CHENNAI,Palm Oil (Packed),36.0
2009-01-27,HYDERABAD,Palm Oil (Packed),
2009-01-28,BENGALURU,Palm Oil (Packed),41.0
2009-01-28,T.PURAM,Palm Oil (Packed),37.0
2009-01-28,CHENNAI,Palm Oil (Packed),36.0
2009-01-28,HYDERABAD,Palm Oil (Packed),
2009-01-29,BENGALURU,Palm Oil (Packed),41.0
2009-01-29,T.PURAM,Palm Oil (Packed),37.0
2009-01-29,CHENNAI,Palm Oil (Packed),36.0
2009-01-29,HYDERABAD,Palm Oil (Packed),
2009-01-30,BENGALURU,Palm Oil (Packed),41.0
2009-01-30,T.PURAM,Palm Oil (Packed),37.0
2009-01-30,CHENNAI,Palm Oil (Packed),36.0
2009-01-30,HYDERABAD,Palm Oil (Packed),
2009-02-02,BENGALURU,Palm Oil (Packed),41.0
2009-02-02,T.PURAM,Palm Oil (Packed),37.0
2009-02-02,CHENNAI,Palm Oil (Packed),36.0
2009-02-02,HYDERABAD,Palm Oil (Packed),
2009-02-03,BENGALURU,Palm Oil (Packed),41.0
2009-02-03,T.PURAM,Palm Oil (Packed),37.0
2009-02-03,CHENNAI,Palm Oil (Packed),36.0
2009-02-03,HYDERABAD,Palm Oil (Packed),
2009-02-04,BENGALURU,Palm Oil (Packed),41.0
2009-02-04,T.PURAM,Palm Oil (Packed),37.0
2009-02-04,CHENNAI,Palm Oil (Packed),36.0
2009-02-04,HYDERABAD,Palm Oil (Packed),
2009-02-05,BENGALURU,Palm Oil (Packed),41.0
2009-02-05,T.PURAM,Palm Oil (Packed),37.0
2009-02-05,CHENNAI,Palm Oil (Packed),36.0
2009-02-05,HYDERABAD,Palm Oil (Packed),
2009-02-06,BENGALURU,Palm Oil (Packed),41.0
2009-02-06,T.PURAM,Palm Oil (Packed),37.0
2009-02-06,CHENNAI,Palm Oil (Packed),36.0
2009-02-06,HYDERABAD,Palm Oil (Packed),
2009-02-09,BENGALURU,Palm Oil (Packed),41.0
2009-02-09,T.PURAM,Palm Oil (Packed),37.0
2009-02-09,CHENNAI,Palm Oil (Packed),36.0
2009-02-09,HYDERABAD,Palm Oil (Packed),
2009-02-10,BENGALURU,Palm Oil (Packed),41.0
2009-02-10,T.PURAM,Palm Oil (Packed),37.0
2009-02-10,CHENNAI,Palm Oil (Packed),36.0
2009-02-10,HYDERABAD,Palm Oil (Packed),
2009-02-11,BENGALURU,Palm Oil (Packed),41.0
2009-02-11,T.PURAM,Palm Oil (Packed),37.0
2009-02-11,CHENNAI,Palm Oil (Packed),36.0
2009-02-11,HYDERABAD,Palm Oil (Packed),
2009-02-12,BENGALURU,Palm Oil (Packed),41.0
2009-02-12,T.PURAM,Palm Oil (Packed),37.0
2009-02-12,CHENNAI,Palm Oil (Packed),36.0
2009-02-12,HYDERABAD,Palm Oil (Packed),
2009-02-13,BENGALURU,Palm Oil (Packed),41.0
2009-02-13,T.PURAM,Palm Oil (Packed),37.0
2009-02-13,CHENNAI,Palm Oil (Packed),36.0
2009-02-13,HYDERABAD,Palm Oil (Packed),
2009-02-16,BENGALURU,Palm Oil (Packed),41.0
2009-02-16,T.PURAM,Palm Oil (Packed),37.0
2009-02-16,CHENNAI,Palm Oil (Packed),36.0
2009-02-16,HYDERABAD,Palm Oil (Packed),
2009-02-17,BENGALURU,Palm Oil (Packed),41.0
2009-02-17,T.PURAM,Palm Oil (Packed),37.0
2009-02-17,CHENNAI,Palm Oil (Packed),36.0
2009-02-17,HYDERABAD,Palm Oil (Packed),
2009-02-18,BENGALURU,Palm Oil (Packed),41.0
2009-02-18,T.PURAM,Palm Oil (Packed),37.0
2009-02-18,CHENNAI,Palm Oil (Packed),36.0
2009-02-18,HYDERABAD,Palm Oil (Packed),
2009-02-19,BENGALURU,Palm Oil (Packed),41.0
2009-02-19,T.PURAM,Palm Oil (Packed),37.0
2009-02-19,CHENNAI,Palm Oil (Packed),36.0
2009-02-19,HYDERABAD,Palm Oil (Packed),
2009-02-20,BENGALURU,Palm Oil (Packed),41.0
2009-02-20,T.PURAM,Palm Oil (Packed),37.0
2009-02-20,CHENNAI,Palm Oil (Packed),36.0
2009-02-20,HYDERABAD,Palm Oil (Packed),
2009-02-23,BENGALURU,Palm Oil (Packed),41.0
2009-02-23,T.PURAM,Palm Oil (Packed),37.0
2009-02-23,CHENNAI,Palm Oil (Packed),36.0
2009-02-23,HYDERABAD,Palm Oil (Packed),
2009-02-24,BENGALURU,Palm Oil (Packed),41.0
2009-02-24,T.PURAM,Palm Oil (Packed),37.0
2009-02-24,CHENNAI,Palm Oil (Packed),36.0
2009-02-24,HYDERABAD,Palm Oil (Packed),
2009-02-25,BENGALURU,Palm Oil (Packed),41.0
2009-02-25,T.PURAM,Palm Oil (Packed),37.0
2009-02-25,CHENNAI,Palm Oil (Packed),36.0
2009-02-25,HYDERABAD,Palm Oil (Packed),
2009-02-26,BENGALURU,Palm Oil (Packed),41.0
2009-02-26,T.PURAM,Palm Oil (Packed),37.0
2009-02-26,CHENNAI,Palm Oil (Packed),36.0
2009-02-26,HYDERABAD,Palm Oil (Packed),
2009-02-27,BENGALURU,Palm Oil (Packed),41.0
2009-02-27,T.PURAM,Palm Oil (Packed),37.0
2009-02-27,CHENNAI,Palm Oil (Packed),36.0
2009-02-27,HYDERABAD,Palm Oil (Packed),
2009-03-02,BENGALURU,Palm Oil (Packed),41.0
2009-03-02,T.PURAM,Palm Oil (Packed),37.0
2009-03-02,CHENNAI,Palm Oil (Packed),36.0
2009-03-02,HYDERABAD,Palm Oil (Packed),
2009-03-03,BENGALURU,Palm Oil (Packed),41.0
2009-03-03,T.PURAM,Palm Oil (Packed),37.0
2009-03-03,CHENNAI,Palm Oil (Packed),36.0
2009-03-03,HYDERABAD,Palm Oil (Packed),
2009-03-04,BENGALURU,Palm Oil (Packed),41.0
2009-03-04,T.PURAM,Palm Oil (Packed),37.0
2009-03-04,CHENNAI,Palm Oil (Packed),36.0
2009-03-04,HYDERABAD,Palm Oil (Packed),
2009-03-05,BENGALURU,Palm Oil (Packed),41.0
2009-03-05,T.PURAM,Palm Oil (Packed),37.0
2009-03-05,CHENNAI,Palm Oil (Packed),36.0
2009-03-05,HYDERABAD,Palm Oil (Packed),
2009-03-06,BENGALURU,Palm Oil (Packed),41.0
2009-03-06,T.PURAM,Palm Oil (Packed),37.0
2009-03-06,CHENNAI,Palm Oil (Packed),36.0
2009-03-06,HYDERABAD,Palm Oil (Packed),
2009-03-09,BENGALURU,Palm Oil (Packed),41.0
2009-03-09,T.PURAM,Palm Oil (Packed),37.0
2009-03-09,CHENNAI,Palm Oil (Packed),36.0
2009-03-09,HYDERABAD,Palm Oil (Packed),
2009-03-12,BENGALURU,Palm Oil (Packed),41.0
2009-03-12,T.PURAM,Palm Oil (Packed),39.0
2009-03-12,CHENNAI,Palm Oil (Packed),36.0
2009-03-12,HYDERABAD,Palm Oil (Packed),
2009-03-13,BENGALURU,Palm Oil (Packed),41.0
2009-03-13,T.PURAM,Palm Oil (Packed),39.0
2009-03-13,CHENNAI,Palm Oil (Packed),36.0
2009-03-13,HYDERABAD,Palm Oil (Packed),
2009-03-16,BENGALURU,Palm Oil (Packed),41.0
2009-03-16,T.PURAM,Palm Oil (Packed),39.0
2009-03-16,CHENNAI,Palm Oil (Packed),36.0
2009-03-16,HYDERABAD,Palm Oil (Packed),
2009-03-17,BENGALURU,Palm Oil (Packed),41.0
2009-03-17,T.PURAM,Palm Oil (Packed),39.0
2009-03-17,CHENNAI,Palm Oil (Packed),36.0
2009-03-17,HYDERABAD,Palm Oil (Packed),
2009-03-18,BENGALURU,Palm Oil (Packed),41.0
2009-03-18,T.PURAM,Palm Oil (Packed),39.0
2009-03-18,CHENNAI,Palm Oil (Packed),36.0
2009-03-18,HYDERABAD,Palm Oil (Packed),
2009-03-19,BENGALURU,Palm Oil (Packed),41.0
2009-03-19,T.PURAM,Palm Oil (Packed),39.0
2009-03-19,CHENNAI,Palm Oil (Packed),36.0
2009-03-19,HYDERABAD,Palm Oil (Packed),
2009-03-20,BENGALURU,Palm Oil (Packed),41.0
2009-03-20,T.PURAM,Palm Oil (Packed),39.0
2009-03-20,CHENNAI,Palm Oil (Packed),36.0
2009-03-20,HYDERABAD,Palm Oil (Packed),
2009-03-23,BENGALURU,Palm Oil (Packed),41.0
2009-03-23,T.PURAM,Palm Oil (Packed),39.0
2009-03-23,CHENNAI,Palm Oil (Packed),36.0
2009-03-23,HYDERABAD,Palm Oil (Packed),
2009-03-24,BENGALURU,Palm Oil (Packed),41.0
2009-03-24,T.PURAM,Palm Oil (Packed),39.0
2009-03-24,CHENNAI,Palm Oil (Packed),36.0
2009-03-24,HYDERABAD,Palm Oil (Packed),
2009-03-25,BENGALURU,Palm Oil (Packed),41.0
2009-03-25,T.PURAM,Palm Oil (Packed),39.0
2009-03-25,CHENNAI,Palm Oil (Packed),36.0
2009-03-25,HYDERABAD,Palm Oil (Packed),
2009-03-26,BENGALURU,Palm Oil (Packed),41.0
2009-03-26,T.PURAM,Palm Oil (Packed),39.0
2009-03-26,CHENNAI,Palm Oil (Packed),36.0
2009-03-26,HYDERABAD,Palm Oil (Packed),
2009-03-27,BENGALURU,Palm Oil (Packed),41.0
2009-03-27,T.PURAM,Palm Oil (Packed),39.0
2009-03-27,CHENNAI,Palm Oil (Packed),39.0
2009-03-27,HYDERABAD,Palm Oil (Packed),
2009-03-30,BENGALURU,Palm Oil (Packed),41.0
2009-03-30,T.PURAM,Palm Oil (Packed),39.0
2009-03-30,CHENNAI,Palm Oil (Packed),39.0
2009-03-30,HYDERABAD,Palm Oil (Packed),
2009-03-31,BENGALURU,Palm Oil (Packed),41.0
2009-03-31,T.PURAM,Palm Oil (Packed),39.0
2009-03-31,CHENNAI,Palm Oil (Packed),39.0
2009-03-31,HYDERABAD,Palm Oil (Packed),
2009-04-01,BENGALURU,Palm Oil (Packed),41.0
2009-04-01,T.PURAM,Palm Oil (Packed),39.0
2009-04-01,CHENNAI,Palm Oil (Packed),39.0
2009-04-01,HYDERABAD,Palm Oil (Packed),
2009-04-02,BENGALURU,Palm Oil (Packed),41.0
2009-04-02,T.PURAM,Palm Oil (Packed),39.0
2009-04-02,CHENNAI,Palm Oil (Packed),39.0
2009-04-02,HYDERABAD,Palm Oil (Packed),
2009-04-06,BENGALURU,Palm Oil (Packed),41.0
2009-04-06,T.PURAM,Palm Oil (Packed),39.0
2009-04-06,CHENNAI,Palm Oil (Packed),39.0
2009-04-06,HYDERABAD,Palm Oil (Packed),
2009-04-08,BENGALURU,Palm Oil (Packed),41.0
2009-04-08,T.PURAM,Palm Oil (Packed),40.0
2009-04-08,CHENNAI,Palm Oil (Packed),39.0
2009-04-08,HYDERABAD,Palm Oil (Packed),
2009-04-09,BENGALURU,Palm Oil (Packed),41.0
2009-04-09,T.PURAM,Palm Oil (Packed),40.0
2009-04-09,CHENNAI,Palm Oil (Packed),39.0
2009-04-09,HYDERABAD,Palm Oil (Packed),
2009-04-13,BENGALURU,Palm Oil (Packed),41.0
2009-04-13,T.PURAM,Palm Oil (Packed),40.0
2009-04-13,CHENNAI,Palm Oil (Packed),39.0
2009-04-13,HYDERABAD,Palm Oil (Packed),
2009-04-15,BENGALURU,Palm Oil (Packed),41.0
2009-04-15,T.PURAM,Palm Oil (Packed),40.0
2009-04-15,CHENNAI,Palm Oil (Packed),39.0
2009-04-15,HYDERABAD,Palm Oil (Packed),
2009-04-16,BENGALURU,Palm Oil (Packed),41.0
2009-04-16,T.PURAM,Palm Oil (Packed),40.0
2009-04-16,CHENNAI,Palm Oil (Packed),39.0
2009-04-16,HYDERABAD,Palm Oil (Packed),
2009-04-17,BENGALURU,Palm Oil (Packed),41.0
2009-04-17,T.PURAM,Palm Oil (Packed),40.0
2009-04-17,CHENNAI,Palm Oil (Packed),39.0
2009-04-17,HYDERABAD,Palm Oil (Packed),
2009-04-20,BENGALURU,Palm Oil (Packed),41.0
2009-04-20,T.PURAM,Palm Oil (Packed),40.0
2009-04-20,CHENNAI,Palm Oil (Packed),39.0
2009-04-20,HYDERABAD,Palm Oil (Packed),
2009-04-21,BENGALURU,Palm Oil (Packed),41.0
2009-04-21,T.PURAM,Palm Oil (Packed),40.0
2009-04-21,CHENNAI,Palm Oil (Packed),39.0
2009-04-21,HYDERABAD,Palm Oil (Packed),
2009-04-22,BENGALURU,Palm Oil (Packed),41.0
2009-04-22,T.PURAM,Palm Oil (Packed),40.0
2009-04-22,CHENNAI,Palm Oil (Packed),39.0
2009-04-22,HYDERABAD,Palm Oil (Packed),
2009-04-23,BENGALURU,Palm Oil (Packed),41.0
2009-04-23,T.PURAM,Palm Oil (Packed),40.0
2009-04-23,CHENNAI,Palm Oil (Packed),39.0
2009-04-23,HYDERABAD,Palm Oil (Packed),
2009-04-24,BENGALURU,Palm Oil (Packed),41.0
2009-04-24,T.PURAM,Palm Oil (Packed),40.0
2009-04-24,CHENNAI,Palm Oil (Packed),39.0
2009-04-24,HYDERABAD,Palm Oil (Packed),
2009-04-27,BENGALURU,Palm Oil (Packed),41.0
2009-04-27,T.PURAM,Palm Oil (Packed),40.0
2009-04-27,CHENNAI,Palm Oil (Packed),39.0
2009-04-27,HYDERABAD,Palm Oil (Packed),
2009-04-28,BENGALURU,Palm Oil (Packed),41.0
2009-04-28,T.PURAM,Palm Oil (Packed),40.0
2009-04-28,CHENNAI,Palm Oil (Packed),39.0
2009-04-28,HYDERABAD,Palm Oil (Packed),
2009-04-29,BENGALURU,Palm Oil (Packed),41.0
2009-04-29,T.PURAM,Palm Oil (Packed),40.0
2009-04-29,CHENNAI,Palm Oil (Packed),39.0
2009-04-29,HYDERABAD,Palm Oil (Packed),
2009-04-30,BENGALURU,Palm Oil (Packed),41.0
2009-04-30,T.PURAM,Palm Oil (Packed),40.0
2009-04-30,CHENNAI,Palm Oil (Packed),39.0
2009-04-30,HYDERABAD,Palm Oil (Packed),
2009-05-01,BENGALURU,Palm Oil (Packed),41.0
2009-05-01,T.PURAM,Palm Oil (Packed),40.0
2009-05-01,CHENNAI,Palm Oil (Packed),39.0
2009-05-01,HYDERABAD,Palm Oil (Packed),
2009-05-04,BENGALURU,Palm Oil (Packed),41.0
2009-05-04,T.PURAM,Palm Oil (Packed),40.0
2009-05-04,CHENNAI,Palm Oil (Packed),39.0
2009-05-04,HYDERABAD,Palm Oil (Packed),
2009-05-05,BENGALURU,Palm Oil (Packed),41.0
2009-05-05,T.PURAM,Palm Oil (Packed),40.0
2009-05-05,CHENNAI,Palm Oil (Packed),39.0
2009-05-05,HYDERABAD,Palm Oil (Packed),
2009-05-06,BENGALURU,Palm Oil (Packed),41.0
2009-05-06,T.PURAM,Palm Oil (Packed),40.0
2009-05-06,CHENNAI,Palm Oil (Packed),39.0
2009-05-06,HYDERABAD,Palm Oil (Packed),
2009-05-08,BENGALURU,Palm Oil (Packed),41.0
2009-05-08,T.PURAM,Palm Oil (Packed),40.0
2009-05-08,CHENNAI,Palm Oil (Packed),39.0
2009-05-08,HYDERABAD,Palm Oil (Packed),
2009-05-11,BENGALURU,Palm Oil (Packed),41.0
2009-05-11,T.PURAM,Palm Oil (Packed),40.0
2009-05-11,CHENNAI,Palm Oil (Packed),48.0
2009-05-11,HYDERABAD,Palm Oil (Packed),
2009-05-12,BENGALURU,Palm Oil (Packed),41.0
2009-05-12,T.PURAM,Palm Oil (Packed),40.0
2009-05-12,CHENNAI,Palm Oil (Packed),48.0
2009-05-12,HYDERABAD,Palm Oil (Packed),
2009-05-13,BENGALURU,Palm Oil (Packed),41.0
2009-05-13,T.PURAM,Palm Oil (Packed),40.0
2009-05-13,CHENNAI,Palm Oil (Packed),48.0
2009-05-13,HYDERABAD,Palm Oil (Packed),
2009-05-14,BENGALURU,Palm Oil (Packed),41.0
2009-05-14,T.PURAM,Palm Oil (Packed),40.0
2009-05-14,CHENNAI,Palm Oil (Packed),48.0
2009-05-14,HYDERABAD,Palm Oil (Packed),
2009-05-15,BENGALURU,Palm Oil (Packed),41.0
2009-05-15,T.PURAM,Palm Oil (Packed),40.0
2009-05-15,CHENNAI,Palm Oil (Packed),48.0
2009-05-15,HYDERABAD,Palm Oil (Packed),
2009-05-18,BENGALURU,Palm Oil (Packed),41.0
2009-05-18,T.PURAM,Palm Oil (Packed),40.0
2009-05-18,CHENNAI,Palm Oil (Packed),48.0
2009-05-18,HYDERABAD,Palm Oil (Packed),
2009-05-19,BENGALURU,Palm Oil (Packed),51.0
2009-05-19,T.PURAM,Palm Oil (Packed),47.0
2009-05-19,CHENNAI,Palm Oil (Packed),48.0
2009-05-19,HYDERABAD,Palm Oil (Packed),
2009-05-20,BENGALURU,Palm Oil (Packed),51.0
2009-05-20,T.PURAM,Palm Oil (Packed),47.0
2009-05-20,CHENNAI,Palm Oil (Packed),48.0
2009-05-20,HYDERABAD,Palm Oil (Packed),
2009-05-21,BENGALURU,Palm Oil (Packed),51.0
2009-05-21,T.PURAM,Palm Oil (Packed),47.0
2009-05-21,CHENNAI,Palm Oil (Packed),48.0
2009-05-21,HYDERABAD,Palm Oil (Packed),
2009-05-22,BENGALURU,Palm Oil (Packed),51.0
2009-05-22,T.PURAM,Palm Oil (Packed),47.0
2009-05-22,CHENNAI,Palm Oil (Packed),48.0
2009-05-22,HYDERABAD,Palm Oil (Packed),
2009-05-25,BENGALURU,Palm Oil (Packed),51.0
2009-05-25,T.PURAM,Palm Oil (Packed),47.0
2009-05-25,CHENNAI,Palm Oil (Packed),48.0
2009-05-25,HYDERABAD,Palm Oil (Packed),
2009-05-26,BENGALURU,Palm Oil (Packed),51.0
2009-05-26,T.PURAM,Palm Oil (Packed),47.0
2009-05-26,CHENNAI,Palm Oil (Packed),48.0
2009-05-26,HYDERABAD,Palm Oil (Packed),
2009-05-27,BENGALURU,Palm Oil (Packed),51.0
2009-05-27,T.PURAM,Palm Oil (Packed),47.0
2009-05-27,CHENNAI,Palm Oil (Packed),48.0
2009-05-27,HYDERABAD,Palm Oil (Packed),
2009-05-28,BENGALURU,Palm Oil (Packed),51.0
2009-05-28,T.PURAM,Palm Oil (Packed),47.0
2009-05-28,CHENNAI,Palm Oil (Packed),48.0
2009-05-28,HYDERABAD,Palm Oil (Packed),
2009-05-29,BENGALURU,Palm Oil (Packed),51.0
2009-05-29,T.PURAM,Palm Oil (Packed),47.0
2009-05-29,CHENNAI,Palm Oil (Packed),48.0
2009-05-29,HYDERABAD,Palm Oil (Packed),
2009-06-01,BENGALURU,Palm Oil (Packed),51.0
2009-06-01,T.PURAM,Palm Oil (Packed),47.0
2009-06-01,CHENNAI,Palm Oil (Packed),44.0
2009-06-01,HYDERABAD,Palm Oil (Packed),
2009-06-02,BENGALURU,Palm Oil (Packed),51.0
2009-06-02,T.PURAM,Palm Oil (Packed),47.0
2009-06-02,CHENNAI,Palm Oil (Packed),44.0
2009-06-02,HYDERABAD,Palm Oil (Packed),
2009-06-03,BENGALURU,Palm Oil (Packed),51.0
2009-06-03,T.PURAM,Palm Oil (Packed),47.0
2009-06-03,CHENNAI,Palm Oil (Packed),44.0
2009-06-03,HYDERABAD,Palm Oil (Packed),
2009-06-04,BENGALURU,Palm Oil (Packed),51.0
2009-06-04,T.PURAM,Palm Oil (Packed),47.0
2009-06-04,CHENNAI,Palm Oil (Packed),44.0
2009-06-04,HYDERABAD,Palm Oil (Packed),
2009-06-05,BENGALURU,Palm Oil (Packed),51.0
2009-06-05,T.PURAM,Palm Oil (Packed),47.0
2009-06-05,CHENNAI,Palm Oil (Packed),44.0
2009-06-05,HYDERABAD,Palm Oil (Packed),
2009-06-08,BENGALURU,Palm Oil (Packed),51.0
2009-06-08,T.PURAM,Palm Oil (Packed),47.0
2009-06-08,CHENNAI,Palm Oil (Packed),44.0
2009-06-08,HYDERABAD,Palm Oil (Packed),
2009-06-09,BENGALURU,Palm Oil (Packed),51.0
2009-06-09,T.PURAM,Palm Oil (Packed),47.0
2009-06-09,CHENNAI,Palm Oil (Packed),44.0
2009-06-09,HYDERABAD,Palm Oil (Packed),
2009-06-10,BENGALURU,Palm Oil (Packed),51.0
2009-06-10,T.PURAM,Palm Oil (Packed),47.0
2009-06-10,CHENNAI,Palm Oil (Packed),44.0
2009-06-10,HYDERABAD,Palm Oil (Packed),
2009-06-11,BENGALURU,Palm Oil (Packed),51.0
2009-06-11,T.PURAM,Palm Oil (Packed),47.0
2009-06-11,CHENNAI,Palm Oil (Packed),44.0
2009-06-11,HYDERABAD,Palm Oil (Packed),
2009-06-12,BENGALURU,Palm Oil (Packed),51.0
2009-06-12,T.PURAM,Palm Oil (Packed),47.0
2009-06-12,CHENNAI,Palm Oil (Packed),44.0
2009-06-12,HYDERABAD,Palm Oil (Packed),
2009-06-15,BENGALURU,Palm Oil (Packed),51.0
2009-06-15,T.PURAM,Palm Oil (Packed),47.0
2009-06-15,CHENNAI,Palm Oil (Packed),44.0
2009-06-15,HYDERABAD,Palm Oil (Packed),
2009-06-16,BENGALURU,Palm Oil (Packed),51.0
2009-06-16,T.PURAM,Palm Oil (Packed),47.0
2009-06-16,CHENNAI,Palm Oil (Packed),44.0
2009-06-16,HYDERABAD,Palm Oil (Packed),
2009-06-17,BENGALURU,Palm Oil (Packed),51.0
2009-06-17,T.PURAM,Palm Oil (Packed),47.0
2009-06-17,CHENNAI,Palm Oil (Packed),44.0
2009-06-17,HYDERABAD,Palm Oil (Packed),
2009-06-18,BENGALURU,Palm Oil (Packed),51.0
2009-06-18,T.PURAM,Palm Oil (Packed),47.0
2009-06-18,CHENNAI,Palm Oil (Packed),44.0
2009-06-18,HYDERABAD,Palm Oil (Packed),
2009-06-19,BENGALURU,Palm Oil (Packed),48.0
2009-06-19,T.PURAM,Palm Oil (Packed),47.0
2009-06-19,CHENNAI,Palm Oil (Packed),44.0
2009-06-19,HYDERABAD,Palm Oil (Packed),
2009-06-22,BENGALURU,Palm Oil (Packed),48.0
2009-06-22,T.PURAM,Palm Oil (Packed),47.0
2009-06-22,CHENNAI,Palm Oil (Packed),44.0
2009-06-22,HYDERABAD,Palm Oil (Packed),
2009-06-23,BENGALURU,Palm Oil (Packed),48.0
2009-06-23,T.PURAM,Palm Oil (Packed),47.0
2009-06-23,CHENNAI,Palm Oil (Packed),44.0
2009-06-23,HYDERABAD,Palm Oil (Packed),
2009-06-24,BENGALURU,Palm Oil (Packed),48.0
2009-06-24,T.PURAM,Palm Oil (Packed),47.0
2009-06-24,CHENNAI,Palm Oil (Packed),44.0
2009-06-24,HYDERABAD,Palm Oil (Packed),
2009-06-25,BENGALURU,Palm Oil (Packed),48.0
2009-06-25,T.PURAM,Palm Oil (Packed),47.0
2009-06-25,CHENNAI,Palm Oil (Packed),44.0
2009-06-25,HYDERABAD,Palm Oil (Packed),
2009-06-26,BENGALURU,Palm Oil (Packed),48.0
2009-06-26,T.PURAM,Palm Oil (Packed),47.0
2009-06-26,CHENNAI,Palm Oil (Packed),44.0
2009-06-26,HYDERABAD,Palm Oil (Packed),
2009-06-29,BENGALURU,Palm Oil (Packed),48.0
2009-06-29,T.PURAM,Palm Oil (Packed),47.0
2009-06-29,CHENNAI,Palm Oil (Packed),44.0
2009-06-29,HYDERABAD,Palm Oil (Packed),
2009-06-30,BENGALURU,Palm Oil (Packed),48.0
2009-06-30,T.PURAM,Palm Oil (Packed),47.0
2009-06-30,CHENNAI,Palm Oil (Packed),44.0
2009-06-30,HYDERABAD,Palm Oil (Packed),
2009-07-01,BENGALURU,Palm Oil (Packed),48.0
2009-07-01,T.PURAM,Palm Oil (Packed),47.0
2009-07-01,CHENNAI,Palm Oil (Packed),44.0
2009-07-01,HYDERABAD,Palm Oil (Packed),
2009-07-02,BENGALURU,Palm Oil (Packed),48.0
2009-07-02,T.PURAM,Palm Oil (Packed),47.0
2009-07-02,CHENNAI,Palm Oil (Packed),44.0
2009-07-02,HYDERABAD,Palm Oil (Packed),
2009-07-03,BENGALURU,Palm Oil (Packed),48.0
2009-07-03,T.PURAM,Palm Oil (Packed),45.0
2009-07-03,CHENNAI,Palm Oil (Packed),44.0
2009-07-03,HYDERABAD,Palm Oil (Packed),
2009-07-06,BENGALURU,Palm Oil (Packed),48.0
2009-07-06,T.PURAM,Palm Oil (Packed),45.0
2009-07-06,CHENNAI,Palm Oil (Packed),44.0
2009-07-06,HYDERABAD,Palm Oil (Packed),
2009-07-07,BENGALURU,Palm Oil (Packed),48.0
2009-07-07,T.PURAM,Palm Oil (Packed),45.0
2009-07-07,CHENNAI,Palm Oil (Packed),44.0
2009-07-07,HYDERABAD,Palm Oil (Packed),
2009-07-08,BENGALURU,Palm Oil (Packed),48.0
2009-07-08,T.PURAM,Palm Oil (Packed),45.0
2009-07-08,CHENNAI,Palm Oil (Packed),44.0
2009-07-08,HYDERABAD,Palm Oil (Packed),
2009-07-09,BENGALURU,Palm Oil (Packed),48.0
2009-07-09,T.PURAM,Palm Oil (Packed),45.0
2009-07-09,CHENNAI,Palm Oil (Packed),44.0
2009-07-09,HYDERABAD,Palm Oil (Packed),
2009-07-10,BENGALURU,Palm Oil (Packed),48.0
2009-07-10,T.PURAM,Palm Oil (Packed),45.0
2009-07-10,CHENNAI,Palm Oil (Packed),44.0
2009-07-10,HYDERABAD,Palm Oil (Packed),
2009-07-13,BENGALURU,Palm Oil (Packed),48.0
2009-07-13,T.PURAM,Palm Oil (Packed),45.0
2009-07-13,CHENNAI,Palm Oil (Packed),44.0
2009-07-13,HYDERABAD,Palm Oil (Packed),
2009-07-14,BENGALURU,Palm Oil (Packed),48.0
2009-07-14,T.PURAM,Palm Oil (Packed),45.0
2009-07-14,CHENNAI,Palm Oil (Packed),44.0
2009-07-14,HYDERABAD,Palm Oil (Packed),
2009-07-15,BENGALURU,Palm Oil (Packed),48.0
2009-07-15,T.PURAM,Palm Oil (Packed),45.0
2009-07-15,CHENNAI,Palm Oil (Packed),44.0
2009-07-15,HYDERABAD,Palm Oil (Packed),
2009-07-16,BENGALURU,Palm Oil (Packed),48.0
2009-07-16,T.PURAM,Palm Oil (Packed),45.0
2009-07-16,CHENNAI,Palm Oil (Packed),44.0
2009-07-16,HYDERABAD,Palm Oil (Packed),
2009-07-17,BENGALURU,Palm Oil (Packed),48.0
2009-07-17,T.PURAM,Palm Oil (Packed),45.0
2009-07-17,CHENNAI,Palm Oil (Packed),44.0
2009-07-17,HYDERABAD,Palm Oil (Packed),
2009-07-20,BENGALURU,Palm Oil (Packed),48.0
2009-07-20,T.PURAM,Palm Oil (Packed),45.0
2009-07-20,CHENNAI,Palm Oil (Packed),44.0
2009-07-20,HYDERABAD,Palm Oil (Packed),
2009-07-21,BENGALURU,Palm Oil (Packed),48.0
2009-07-21,T.PURAM,Palm Oil (Packed),45.0
2009-07-21,CHENNAI,Palm Oil (Packed),44.0
2009-07-21,HYDERABAD,Palm Oil (Packed),
2009-07-22,BENGALURU,Palm Oil (Packed),48.0
2009-07-22,T.PURAM,Palm Oil (Packed),45.0
2009-07-22,CHENNAI,Palm Oil (Packed),44.0
2009-07-22,HYDERABAD,Palm Oil (Packed),
2009-07-23,BENGALURU,Palm Oil (Packed),48.0
2009-07-23,T.PURAM,Palm Oil (Packed),45.0
2009-07-23,CHENNAI,Palm Oil (Packed),44.0
2009-07-23,HYDERABAD,Palm Oil (Packed),
2009-07-24,BENGALURU,Palm Oil (Packed),48.0
2009-07-24,T.PURAM,Palm Oil (Packed),45.0
2009-07-24,CHENNAI,Palm Oil (Packed),44.0
2009-07-24,HYDERABAD,Palm Oil (Packed),
2009-07-27,BENGALURU,Palm Oil (Packed),48.0
2009-07-27,T.PURAM,Palm Oil (Packed),45.0
2009-07-27,CHENNAI,Palm Oil (Packed),44.0
2009-07-27,HYDERABAD,Palm Oil (Packed),
2009-07-28,BENGALURU,Palm Oil (Packed),48.0
2009-07-28,T.PURAM,Palm Oil (Packed),45.0
2009-07-28,CHENNAI,Palm Oil (Packed),44.0
2009-07-28,HYDERABAD,Palm Oil (Packed),
2009-07-29,BENGALURU,Palm Oil (Packed),48.0
2009-07-29,T.PURAM,Palm Oil (Packed),45.0
2009-07-29,CHENNAI,Palm Oil (Packed),42.0
2009-07-29,HYDERABAD,Palm Oil (Packed),
2009-07-30,BENGALURU,Palm Oil (Packed),48.0
2009-07-30,T.PURAM,Palm Oil (Packed),45.0
2009-07-30,CHENNAI,Palm Oil (Packed),42.0
2009-07-30,HYDERABAD,Palm Oil (Packed),
2009-07-31,BENGALURU,Palm Oil (Packed),48.0
2009-07-31,T.PURAM,Palm Oil (Packed),45.0
2009-07-31,CHENNAI,Palm Oil (Packed),42.0
2009-07-31,HYDERABAD,Palm Oil (Packed),
2009-08-03,BENGALURU,Palm Oil (Packed),48.0
2009-08-03,T.PURAM,Palm Oil (Packed),45.0
2009-08-03,CHENNAI,Palm Oil (Packed),42.0
2009-08-03,HYDERABAD,Palm Oil (Packed),
2009-08-04,BENGALURU,Palm Oil (Packed),48.0
2009-08-04,T.PURAM,Palm Oil (Packed),45.0
2009-08-04,CHENNAI,Palm Oil (Packed),42.0
2009-08-04,HYDERABAD,Palm Oil (Packed),
2009-08-05,BENGALURU,Palm Oil (Packed),48.0
2009-08-05,T.PURAM,Palm Oil (Packed),45.0
2009-08-05,CHENNAI,Palm Oil (Packed),42.0
2009-08-05,HYDERABAD,Palm Oil (Packed),
2009-08-06,BENGALURU,Palm Oil (Packed),48.0
2009-08-06,T.PURAM,Palm Oil (Packed),45.0
2009-08-06,CHENNAI,Palm Oil (Packed),42.0
2009-08-06,HYDERABAD,Palm Oil (Packed),
2009-08-07,BENGALURU,Palm Oil (Packed),48.0
2009-08-07,T.PURAM,Palm Oil (Packed),45.0
2009-08-07,CHENNAI,Palm Oil (Packed),42.0
2009-08-07,HYDERABAD,Palm Oil (Packed),
2009-08-10,BENGALURU,Palm Oil (Packed),48.0
2009-08-10,T.PURAM,Palm Oil (Packed),45.0
2009-08-10,CHENNAI,Palm Oil (Packed),42.0
2009-08-10,HYDERABAD,Palm Oil (Packed),
2009-08-11,BENGALURU,Palm Oil (Packed),48.0
2009-08-11,T.PURAM,Palm Oil (Packed),45.0
2009-08-11,CHENNAI,Palm Oil (Packed),42.0
2009-08-11,HYDERABAD,Palm Oil (Packed),
2009-08-12,BENGALURU,Palm Oil (Packed),48.0
2009-08-12,T.PURAM,Palm Oil (Packed),45.0
2009-08-12,CHENNAI,Palm Oil (Packed),42.0
2009-08-12,HYDERABAD,Palm Oil (Packed),
2009-08-13,BENGALURU,Palm Oil (Packed),48.0
2009-08-13,T.PURAM,Palm Oil (Packed),45.0
2009-08-13,CHENNAI,Palm Oil (Packed),42.0
2009-08-13,HYDERABAD,Palm Oil (Packed),
2009-08-17,BENGALURU,Palm Oil (Packed),48.0
2009-08-17,T.PURAM,Palm Oil (Packed),45.0
2009-08-17,CHENNAI,Palm Oil (Packed),42.0
2009-08-17,HYDERABAD,Palm Oil (Packed),
2009-08-18,BENGALURU,Palm Oil (Packed),48.0
2009-08-18,T.PURAM,Palm Oil (Packed),45.0
2009-08-18,CHENNAI,Palm Oil (Packed),42.0
2009-08-18,HYDERABAD,Palm Oil (Packed),
2009-08-19,BENGALURU,Palm Oil (Packed),48.0
2009-08-19,T.PURAM,Palm Oil (Packed),45.0
2009-08-19,CHENNAI,Palm Oil (Packed),42.0
2009-08-19,HYDERABAD,Palm Oil (Packed),
2009-08-20,BENGALURU,Palm Oil (Packed),48.0
2009-08-20,T.PURAM,Palm Oil (Packed),45.0
2009-08-20,CHENNAI,Palm Oil (Packed),42.0
2009-08-20,HYDERABAD,Palm Oil (Packed),
2009-08-21,BENGALURU,Palm Oil (Packed),48.0
2009-08-21,T.PURAM,Palm Oil (Packed),45.0
2009-08-21,CHENNAI,Palm Oil (Packed),42.0
2009-08-21,HYDERABAD,Palm Oil (Packed),
2009-08-24,BENGALURU,Palm Oil (Packed),48.0
2009-08-24,T.PURAM,Palm Oil (Packed),45.0
2009-08-24,CHENNAI,Palm Oil (Packed),42.0
2009-08-24,HYDERABAD,Palm Oil (Packed),
2009-08-25,BENGALURU,Palm Oil (Packed),48.0
2009-08-25,T.PURAM,Palm Oil (Packed),45.0
2009-08-25,CHENNAI,Palm Oil (Packed),42.0
2009-08-25,HYDERABAD,Palm Oil (Packed),
2009-08-26,BENGALURU,Palm Oil (Packed),48.0
2009-08-26,T.PURAM,Palm Oil (Packed),45.0
2009-08-26,CHENNAI,Palm Oil (Packed),42.0
2009-08-26,HYDERABAD,Palm Oil (Packed),
2009-08-27,BENGALURU,Palm Oil (Packed),48.0
2009-08-27,T.PURAM,Palm Oil (Packed),45.0
2009-08-27,CHENNAI,Palm Oil (Packed),42.0
2009-08-27,HYDERABAD,Palm Oil (Packed),
2009-08-28,BENGALURU,Palm Oil (Packed),46.0
2009-08-28,T.PURAM,Palm Oil (Packed),45.0
2009-08-28,CHENNAI,Palm Oil (Packed),42.0
2009-08-28,HYDERABAD,Palm Oil (Packed),
2009-08-31,BENGALURU,Palm Oil (Packed),46.0
2009-08-31,T.PURAM,Palm Oil (Packed),45.0
2009-08-31,CHENNAI,Palm Oil (Packed),42.0
2009-08-31,HYDERABAD,Palm Oil (Packed),
2009-09-01,BENGALURU,Palm Oil (Packed),46.0
2009-09-01,T.PURAM,Palm Oil (Packed),45.0
2009-09-01,CHENNAI,Palm Oil (Packed),42.0
2009-09-01,HYDERABAD,Palm Oil (Packed),
2009-09-02,BENGALURU,Palm Oil (Packed),44.0
2009-09-02,T.PURAM,Palm Oil (Packed),45.0
2009-09-02,CHENNAI,Palm Oil (Packed),42.0
2009-09-02,HYDERABAD,Palm Oil (Packed),
2009-09-03,BENGALURU,Palm Oil (Packed),44.0
2009-09-03,T.PURAM,Palm Oil (Packed),45.0
2009-09-03,CHENNAI,Palm Oil (Packed),42.0
2009-09-03,HYDERABAD,Palm Oil (Packed),
2009-09-04,BENGALURU,Palm Oil (Packed),44.0
2009-09-04,T.PURAM,Palm Oil (Packed),45.0
2009-09-04,CHENNAI,Palm Oil (Packed),42.0
2009-09-04,HYDERABAD,Palm Oil (Packed),
2009-09-07,BENGALURU,Palm Oil (Packed),44.0
2009-09-07,T.PURAM,Palm Oil (Packed),45.0
2009-09-07,CHENNAI,Palm Oil (Packed),42.0
2009-09-07,HYDERABAD,Palm Oil (Packed),
2009-09-08,BENGALURU,Palm Oil (Packed),44.0
2009-09-08,T.PURAM,Palm Oil (Packed),45.0
2009-09-08,CHENNAI,Palm Oil (Packed),42.0
2009-09-08,HYDERABAD,Palm Oil (Packed),
2009-09-09,BENGALURU,Palm Oil (Packed),44.0
2009-09-09,T.PURAM,Palm Oil (Packed),45.0
2009-09-09,CHENNAI,Palm Oil (Packed),42.0
2009-09-09,HYDERABAD,Palm Oil (Packed),
2009-09-10,BENGALURU,Palm Oil (Packed),44.0
2009-09-10,T.PURAM,Palm Oil (Packed),45.0
2009-09-10,CHENNAI,Palm Oil (Packed),42.0
2009-09-10,HYDERABAD,Palm Oil (Packed),
2009-09-11,BENGALURU,Palm Oil (Packed),44.0
2009-09-11,T.PURAM,Palm Oil (Packed),45.0
2009-09-11,CHENNAI,Palm Oil (Packed),42.0
2009-09-11,HYDERABAD,Palm Oil (Packed),
2009-09-14,BENGALURU,Palm Oil (Packed),44.0
2009-09-14,T.PURAM,Palm Oil (Packed),45.0
2009-09-14,CHENNAI,Palm Oil (Packed),42.0
2009-09-14,HYDERABAD,Palm Oil (Packed),
2009-09-15,BENGALURU,Palm Oil (Packed),44.0
2009-09-15,T.PURAM,Palm Oil (Packed),45.0
2009-09-15,CHENNAI,Palm Oil (Packed),42.0
2009-09-15,HYDERABAD,Palm Oil (Packed),
2009-09-16,BENGALURU,Palm Oil (Packed),44.0
2009-09-16,T.PURAM,Palm Oil (Packed),45.0
2009-09-16,CHENNAI,Palm Oil (Packed),42.0
2009-09-16,HYDERABAD,Palm Oil (Packed),
2009-09-17,BENGALURU,Palm Oil (Packed),44.0
2009-09-17,T.PURAM,Palm Oil (Packed),45.0
2009-09-17,CHENNAI,Palm Oil (Packed),42.0
2009-09-17,HYDERABAD,Palm Oil (Packed),
2009-09-18,BENGALURU,Palm Oil (Packed),44.0
2009-09-18,T.PURAM,Palm Oil (Packed),45.0
2009-09-18,CHENNAI,Palm Oil (Packed),42.0
2009-09-18,HYDERABAD,Palm Oil (Packed),
2009-09-22,BENGALURU,Palm Oil (Packed),44.0
2009-09-22,T.PURAM,Palm Oil (Packed),45.0
2009-09-22,CHENNAI,Palm Oil (Packed),42.0
2009-09-22,HYDERABAD,Palm Oil (Packed),
2009-09-23,BENGALURU,Palm Oil (Packed),44.0
2009-09-23,T.PURAM,Palm Oil (Packed),45.0
2009-09-23,CHENNAI,Palm Oil (Packed),42.0
2009-09-23,HYDERABAD,Palm Oil (Packed),
2009-09-24,BENGALURU,Palm Oil (Packed),44.0
2009-09-24,T.PURAM,Palm Oil (Packed),45.0
2009-09-24,CHENNAI,Palm Oil (Packed),42.0
2009-09-24,HYDERABAD,Palm Oil (Packed),
2009-09-25,BENGALURU,Palm Oil (Packed),44.0
2009-09-25,T.PURAM,Palm Oil (Packed),45.0
2009-09-25,CHENNAI,Palm Oil (Packed),42.0
2009-09-25,HYDERABAD,Palm Oil (Packed),
2009-09-29,BENGALURU,Palm Oil (Packed),44.0
2009-09-29,T.PURAM,Palm Oil (Packed),45.0
2009-09-29,CHENNAI,Palm Oil (Packed),42.0
2009-09-29,HYDERABAD,Palm Oil (Packed),
2009-09-30,BENGALURU,Palm Oil (Packed),44.0
2009-09-30,T.PURAM,Palm Oil (Packed),45.0
2009-09-30,CHENNAI,Palm Oil (Packed),42.0
2009-09-30,HYDERABAD,Palm Oil (Packed),
2009-10-01,BENGALURU,Palm Oil (Packed),44.0
2009-10-01,T.PURAM,Palm Oil (Packed),40.0
2009-10-01,CHENNAI,Palm Oil (Packed),42.0
2009-10-01,HYDERABAD,Palm Oil (Packed),
2009-10-05,BENGALURU,Palm Oil (Packed),44.0
2009-10-05,T.PURAM,Palm Oil (Packed),40.0
2009-10-05,CHENNAI,Palm Oil (Packed),42.0
2009-10-05,HYDERABAD,Palm Oil (Packed),
2009-10-06,BENGALURU,Palm Oil (Packed),42.0
2009-10-06,T.PURAM,Palm Oil (Packed),40.0
2009-10-06,CHENNAI,Palm Oil (Packed),42.0
2009-10-06,HYDERABAD,Palm Oil (Packed),
2009-10-07,BENGALURU,Palm Oil (Packed),42.0
2009-10-07,T.PURAM,Palm Oil (Packed),40.0
2009-10-07,CHENNAI,Palm Oil (Packed),42.0
2009-10-07,HYDERABAD,Palm Oil (Packed),
2009-10-08,BENGALURU,Palm Oil (Packed),42.0
2009-10-08,T.PURAM,Palm Oil (Packed),40.0
2009-10-08,CHENNAI,Palm Oil (Packed),42.0
2009-10-08,HYDERABAD,Palm Oil (Packed),
2009-10-09,BENGALURU,Palm Oil (Packed),42.0
2009-10-09,T.PURAM,Palm Oil (Packed),40.0
2009-10-09,CHENNAI,Palm Oil (Packed),42.0
2009-10-09,HYDERABAD,Palm Oil (Packed),
2009-10-12,BENGALURU,Palm Oil (Packed),42.0
2009-10-12,T.PURAM,Palm Oil (Packed),40.0
2009-10-12,CHENNAI,Palm Oil (Packed),37.0
2009-10-12,HYDERABAD,Palm Oil (Packed),
2009-10-13,BENGALURU,Palm Oil (Packed),42.0
2009-10-13,T.PURAM,Palm Oil (Packed),40.0
2009-10-13,CHENNAI,Palm Oil (Packed),37.0
2009-10-13,HYDERABAD,Palm Oil (Packed),
2009-10-14,BENGALURU,Palm Oil (Packed),40.0
2009-10-14,T.PURAM,Palm Oil (Packed),40.0
2009-10-14,CHENNAI,Palm Oil (Packed),37.0
2009-10-14,HYDERABAD,Palm Oil (Packed),
2009-10-15,BENGALURU,Palm Oil (Packed),39.0
2009-10-15,T.PURAM,Palm Oil (Packed),40.0
2009-10-15,CHENNAI,Palm Oil (Packed),37.0
2009-10-15,HYDERABAD,Palm Oil (Packed),
2009-10-16,BENGALURU,Palm Oil (Packed),39.0
2009-10-16,T.PURAM,Palm Oil (Packed),40.0
2009-10-16,CHENNAI,Palm Oil (Packed),37.0
2009-10-16,HYDERABAD,Palm Oil (Packed),
2009-10-19,BENGALURU,Palm Oil (Packed),39.0
2009-10-19,T.PURAM,Palm Oil (Packed),40.0
2009-10-19,CHENNAI,Palm Oil (Packed),37.0
2009-10-19,HYDERABAD,Palm Oil (Packed),
2009-10-20,BENGALURU,Palm Oil (Packed),39.0
2009-10-20,T.PURAM,Palm Oil (Packed),40.0
2009-10-20,CHENNAI,Palm Oil (Packed),37.0
2009-10-20,HYDERABAD,Palm Oil (Packed),
2009-10-21,BENGALURU,Palm Oil (Packed),39.0
2009-10-21,T.PURAM,Palm Oil (Packed),40.0
2009-10-21,CHENNAI,Palm Oil (Packed),37.0
2009-10-21,HYDERABAD,Palm Oil (Packed),
2009-10-22,BENGALURU,Palm Oil (Packed),42.0
2009-10-22,T.PURAM,Palm Oil (Packed),40.0
2009-10-22,CHENNAI,Palm Oil (Packed),37.0
2009-10-22,HYDERABAD,Palm Oil (Packed),
2009-10-23,BENGALURU,Palm Oil (Packed),42.0
2009-10-23,T.PURAM,Palm Oil (Packed),40.0
2009-10-23,CHENNAI,Palm Oil (Packed),37.0
2009-10-23,HYDERABAD,Palm Oil (Packed),
2009-10-26,BENGALURU,Palm Oil (Packed),42.0
2009-10-26,T.PURAM,Palm Oil (Packed),40.0
2009-10-26,CHENNAI,Palm Oil (Packed),37.0
2009-10-26,HYDERABAD,Palm Oil (Packed),
2009-10-27,BENGALURU,Palm Oil (Packed),42.0
2009-10-27,T.PURAM,Palm Oil (Packed),40.0
2009-10-27,CHENNAI,Palm Oil (Packed),37.0
2009-10-27,HYDERABAD,Palm Oil (Packed),
2009-10-28,BENGALURU,Palm Oil (Packed),42.0
2009-10-28,T.PURAM,Palm Oil (Packed),40.0
2009-10-28,CHENNAI,Palm Oil (Packed),38.0
2009-10-28,HYDERABAD,Palm Oil (Packed),
2009-10-29,BENGALURU,Palm Oil (Packed),42.0
2009-10-29,T.PURAM,Palm Oil (Packed),40.0
2009-10-29,CHENNAI,Palm Oil (Packed),38.0
2009-10-29,HYDERABAD,Palm Oil (Packed),
2009-10-30,BENGALURU,Palm Oil (Packed),42.0
2009-10-30,T.PURAM,Palm Oil (Packed),40.0
2009-10-30,CHENNAI,Palm Oil (Packed),38.0
2009-10-30,HYDERABAD,Palm Oil (Packed),
2009-11-03,BENGALURU,Palm Oil (Packed),42.0
2009-11-03,T.PURAM,Palm Oil (Packed),40.0
2009-11-03,CHENNAI,Palm Oil (Packed),38.0
2009-11-03,HYDERABAD,Palm Oil (Packed),
2009-11-04,BENGALURU,Palm Oil (Packed),41.0
2009-11-04,T.PURAM,Palm Oil (Packed),40.0
2009-11-04,CHENNAI,Palm Oil (Packed),38.0
2009-11-04,HYDERABAD,Palm Oil (Packed),
2009-11-05,BENGALURU,Palm Oil (Packed),41.0
2009-11-05,T.PURAM,Palm Oil (Packed),40.0
2009-11-05,CHENNAI,Palm Oil (Packed),38.0
2009-11-05,HYDERABAD,Palm Oil (Packed),
2009-11-06,BENGALURU,Palm Oil (Packed),41.0
2009-11-06,T.PURAM,Palm Oil (Packed),40.0
2009-11-06,CHENNAI,Palm Oil (Packed),38.0
2009-11-06,HYDERABAD,Palm Oil (Packed),
2009-11-09,BENGALURU,Palm Oil (Packed),41.0
2009-11-09,T.PURAM,Palm Oil (Packed),40.0
2009-11-09,CHENNAI,Palm Oil (Packed),38.0
2009-11-09,HYDERABAD,Palm Oil (Packed),
2009-11-10,BENGALURU,Palm Oil (Packed),41.0
2009-11-10,T.PURAM,Palm Oil (Packed),40.0
2009-11-10,CHENNAI,Palm Oil (Packed),38.0
2009-11-10,HYDERABAD,Palm Oil (Packed),
2009-11-11,BENGALURU,Palm Oil (Packed),41.0
2009-11-11,T.PURAM,Palm Oil (Packed),40.0
2009-11-11,CHENNAI,Palm Oil (Packed),38.0
2009-11-11,HYDERABAD,Palm Oil (Packed),
2009-11-12,BENGALURU,Palm Oil (Packed),41.0
2009-11-12,T.PURAM,Palm Oil (Packed),40.0
2009-11-12,CHENNAI,Palm Oil (Packed),38.0
2009-11-12,HYDERABAD,Palm Oil (Packed),
2009-11-13,BENGALURU,Palm Oil (Packed),41.0
2009-11-13,T.PURAM,Palm Oil (Packed),40.0
2009-11-13,CHENNAI,Palm Oil (Packed),38.0
2009-11-13,HYDERABAD,Palm Oil (Packed),
2009-11-16,BENGALURU,Palm Oil (Packed),41.0
2009-11-16,T.PURAM,Palm Oil (Packed),40.0
2009-11-16,CHENNAI,Palm Oil (Packed),38.0
2009-11-16,HYDERABAD,Palm Oil (Packed),
2009-11-17,BENGALURU,Palm Oil (Packed),41.0
2009-11-17,T.PURAM,Palm Oil (Packed),40.0
2009-11-17,CHENNAI,Palm Oil (Packed),38.0
2009-11-17,HYDERABAD,Palm Oil (Packed),
2009-11-18,BENGALURU,Palm Oil (Packed),43.0
2009-11-18,T.PURAM,Palm Oil (Packed),40.0
2009-11-18,CHENNAI,Palm Oil (Packed),38.0
2009-11-18,HYDERABAD,Palm Oil (Packed),
2009-11-19,BENGALURU,Palm Oil (Packed),43.0
2009-11-19,T.PURAM,Palm Oil (Packed),40.0
2009-11-19,CHENNAI,Palm Oil (Packed),38.0
2009-11-19,HYDERABAD,Palm Oil (Packed),
2009-11-20,BENGALURU,Palm Oil (Packed),43.0
2009-11-20,T.PURAM,Palm Oil (Packed),40.0
2009-11-20,CHENNAI,Palm Oil (Packed),38.0
2009-11-20,HYDERABAD,Palm Oil (Packed),
2009-11-23,BENGALURU,Palm Oil (Packed),43.0
2009-11-23,T.PURAM,Palm Oil (Packed),40.0
2009-11-23,CHENNAI,Palm Oil (Packed),38.0
2009-11-23,HYDERABAD,Palm Oil (Packed),
2009-11-24,BENGALURU,Palm Oil (Packed),43.0
2009-11-24,T.PURAM,Palm Oil (Packed),40.0
2009-11-24,CHENNAI,Palm Oil (Packed),38.0
2009-11-24,HYDERABAD,Palm Oil (Packed),
2009-11-25,BENGALURU,Palm Oil (Packed),43.0
2009-11-25,T.PURAM,Palm Oil (Packed),40.0
2009-11-25,CHENNAI,Palm Oil (Packed),38.0
2009-11-25,HYDERABAD,Palm Oil (Packed),
2009-11-26,BENGALURU,Palm Oil (Packed),43.0
2009-11-26,T.PURAM,Palm Oil (Packed),40.0
2009-11-26,CHENNAI,Palm Oil (Packed),41.0
2009-11-26,HYDERABAD,Palm Oil (Packed),
2009-11-27,BENGALURU,Palm Oil (Packed),43.0
2009-11-27,T.PURAM,Palm Oil (Packed),40.0
2009-11-27,CHENNAI,Palm Oil (Packed),41.0
2009-11-27,HYDERABAD,Palm Oil (Packed),
2009-11-30,BENGALURU,Palm Oil (Packed),44.0
2009-11-30,T.PURAM,Palm Oil (Packed),40.0
2009-11-30,CHENNAI,Palm Oil (Packed),41.0
2009-11-30,HYDERABAD,Palm Oil (Packed),
2009-12-01,BENGALURU,Palm Oil (Packed),44.0
2009-12-01,T.PURAM,Palm Oil (Packed),40.0
2009-12-01,CHENNAI,Palm Oil (Packed),41.0
2009-12-01,HYDERABAD,Palm Oil (Packed),
2009-12-02,BENGALURU,Palm Oil (Packed),44.0
2009-12-02,T.PURAM,Palm Oil (Packed),40.0
2009-12-02,CHENNAI,Palm Oil (Packed),41.0
2009-12-02,HYDERABAD,Palm Oil (Packed),
2009-12-03,BENGALURU,Palm Oil (Packed),44.0
2009-12-03,T.PURAM,Palm Oil (Packed),40.0
2009-12-03,CHENNAI,Palm Oil (Packed),41.0
2009-12-03,HYDERABAD,Palm Oil (Packed),
2009-12-04,BENGALURU,Palm Oil (Packed),44.0
2009-12-04,T.PURAM,Palm Oil (Packed),40.0
2009-12-04,CHENNAI,Palm Oil (Packed),41.0
2009-12-04,HYDERABAD,Palm Oil (Packed),
2009-12-07,BENGALURU,Palm Oil (Packed),44.0
2009-12-07,T.PURAM,Palm Oil (Packed),40.0
2009-12-07,CHENNAI,Palm Oil (Packed),41.0
2009-12-07,HYDERABAD,Palm Oil (Packed),
2009-12-08,BENGALURU,Palm Oil (Packed),45.0
2009-12-08,T.PURAM,Palm Oil (Packed),40.0
2009-12-08,CHENNAI,Palm Oil (Packed),41.0
2009-12-08,HYDERABAD,Palm Oil (Packed),
2009-12-09,BENGALURU,Palm Oil (Packed),45.0
2009-12-09,T.PURAM,Palm Oil (Packed),40.0
2009-12-09,CHENNAI,Palm Oil (Packed),41.0
2009-12-09,HYDERABAD,Palm Oil (Packed),
2009-12-10,BENGALURU,Palm Oil (Packed),45.0
2009-12-10,T.PURAM,Palm Oil (Packed),40.0
2009-12-10,CHENNAI,Palm Oil (Packed),42.0
2009-12-10,HYDERABAD,Palm Oil (Packed),
2009-12-11,BENGALURU,Palm Oil (Packed),45.0
2009-12-11,T.PURAM,Palm Oil (Packed),42.0
2009-12-11,CHENNAI,Palm Oil (Packed),42.0
2009-12-11,HYDERABAD,Palm Oil (Packed),
2009-12-14,BENGALURU,Palm Oil (Packed),45.0
2009-12-14,T.PURAM,Palm Oil (Packed),42.0
2009-12-14,CHENNAI,Palm Oil (Packed),42.0
2009-12-14,HYDERABAD,Palm Oil (Packed),
2009-12-15,BENGALURU,Palm Oil (Packed),45.0
2009-12-15,T.PURAM,Palm Oil (Packed),42.0
2009-12-15,CHENNAI,Palm Oil (Packed),42.0
2009-12-15,HYDERABAD,Palm Oil (Packed),
2009-12-16,BENGALURU,Palm Oil (Packed),45.0
2009-12-16,T.PURAM,Palm Oil (Packed),42.0
2009-12-16,CHENNAI,Palm Oil (Packed),42.0
2009-12-16,HYDERABAD,Palm Oil (Packed),
2009-12-17,BENGALURU,Palm Oil (Packed),45.0
2009-12-17,T.PURAM,Palm Oil (Packed),42.0
2009-12-17,CHENNAI,Palm Oil (Packed),42.0
2009-12-17,HYDERABAD,Palm Oil (Packed),
2009-12-18,BENGALURU,Palm Oil (Packed),45.0
2009-12-18,T.PURAM,Palm Oil (Packed),42.0
2009-12-18,CHENNAI,Palm Oil (Packed),42.0
2009-12-18,HYDERABAD,Palm Oil (Packed),
2009-12-21,BENGALURU,Palm Oil (Packed),45.0
2009-12-21,T.PURAM,Palm Oil (Packed),42.0
2009-12-21,CHENNAI,Palm Oil (Packed),42.0
2009-12-21,HYDERABAD,Palm Oil (Packed),
2009-12-22,BENGALURU,Palm Oil (Packed),45.0
2009-12-22,T.PURAM,Palm Oil (Packed),42.0
2009-12-22,CHENNAI,Palm Oil (Packed),42.0
2009-12-22,HYDERABAD,Palm Oil (Packed),
2009-12-23,BENGALURU,Palm Oil (Packed),45.0
2009-12-23,T.PURAM,Palm Oil (Packed),42.0
2009-12-23,CHENNAI,Palm Oil (Packed),42.0
2009-12-23,HYDERABAD,Palm Oil (Packed),
2009-12-24,BENGALURU,Palm Oil (Packed),45.0
2009-12-24,T.PURAM,Palm Oil (Packed),42.0
2009-12-24,CHENNAI,Palm Oil (Packed),42.0
2009-12-24,HYDERABAD,Palm Oil (Packed),
2009-12-29,BENGALURU,Palm Oil (Packed),45.0
2009-12-29,T.PURAM,Palm Oil (Packed),42.0
2009-12-29,CHENNAI,Palm Oil (Packed),42.0
2009-12-29,HYDERABAD,Palm Oil (Packed),
2009-12-30,BENGALURU,Palm Oil (Packed),45.0
2009-12-30,T.PURAM,Palm Oil (Packed),42.0
2009-12-30,CHENNAI,Palm Oil (Packed),42.0
2009-12-30,HYDERABAD,Palm Oil (Packed),
2009-12-31,BENGALURU,Palm Oil (Packed),45.0
2009-12-31,T.PURAM,Palm Oil (Packed),42.0
2009-12-31,CHENNAI,Palm Oil (Packed),42.0
2009-12-31,HYDERABAD,Palm Oil (Packed),
2010-01-01,BENGALURU,Palm Oil (Packed),45.0
2010-01-01,T.PURAM,Palm Oil (Packed),42.0
2010-01-01,CHENNAI,Palm Oil (Packed),42.0
2010-01-01,HYDERABAD,Palm Oil (Packed),
2010-01-04,BENGALURU,Palm Oil (Packed),45.0
2010-01-04,T.PURAM,Palm Oil (Packed),42.0
2010-01-04,CHENNAI,Palm Oil (Packed),42.0
2010-01-04,HYDERABAD,Palm Oil (Packed),
2010-01-05,BENGALURU,Palm Oil (Packed),46.0
2010-01-05,T.PURAM,Palm Oil (Packed),42.0
2010-01-05,CHENNAI,Palm Oil (Packed),42.0
2010-01-05,HYDERABAD,Palm Oil (Packed),
2010-01-06,BENGALURU,Palm Oil (Packed),46.0
2010-01-06,T.PURAM,Palm Oil (Packed),42.0
2010-01-06,CHENNAI,Palm Oil (Packed),42.0
2010-01-06,HYDERABAD,Palm Oil (Packed),
2010-01-07,BENGALURU,Palm Oil (Packed),46.0
2010-01-07,T.PURAM,Palm Oil (Packed),42.0
2010-01-07,CHENNAI,Palm Oil (Packed),42.0
2010-01-07,HYDERABAD,Palm Oil (Packed),
2010-01-08,BENGALURU,Palm Oil (Packed),46.0
2010-01-08,T.PURAM,Palm Oil (Packed),42.0
2010-01-08,CHENNAI,Palm Oil (Packed),42.0
2010-01-08,HYDERABAD,Palm Oil (Packed),
2010-01-11,BENGALURU,Palm Oil (Packed),46.0
2010-01-11,T.PURAM,Palm Oil (Packed),42.0
2010-01-11,CHENNAI,Palm Oil (Packed),42.0
2010-01-11,HYDERABAD,Palm Oil (Packed),
2010-01-12,BENGALURU,Palm Oil (Packed),46.0
2010-01-12,T.PURAM,Palm Oil (Packed),42.0
2010-01-12,CHENNAI,Palm Oil (Packed),42.0
2010-01-12,HYDERABAD,Palm Oil (Packed),
2010-01-13,BENGALURU,Palm Oil (Packed),46.0
2010-01-13,T.PURAM,Palm Oil (Packed),42.0
2010-01-13,CHENNAI,Palm Oil (Packed),42.0
2010-01-13,HYDERABAD,Palm Oil (Packed),
2010-01-14,BENGALURU,Palm Oil (Packed),46.0
2010-01-14,T.PURAM,Palm Oil (Packed),42.0
2010-01-14,CHENNAI,Palm Oil (Packed),42.0
2010-01-14,HYDERABAD,Palm Oil (Packed),
2010-01-15,BENGALURU,Palm Oil (Packed),46.0
2010-01-15,T.PURAM,Palm Oil (Packed),42.0
2010-01-15,CHENNAI,Palm Oil (Packed),42.0
2010-01-15,HYDERABAD,Palm Oil (Packed),
2010-01-18,BENGALURU,Palm Oil (Packed),46.0
2010-01-18,T.PURAM,Palm Oil (Packed),42.0
2010-01-18,CHENNAI,Palm Oil (Packed),42.0
2010-01-18,HYDERABAD,Palm Oil (Packed),
2010-01-19,BENGALURU,Palm Oil (Packed),45.0
2010-01-19,T.PURAM,Palm Oil (Packed),42.0
2010-01-19,CHENNAI,Palm Oil (Packed),42.0
2010-01-19,HYDERABAD,Palm Oil (Packed),
2010-01-20,BENGALURU,Palm Oil (Packed),45.0
2010-01-20,T.PURAM,Palm Oil (Packed),42.0
2010-01-20,CHENNAI,Palm Oil (Packed),42.0
2010-01-20,HYDERABAD,Palm Oil (Packed),
2010-01-21,BENGALURU,Palm Oil (Packed),45.0
2010-01-21,T.PURAM,Palm Oil (Packed),42.0
2010-01-21,CHENNAI,Palm Oil (Packed),42.0
2010-01-21,HYDERABAD,Palm Oil (Packed),
2010-01-22,BENGALURU,Palm Oil (Packed),45.0
2010-01-22,T.PURAM,Palm Oil (Packed),42.0
2010-01-22,CHENNAI,Palm Oil (Packed),42.0
2010-01-22,HYDERABAD,Palm Oil (Packed),
2010-01-25,BENGALURU,Palm Oil (Packed),45.0
2010-01-25,T.PURAM,Palm Oil (Packed),42.0
2010-01-25,CHENNAI,Palm Oil (Packed),42.0
2010-01-25,HYDERABAD,Palm Oil (Packed),
2010-01-27,BENGALURU,Palm Oil (Packed),44.0
2010-01-27,T.PURAM,Palm Oil (Packed),42.0
2010-01-27,CHENNAI,Palm Oil (Packed),42.0
2010-01-27,HYDERABAD,Palm Oil (Packed),
2010-01-28,BENGALURU,Palm Oil (Packed),44.0
2010-01-28,T.PURAM,Palm Oil (Packed),42.0
2010-01-28,CHENNAI,Palm Oil (Packed),42.0
2010-01-28,HYDERABAD,Palm Oil (Packed),
2010-01-29,BENGALURU,Palm Oil (Packed),44.0
2010-01-29,T.PURAM,Palm Oil (Packed),42.0
2010-01-29,CHENNAI,Palm Oil (Packed),42.0
2010-01-29,HYDERABAD,Palm Oil (Packed),
2010-02-01,BENGALURU,Palm Oil (Packed),44.0
2010-02-01,T.PURAM,Palm Oil (Packed),42.0
2010-02-01,CHENNAI,Palm Oil (Packed),42.0
2010-02-01,HYDERABAD,Palm Oil (Packed),
2010-02-02,BENGALURU,Palm Oil (Packed),44.0
2010-02-02,T.PURAM,Palm Oil (Packed),46.0
2010-02-02,CHENNAI,Palm Oil (Packed),42.0
2010-02-02,HYDERABAD,Palm Oil (Packed),
2010-02-03,BENGALURU,Palm Oil (Packed),44.0
2010-02-03,T.PURAM,Palm Oil (Packed),46.0
2010-02-03,CHENNAI,Palm Oil (Packed),42.0
2010-02-03,HYDERABAD,Palm Oil (Packed),
2010-02-04,BENGALURU,Palm Oil (Packed),44.0
2010-02-04,T.PURAM,Palm Oil (Packed),46.0
2010-02-04,CHENNAI,Palm Oil (Packed),42.0
2010-02-04,HYDERABAD,Palm Oil (Packed),
2010-02-05,BENGALURU,Palm Oil (Packed),44.0
2010-02-05,T.PURAM,Palm Oil (Packed),46.0
2010-02-05,CHENNAI,Palm Oil (Packed),42.0
2010-02-05,HYDERABAD,Palm Oil (Packed),
2010-02-08,BENGALURU,Palm Oil (Packed),44.0
2010-02-08,T.PURAM,Palm Oil (Packed),44.0
2010-02-08,CHENNAI,Palm Oil (Packed),42.0
2010-02-08,HYDERABAD,Palm Oil (Packed),
2010-02-09,BENGALURU,Palm Oil (Packed),44.0
2010-02-09,T.PURAM,Palm Oil (Packed),44.0
2010-02-09,CHENNAI,Palm Oil (Packed),42.0
2010-02-09,HYDERABAD,Palm Oil (Packed),
2010-02-10,BENGALURU,Palm Oil (Packed),45.0
2010-02-10,T.PURAM,Palm Oil (Packed),44.0
2010-02-10,CHENNAI,Palm Oil (Packed),41.0
2010-02-10,HYDERABAD,Palm Oil (Packed),
2010-02-11,BENGALURU,Palm Oil (Packed),45.0
2010-02-11,T.PURAM,Palm Oil (Packed),44.0
2010-02-11,CHENNAI,Palm Oil (Packed),41.0
2010-02-11,HYDERABAD,Palm Oil (Packed),
2010-02-12,BENGALURU,Palm Oil (Packed),45.0
2010-02-12,T.PURAM,Palm Oil (Packed),44.0
2010-02-12,CHENNAI,Palm Oil (Packed),41.0
2010-02-12,HYDERABAD,Palm Oil (Packed),
2010-02-15,BENGALURU,Palm Oil (Packed),45.0
2010-02-15,T.PURAM,Palm Oil (Packed),46.0
2010-02-15,CHENNAI,Palm Oil (Packed),41.0
2010-02-15,HYDERABAD,Palm Oil (Packed),
2010-02-16,BENGALURU,Palm Oil (Packed),45.0
2010-02-16,T.PURAM,Palm Oil (Packed),46.0
2010-02-16,CHENNAI,Palm Oil (Packed),41.0
2010-02-16,HYDERABAD,Palm Oil (Packed),
2010-02-17,BENGALURU,Palm Oil (Packed),45.0
2010-02-17,T.PURAM,Palm Oil (Packed),46.0
2010-02-17,CHENNAI,Palm Oil (Packed),41.0
2010-02-17,HYDERABAD,Palm Oil (Packed),
2010-02-18,BENGALURU,Palm Oil (Packed),45.0
2010-02-18,T.PURAM,Palm Oil (Packed),46.0
2010-02-18,CHENNAI,Palm Oil (Packed),41.0
2010-02-18,HYDERABAD,Palm Oil (Packed),
2010-02-19,BENGALURU,Palm Oil (Packed),45.0
2010-02-19,T.PURAM,Palm Oil (Packed),46.0
2010-02-19,CHENNAI,Palm Oil (Packed),41.0
2010-02-19,HYDERABAD,Palm Oil (Packed),
2010-02-22,BENGALURU,Palm Oil (Packed),45.0
2010-02-22,T.PURAM,Palm Oil (Packed),46.0
2010-02-22,CHENNAI,Palm Oil (Packed),41.0
2010-02-22,HYDERABAD,Palm Oil (Packed),41.0
2010-02-23,BENGALURU,Palm Oil (Packed),45.0
2010-02-23,T.PURAM,Palm Oil (Packed),46.0
2010-02-23,CHENNAI,Palm Oil (Packed),41.0
2010-02-23,HYDERABAD,Palm Oil (Packed),41.0
2010-02-24,BENGALURU,Palm Oil (Packed),45.0
2010-02-24,T.PURAM,Palm Oil (Packed),46.0
2010-02-24,CHENNAI,Palm Oil (Packed),41.0
2010-02-24,HYDERABAD,Palm Oil (Packed),41.0
2010-02-25,BENGALURU,Palm Oil (Packed),46.0
2010-02-25,T.PURAM,Palm Oil (Packed),46.0
2010-02-25,CHENNAI,Palm Oil (Packed),41.0
2010-02-25,HYDERABAD,Palm Oil (Packed),41.0
2010-02-26,BENGALURU,Palm Oil (Packed),46.0
2010-02-26,T.PURAM,Palm Oil (Packed),46.0
2010-02-26,CHENNAI,Palm Oil (Packed),41.0
2010-02-26,HYDERABAD,Palm Oil (Packed),41.0
2010-03-02,BENGALURU,Palm Oil (Packed),46.0
2010-03-02,T.PURAM,Palm Oil (Packed),46.0
2010-03-02,CHENNAI,Palm Oil (Packed),42.0
2010-03-02,HYDERABAD,Palm Oil (Packed),41.0
2010-03-03,BENGALURU,Palm Oil (Packed),46.0
2010-03-03,T.PURAM,Palm Oil (Packed),46.0
2010-03-03,CHENNAI,Palm Oil (Packed),42.0
2010-03-03,HYDERABAD,Palm Oil (Packed),41.0
2010-03-04,BENGALURU,Palm Oil (Packed),46.0
2010-03-04,T.PURAM,Palm Oil (Packed),46.0
2010-03-04,CHENNAI,Palm Oil (Packed),42.0
2010-03-04,HYDERABAD,Palm Oil (Packed),
2010-03-05,BENGALURU,Palm Oil (Packed),46.0
2010-03-05,T.PURAM,Palm Oil (Packed),46.0
2010-03-05,CHENNAI,Palm Oil (Packed),42.0
2010-03-05,HYDERABAD,Palm Oil (Packed),
2010-03-08,BENGALURU,Palm Oil (Packed),46.0
2010-03-08,T.PURAM,Palm Oil (Packed),44.0
2010-03-08,CHENNAI,Palm Oil (Packed),42.0
2010-03-08,HYDERABAD,Palm Oil (Packed),
2010-03-09,BENGALURU,Palm Oil (Packed),46.0
2010-03-09,T.PURAM,Palm Oil (Packed),44.0
2010-03-09,CHENNAI,Palm Oil (Packed),42.0
2010-03-09,HYDERABAD,Palm Oil (Packed),
2010-03-10,BENGALURU,Palm Oil (Packed),46.0
2010-03-10,T.PURAM,Palm Oil (Packed),45.0
2010-03-10,CHENNAI,Palm Oil (Packed),42.0
2010-03-10,HYDERABAD,Palm Oil (Packed),
2010-03-11,BENGALURU,Palm Oil (Packed),46.0
2010-03-11,T.PURAM,Palm Oil (Packed),45.0
2010-03-11,CHENNAI,Palm Oil (Packed),42.0
2010-03-11,HYDERABAD,Palm Oil (Packed),40.0
2010-03-12,BENGALURU,Palm Oil (Packed),46.0
2010-03-12,T.PURAM,Palm Oil (Packed),45.0
2010-03-12,CHENNAI,Palm Oil (Packed),42.0
2010-03-12,HYDERABAD,Palm Oil (Packed),40.0
2010-03-15,BENGALURU,Palm Oil (Packed),46.0
2010-03-15,T.PURAM,Palm Oil (Packed),
2010-03-15,CHENNAI,Palm Oil (Packed),43.0
2010-03-15,HYDERABAD,Palm Oil (Packed),
2010-03-16,BENGALURU,Palm Oil (Packed),
2010-03-16,T.PURAM,Palm Oil (Packed),46.0
2010-03-16,CHENNAI,Palm Oil (Packed),
2010-03-16,HYDERABAD,Palm Oil (Packed),
2010-03-17,BENGALURU,Palm Oil (Packed),
2010-03-17,T.PURAM,Palm Oil (Packed),46.0
2010-03-17,CHENNAI,Palm Oil (Packed),
2010-03-17,HYDERABAD,Palm Oil (Packed),42.0
2010-03-18,BENGALURU,Palm Oil (Packed),
2010-03-18,T.PURAM,Palm Oil (Packed),46.0
2010-03-18,CHENNAI,Palm Oil (Packed),43.0
2010-03-18,HYDERABAD,Palm Oil (Packed),42.0
2010-03-19,BENGALURU,Palm Oil (Packed),45.0
2010-03-19,T.PURAM,Palm Oil (Packed),46.0
2010-03-19,CHENNAI,Palm Oil (Packed),42.0
2010-03-19,HYDERABAD,Palm Oil (Packed),42.0
2010-03-22,BENGALURU,Palm Oil (Packed),45.0
2010-03-22,T.PURAM,Palm Oil (Packed),46.0
2010-03-22,CHENNAI,Palm Oil (Packed),42.0
2010-03-22,HYDERABAD,Palm Oil (Packed),42.0
2010-03-23,BENGALURU,Palm Oil (Packed),
2010-03-23,T.PURAM,Palm Oil (Packed),45.0
2010-03-23,CHENNAI,Palm Oil (Packed),42.0
2010-03-23,HYDERABAD,Palm Oil (Packed),42.0
2010-03-25,BENGALURU,Palm Oil (Packed),
2010-03-25,T.PURAM,Palm Oil (Packed),45.0
2010-03-25,CHENNAI,Palm Oil (Packed),42.0
2010-03-25,HYDERABAD,Palm Oil (Packed),44.0
2010-03-26,BENGALURU,Palm Oil (Packed),
2010-03-26,T.PURAM,Palm Oil (Packed),
2010-03-26,CHENNAI,Palm Oil (Packed),42.0
2010-03-26,HYDERABAD,Palm Oil (Packed),43.0
2010-03-29,BENGALURU,Palm Oil (Packed),
2010-03-29,T.PURAM,Palm Oil (Packed),45.0
2010-03-29,CHENNAI,Palm Oil (Packed),42.0
2010-03-29,HYDERABAD,Palm Oil (Packed),44.0
2010-03-30,BENGALURU,Palm Oil (Packed),
2010-03-30,T.PURAM,Palm Oil (Packed),45.0
2010-03-30,CHENNAI,Palm Oil (Packed),42.0
2010-03-30,HYDERABAD,Palm Oil (Packed),44.0
2010-03-31,BENGALURU,Palm Oil (Packed),
2010-03-31,T.PURAM,Palm Oil (Packed),45.0
2010-03-31,CHENNAI,Palm Oil (Packed),42.0
2010-03-31,HYDERABAD,Palm Oil (Packed),44.0
2010-04-01,BENGALURU,Palm Oil (Packed),
2010-04-01,T.PURAM,Palm Oil (Packed),45.0
2010-04-01,CHENNAI,Palm Oil (Packed),42.0
2010-04-01,HYDERABAD,Palm Oil (Packed),44.0
2010-04-05,BENGALURU,Palm Oil (Packed),
2010-04-05,T.PURAM,Palm Oil (Packed),45.0
2010-04-05,CHENNAI,Palm Oil (Packed),42.0
2010-04-05,HYDERABAD,Palm Oil (Packed),44.0
2010-04-06,BENGALURU,Palm Oil (Packed),46.0
2010-04-06,T.PURAM,Palm Oil (Packed),45.0
2010-04-06,CHENNAI,Palm Oil (Packed),42.0
2010-04-06,HYDERABAD,Palm Oil (Packed),44.0
2010-04-07,BENGALURU,Palm Oil (Packed),46.0
2010-04-07,T.PURAM,Palm Oil (Packed),45.0
2010-04-07,CHENNAI,Palm Oil (Packed),42.0
2010-04-07,HYDERABAD,Palm Oil (Packed),44.0
2010-04-08,BENGALURU,Palm Oil (Packed),46.0
2010-04-08,T.PURAM,Palm Oil (Packed),45.0
2010-04-08,CHENNAI,Palm Oil (Packed),42.0
2010-04-08,HYDERABAD,Palm Oil (Packed),44.0
2010-04-09,BENGALURU,Palm Oil (Packed),46.0
2010-04-09,T.PURAM,Palm Oil (Packed),45.0
2010-04-09,CHENNAI,Palm Oil (Packed),42.0
2010-04-09,HYDERABAD,Palm Oil (Packed),44.0
2010-04-12,BENGALURU,Palm Oil (Packed),45.0
2010-04-12,T.PURAM,Palm Oil (Packed),45.0
2010-04-12,CHENNAI,Palm Oil (Packed),42.0
2010-04-12,HYDERABAD,Palm Oil (Packed),44.0
2010-04-13,BENGALURU,Palm Oil (Packed),45.0
2010-04-13,T.PURAM,Palm Oil (Packed),45.0
2010-04-13,CHENNAI,Palm Oil (Packed),42.0
2010-04-13,HYDERABAD,Palm Oil (Packed),44.0
2010-04-15,BENGALURU,Palm Oil (Packed),45.0
2010-04-15,T.PURAM,Palm Oil (Packed),45.0
2010-04-15,CHENNAI,Palm Oil (Packed),42.0
2010-04-15,DINDIGUL,Palm Oil (Packed),42.0
2010-04-15,HYDERABAD,Palm Oil (Packed),44.0
2010-04-16,BENGALURU,Palm Oil (Packed),45.0
2010-04-16,T.PURAM,Palm Oil (Packed),47.0
2010-04-16,CHENNAI,Palm Oil (Packed),42.0
2010-04-16,DINDIGUL,Palm Oil (Packed),42.0
2010-04-16,HYDERABAD,Palm Oil (Packed),44.0
2010-04-19,BENGALURU,Palm Oil (Packed),45.0
2010-04-19,T.PURAM,Palm Oil (Packed),47.0
2010-04-19,CHENNAI,Palm Oil (Packed),42.0
2010-04-19,DINDIGUL,Palm Oil (Packed),42.0
2010-04-19,HYDERABAD,Palm Oil (Packed),44.0
2010-04-20,BENGALURU,Palm Oil (Packed),45.0
2010-04-20,T.PURAM,Palm Oil (Packed),47.0
2010-04-20,CHENNAI,Palm Oil (Packed),42.0
2010-04-20,DINDIGUL,Palm Oil (Packed),42.0
2010-04-20,HYDERABAD,Palm Oil (Packed),44.0
2010-04-21,BENGALURU,Palm Oil (Packed),45.0
2010-04-21,T.PURAM,Palm Oil (Packed),47.0
2010-04-21,CHENNAI,Palm Oil (Packed),42.0
2010-04-21,DINDIGUL,Palm Oil (Packed),42.0
2010-04-21,HYDERABAD,Palm Oil (Packed),44.0
2010-04-22,BENGALURU,Palm Oil (Packed),44.0
2010-04-22,T.PURAM,Palm Oil (Packed),47.0
2010-04-22,CHENNAI,Palm Oil (Packed),41.0
2010-04-22,DINDIGUL,Palm Oil (Packed),42.0
2010-04-22,HYDERABAD,Palm Oil (Packed),44.0
2010-04-23,BENGALURU,Palm Oil (Packed),44.0
2010-04-23,T.PURAM,Palm Oil (Packed),47.0
2010-04-23,CHENNAI,Palm Oil (Packed),41.0
2010-04-23,DINDIGUL,Palm Oil (Packed),42.0
2010-04-23,HYDERABAD,Palm Oil (Packed),44.0
2010-04-26,BENGALURU,Palm Oil (Packed),44.0
2010-04-26,T.PURAM,Palm Oil (Packed),47.0
2010-04-26,CHENNAI,Palm Oil (Packed),41.0
2010-04-26,DINDIGUL,Palm Oil (Packed),42.0
2010-04-26,HYDERABAD,Palm Oil (Packed),44.0
2010-04-27,BENGALURU,Palm Oil (Packed),44.0
2010-04-27,T.PURAM,Palm Oil (Packed),47.0
2010-04-27,CHENNAI,Palm Oil (Packed),41.0
2010-04-27,DINDIGUL,Palm Oil (Packed),42.0
2010-04-27,HYDERABAD,Palm Oil (Packed),44.0
2010-04-28,BENGALURU,Palm Oil (Packed),44.0
2010-04-28,T.PURAM,Palm Oil (Packed),47.0
2010-04-28,CHENNAI,Palm Oil (Packed),41.0
2010-04-28,DINDIGUL,Palm Oil (Packed),42.0
2010-04-28,HYDERABAD,Palm Oil (Packed),44.0
2010-04-29,BENGALURU,Palm Oil (Packed),44.0
2010-04-29,T.PURAM,Palm Oil (Packed),47.0
2010-04-29,CHENNAI,Palm Oil (Packed),41.0
2010-04-29,DINDIGUL,Palm Oil (Packed),42.0
2010-04-29,HYDERABAD,Palm Oil (Packed),44.0
2010-04-30,BENGALURU,Palm Oil (Packed),44.0
2010-04-30,T.PURAM,Palm Oil (Packed),47.0
2010-04-30,CHENNAI,Palm Oil (Packed),41.0
2010-04-30,DINDIGUL,Palm Oil (Packed),42.0
2010-04-30,HYDERABAD,Palm Oil (Packed),44.0
2010-05-03,BENGALURU,Palm Oil (Packed),45.0
2010-05-03,T.PURAM,Palm Oil (Packed),47.0
2010-05-03,CHENNAI,Palm Oil (Packed),41.0
2010-05-03,DINDIGUL,Palm Oil (Packed),42.0
2010-05-03,HYDERABAD,Palm Oil (Packed),44.0
2010-05-04,BENGALURU,Palm Oil (Packed),45.0
2010-05-04,T.PURAM,Palm Oil (Packed),47.0
2010-05-04,CHENNAI,Palm Oil (Packed),41.0
2010-05-04,DINDIGUL,Palm Oil (Packed),42.0
2010-05-04,HYDERABAD,Palm Oil (Packed),44.0
2010-05-05,BENGALURU,Palm Oil (Packed),
2010-05-05,T.PURAM,Palm Oil (Packed),47.0
2010-05-05,CHENNAI,Palm Oil (Packed),41.0
2010-05-05,DINDIGUL,Palm Oil (Packed),42.0
2010-05-05,HYDERABAD,Palm Oil (Packed),44.0
2010-05-06,BENGALURU,Palm Oil (Packed),45.0
2010-05-06,T.PURAM,Palm Oil (Packed),47.0
2010-05-06,CHENNAI,Palm Oil (Packed),41.0
2010-05-06,DINDIGUL,Palm Oil (Packed),42.0
2010-05-06,HYDERABAD,Palm Oil (Packed),44.0
2010-05-07,BENGALURU,Palm Oil (Packed),45.0
2010-05-07,T.PURAM,Palm Oil (Packed),47.0
2010-05-07,CHENNAI,Palm Oil (Packed),41.0
2010-05-07,DINDIGUL,Palm Oil (Packed),42.0
2010-05-07,HYDERABAD,Palm Oil (Packed),44.0
2010-05-10,BENGALURU,Palm Oil (Packed),45.0
2010-05-10,T.PURAM,Palm Oil (Packed),47.0
2010-05-10,CHENNAI,Palm Oil (Packed),41.0
2010-05-10,DINDIGUL,Palm Oil (Packed),42.0
2010-05-10,HYDERABAD,Palm Oil (Packed),44.0
2010-05-11,BENGALURU,Palm Oil (Packed),45.0
2010-05-11,T.PURAM,Palm Oil (Packed),47.0
2010-05-11,CHENNAI,Palm Oil (Packed),41.0
2010-05-11,DINDIGUL,Palm Oil (Packed),42.0
2010-05-11,HYDERABAD,Palm Oil (Packed),44.0
2010-05-12,BENGALURU,Palm Oil (Packed),44.0
2010-05-12,T.PURAM,Palm Oil (Packed),47.0
2010-05-12,CHENNAI,Palm Oil (Packed),42.0
2010-05-12,DINDIGUL,Palm Oil (Packed),42.0
2010-05-12,HYDERABAD,Palm Oil (Packed),44.0
2010-05-13,BENGALURU,Palm Oil (Packed),44.0
2010-05-13,T.PURAM,Palm Oil (Packed),47.0
2010-05-13,CHENNAI,Palm Oil (Packed),42.0
2010-05-13,DINDIGUL,Palm Oil (Packed),42.0
2010-05-13,HYDERABAD,Palm Oil (Packed),
2010-05-14,BENGALURU,Palm Oil (Packed),44.0
2010-05-14,T.PURAM,Palm Oil (Packed),47.0
2010-05-14,CHENNAI,Palm Oil (Packed),42.0
2010-05-14,DINDIGUL,Palm Oil (Packed),42.0
2010-05-14,HYDERABAD,Palm Oil (Packed),
2010-05-17,BENGALURU,Palm Oil (Packed),44.0
2010-05-17,T.PURAM,Palm Oil (Packed),47.0
2010-05-17,CHENNAI,Palm Oil (Packed),42.0
2010-05-17,DINDIGUL,Palm Oil (Packed),42.0
2010-05-17,HYDERABAD,Palm Oil (Packed),
2010-05-18,BENGALURU,Palm Oil (Packed),44.0
2010-05-18,T.PURAM,Palm Oil (Packed),47.0
2010-05-18,CHENNAI,Palm Oil (Packed),42.0
2010-05-18,DINDIGUL,Palm Oil (Packed),42.0
2010-05-18,HYDERABAD,Palm Oil (Packed),
2010-05-19,BENGALURU,Palm Oil (Packed),44.0
2010-05-19,T.PURAM,Palm Oil (Packed),47.0
2010-05-19,CHENNAI,Palm Oil (Packed),42.0
2010-05-19,DINDIGUL,Palm Oil (Packed),42.0
2010-05-19,HYDERABAD,Palm Oil (Packed),
2010-05-20,BENGALURU,Palm Oil (Packed),44.0
2010-05-20,T.PURAM,Palm Oil (Packed),47.0
2010-05-20,CHENNAI,Palm Oil (Packed),42.0
2010-05-20,DINDIGUL,Palm Oil (Packed),42.0
2010-05-20,HYDERABAD,Palm Oil (Packed),
2010-05-21,BENGALURU,Palm Oil (Packed),44.0
2010-05-21,T.PURAM,Palm Oil (Packed),47.0
2010-05-21,CHENNAI,Palm Oil (Packed),42.0
2010-05-21,DINDIGUL,Palm Oil (Packed),42.0
2010-05-21,HYDERABAD,Palm Oil (Packed),
2010-05-24,BENGALURU,Palm Oil (Packed),44.0
2010-05-24,T.PURAM,Palm Oil (Packed),47.0
2010-05-24,CHENNAI,Palm Oil (Packed),42.0
2010-05-24,DINDIGUL,Palm Oil (Packed),42.0
2010-05-24,HYDERABAD,Palm Oil (Packed),
2010-05-25,BENGALURU,Palm Oil (Packed),44.0
2010-05-25,T.PURAM,Palm Oil (Packed),47.0
2010-05-25,CHENNAI,Palm Oil (Packed),42.0
2010-05-25,DINDIGUL,Palm Oil (Packed),42.0
2010-05-25,HYDERABAD,Palm Oil (Packed),
2010-05-26,BENGALURU,Palm Oil (Packed),44.0
2010-05-26,T.PURAM,Palm Oil (Packed),47.0
2010-05-26,CHENNAI,Palm Oil (Packed),42.0
2010-05-26,DINDIGUL,Palm Oil (Packed),42.0
2010-05-26,HYDERABAD,Palm Oil (Packed),
2010-05-28,BENGALURU,Palm Oil (Packed),46.0
2010-05-28,T.PURAM,Palm Oil (Packed),47.0
2010-05-28,CHENNAI,Palm Oil (Packed),43.0
2010-05-28,DINDIGUL,Palm Oil (Packed),42.0
2010-05-28,HYDERABAD,Palm Oil (Packed),
2010-05-31,BENGALURU,Palm Oil (Packed),46.0
2010-05-31,T.PURAM,Palm Oil (Packed),47.0
2010-05-31,CHENNAI,Palm Oil (Packed),43.0
2010-05-31,DINDIGUL,Palm Oil (Packed),43.0
2010-05-31,HYDERABAD,Palm Oil (Packed),
2010-06-01,BENGALURU,Palm Oil (Packed),46.0
2010-06-01,T.PURAM,Palm Oil (Packed),47.0
2010-06-01,CHENNAI,Palm Oil (Packed),43.0
2010-06-01,DINDIGUL,Palm Oil (Packed),43.0
2010-06-01,HYDERABAD,Palm Oil (Packed),
2010-06-02,BENGALURU,Palm Oil (Packed),46.0
2010-06-02,T.PURAM,Palm Oil (Packed),47.0
2010-06-02,CHENNAI,Palm Oil (Packed),43.0
2010-06-02,DINDIGUL,Palm Oil (Packed),42.0
2010-06-02,HYDERABAD,Palm Oil (Packed),
2010-06-03,BENGALURU,Palm Oil (Packed),46.0
2010-06-03,T.PURAM,Palm Oil (Packed),47.0
2010-06-03,CHENNAI,Palm Oil (Packed),43.0
2010-06-03,DINDIGUL,Palm Oil (Packed),42.0
2010-06-03,HYDERABAD,Palm Oil (Packed),
2010-06-04,BENGALURU,Palm Oil (Packed),46.0
2010-06-04,T.PURAM,Palm Oil (Packed),47.0
2010-06-04,CHENNAI,Palm Oil (Packed),43.0
2010-06-04,DINDIGUL,Palm Oil (Packed),42.0
2010-06-04,HYDERABAD,Palm Oil (Packed),
2010-06-07,BENGALURU,Palm Oil (Packed),46.0
2010-06-07,T.PURAM,Palm Oil (Packed),47.0
2010-06-07,CHENNAI,Palm Oil (Packed),43.0
2010-06-07,DINDIGUL,Palm Oil (Packed),43.0
2010-06-07,HYDERABAD,Palm Oil (Packed),
2010-06-08,BENGALURU,Palm Oil (Packed),46.0
2010-06-08,T.PURAM,Palm Oil (Packed),47.0
2010-06-08,CHENNAI,Palm Oil (Packed),43.0
2010-06-08,DINDIGUL,Palm Oil (Packed),43.0
2010-06-08,HYDERABAD,Palm Oil (Packed),
2010-06-09,BENGALURU,Palm Oil (Packed),46.0
2010-06-09,T.PURAM,Palm Oil (Packed),47.0
2010-06-09,CHENNAI,Palm Oil (Packed),43.0
2010-06-09,DINDIGUL,Palm Oil (Packed),43.0
2010-06-09,HYDERABAD,Palm Oil (Packed),44.0
2010-06-10,BENGALURU,Palm Oil (Packed),46.0
2010-06-10,T.PURAM,Palm Oil (Packed),47.0
2010-06-10,CHENNAI,Palm Oil (Packed),43.0
2010-06-10,DINDIGUL,Palm Oil (Packed),43.0
2010-06-10,HYDERABAD,Palm Oil (Packed),44.0
2010-06-11,BENGALURU,Palm Oil (Packed),46.0
2010-06-11,T.PURAM,Palm Oil (Packed),47.0
2010-06-11,CHENNAI,Palm Oil (Packed),43.0
2010-06-11,DINDIGUL,Palm Oil (Packed),43.0
2010-06-11,HYDERABAD,Palm Oil (Packed),44.0
2010-06-14,BENGALURU,Palm Oil (Packed),46.0
2010-06-14,T.PURAM,Palm Oil (Packed),47.0
2010-06-14,CHENNAI,Palm Oil (Packed),43.0
2010-06-14,DINDIGUL,Palm Oil (Packed),43.0
2010-06-14,HYDERABAD,Palm Oil (Packed),44.0
2010-06-15,BENGALURU,Palm Oil (Packed),46.0
2010-06-15,T.PURAM,Palm Oil (Packed),47.0
2010-06-15,CHENNAI,Palm Oil (Packed),43.0
2010-06-15,DINDIGUL,Palm Oil (Packed),43.0
2010-06-15,HYDERABAD,Palm Oil (Packed),44.0
2010-06-16,BENGALURU,Palm Oil (Packed),46.0
2010-06-16,T.PURAM,Palm Oil (Packed),47.0
2010-06-16,CHENNAI,Palm Oil (Packed),43.0
2010-06-16,DINDIGUL,Palm Oil (Packed),43.0
2010-06-16,HYDERABAD,Palm Oil (Packed),44.0
2010-06-17,BENGALURU,Palm Oil (Packed),45.0
2010-06-17,T.PURAM,Palm Oil (Packed),47.0
2010-06-17,CHENNAI,Palm Oil (Packed),43.0
2010-06-17,DINDIGUL,Palm Oil (Packed),43.0
2010-06-17,HYDERABAD,Palm Oil (Packed),44.0
2010-06-18,BENGALURU,Palm Oil (Packed),45.0
2010-06-18,T.PURAM,Palm Oil (Packed),47.0
2010-06-18,CHENNAI,Palm Oil (Packed),42.0
2010-06-18,DINDIGUL,Palm Oil (Packed),43.0
2010-06-18,HYDERABAD,Palm Oil (Packed),44.0
2010-06-21,BENGALURU,Palm Oil (Packed),45.0
2010-06-21,T.PURAM,Palm Oil (Packed),47.0
2010-06-21,CHENNAI,Palm Oil (Packed),42.0
2010-06-21,DINDIGUL,Palm Oil (Packed),43.0
2010-06-21,HYDERABAD,Palm Oil (Packed),44.0
2010-06-22,BENGALURU,Palm Oil (Packed),45.0
2010-06-22,T.PURAM,Palm Oil (Packed),47.0
2010-06-22,CHENNAI,Palm Oil (Packed),42.0
2010-06-22,DINDIGUL,Palm Oil (Packed),43.0
2010-06-22,HYDERABAD,Palm Oil (Packed),44.0
2010-06-23,BENGALURU,Palm Oil (Packed),45.0
2010-06-23,T.PURAM,Palm Oil (Packed),47.0
2010-06-23,CHENNAI,Palm Oil (Packed),42.0
2010-06-23,DINDIGUL,Palm Oil (Packed),43.0
2010-06-23,HYDERABAD,Palm Oil (Packed),44.0
2010-06-24,BENGALURU,Palm Oil (Packed),45.0
2010-06-24,T.PURAM,Palm Oil (Packed),47.0
2010-06-24,CHENNAI,Palm Oil (Packed),42.0
2010-06-24,DINDIGUL,Palm Oil (Packed),43.0
2010-06-24,HYDERABAD,Palm Oil (Packed),44.0
2010-06-25,BENGALURU,Palm Oil (Packed),45.0
2010-06-25,T.PURAM,Palm Oil (Packed),47.0
2010-06-25,CHENNAI,Palm Oil (Packed),42.0
2010-06-25,DINDIGUL,Palm Oil (Packed),43.0
2010-06-25,HYDERABAD,Palm Oil (Packed),44.0
2010-06-28,BENGALURU,Palm Oil (Packed),45.0
2010-06-28,T.PURAM,Palm Oil (Packed),47.0
2010-06-28,CHENNAI,Palm Oil (Packed),43.0
2010-06-28,DINDIGUL,Palm Oil (Packed),43.0
2010-06-28,HYDERABAD,Palm Oil (Packed),44.0
2010-06-29,BENGALURU,Palm Oil (Packed),45.0
2010-06-29,T.PURAM,Palm Oil (Packed),47.0
2010-06-29,CHENNAI,Palm Oil (Packed),43.0
2010-06-29,DINDIGUL,Palm Oil (Packed),43.0
2010-06-29,HYDERABAD,Palm Oil (Packed),44.0
2010-06-30,BENGALURU,Palm Oil (Packed),45.0
2010-06-30,T.PURAM,Palm Oil (Packed),47.0
2010-06-30,CHENNAI,Palm Oil (Packed),43.0
2010-06-30,DINDIGUL,Palm Oil (Packed),43.0
2010-06-30,HYDERABAD,Palm Oil (Packed),45.0
2010-07-01,BENGALURU,Palm Oil (Packed),46.0
2010-07-01,T.PURAM,Palm Oil (Packed),47.0
2010-07-01,CHENNAI,Palm Oil (Packed),43.0
2010-07-01,DINDIGUL,Palm Oil (Packed),43.0
2010-07-01,HYDERABAD,Palm Oil (Packed),45.0
2010-07-02,BENGALURU,Palm Oil (Packed),46.0
2010-07-02,T.PURAM,Palm Oil (Packed),47.0
2010-07-02,CHENNAI,Palm Oil (Packed),42.0
2010-07-02,DINDIGUL,Palm Oil (Packed),43.0
2010-07-02,HYDERABAD,Palm Oil (Packed),
2010-07-05,BENGALURU,Palm Oil (Packed),46.0
2010-07-05,T.PURAM,Palm Oil (Packed),47.0
2010-07-05,CHENNAI,Palm Oil (Packed),42.0
2010-07-05,DINDIGUL,Palm Oil (Packed),43.0
2010-07-05,HYDERABAD,Palm Oil (Packed),
2010-07-06,BENGALURU,Palm Oil (Packed),46.0
2010-07-06,T.PURAM,Palm Oil (Packed),47.0
2010-07-06,CHENNAI,Palm Oil (Packed),42.0
2010-07-06,DINDIGUL,Palm Oil (Packed),43.0
2010-07-06,HYDERABAD,Palm Oil (Packed),
2010-07-07,BENGALURU,Palm Oil (Packed),46.0
2010-07-07,T.PURAM,Palm Oil (Packed),47.0
2010-07-07,CHENNAI,Palm Oil (Packed),42.0
2010-07-07,DINDIGUL,Palm Oil (Packed),43.0
2010-07-07,HYDERABAD,Palm Oil (Packed),
2010-07-08,BENGALURU,Palm Oil (Packed),46.0
2010-07-08,T.PURAM,Palm Oil (Packed),47.0
2010-07-08,CHENNAI,Palm Oil (Packed),42.0
2010-07-08,DINDIGUL,Palm Oil (Packed),43.0
2010-07-08,HYDERABAD,Palm Oil (Packed),
2010-07-09,BENGALURU,Palm Oil (Packed),46.0
2010-07-09,T.PURAM,Palm Oil (Packed),48.0
2010-07-09,CHENNAI,Palm Oil (Packed),42.0
2010-07-09,DINDIGUL,Palm Oil (Packed),43.0
2010-07-09,HYDERABAD,Palm Oil (Packed),
2010-07-12,BENGALURU,Palm Oil (Packed),46.0
2010-07-12,T.PURAM,Palm Oil (Packed),48.0
2010-07-12,CHENNAI,Palm Oil (Packed),42.0
2010-07-12,DINDIGUL,Palm Oil (Packed),43.0
2010-07-12,HYDERABAD,Palm Oil (Packed),
2010-07-13,BENGALURU,Palm Oil (Packed),46.0
2010-07-13,T.PURAM,Palm Oil (Packed),48.0
2010-07-13,CHENNAI,Palm Oil (Packed),42.0
2010-07-13,DINDIGUL,Palm Oil (Packed),43.0
2010-07-13,HYDERABAD,Palm Oil (Packed),43.0
2010-07-14,BENGALURU,Palm Oil (Packed),46.0
2010-07-14,T.PURAM,Palm Oil (Packed),48.0
2010-07-14,CHENNAI,Palm Oil (Packed),42.0
2010-07-14,DINDIGUL,Palm Oil (Packed),43.0
2010-07-14,HYDERABAD,Palm Oil (Packed),45.0
2010-07-15,BENGALURU,Palm Oil (Packed),46.0
2010-07-15,T.PURAM,Palm Oil (Packed),48.0
2010-07-15,CHENNAI,Palm Oil (Packed),43.0
2010-07-15,DINDIGUL,Palm Oil (Packed),43.0
2010-07-15,HYDERABAD,Palm Oil (Packed),47.0
2010-07-16,BENGALURU,Palm Oil (Packed),46.0
2010-07-16,T.PURAM,Palm Oil (Packed),48.0
2010-07-16,CHENNAI,Palm Oil (Packed),43.0
2010-07-16,DINDIGUL,Palm Oil (Packed),43.0
2010-07-16,HYDERABAD,Palm Oil (Packed),50.0
2010-07-19,BENGALURU,Palm Oil (Packed),46.0
2010-07-19,T.PURAM,Palm Oil (Packed),48.0
2010-07-19,CHENNAI,Palm Oil (Packed),44.0
2010-07-19,DINDIGUL,Palm Oil (Packed),43.0
2010-07-19,HYDERABAD,Palm Oil (Packed),50.0
2010-07-20,BENGALURU,Palm Oil (Packed),46.0
2010-07-20,T.PURAM,Palm Oil (Packed),48.0
2010-07-20,CHENNAI,Palm Oil (Packed),44.0
2010-07-20,DINDIGUL,Palm Oil (Packed),43.0
2010-07-20,HYDERABAD,Palm Oil (Packed),50.0
2010-07-21,BENGALURU,Palm Oil (Packed),46.0
2010-07-21,T.PURAM,Palm Oil (Packed),51.0
2010-07-21,CHENNAI,Palm Oil (Packed),44.0
2010-07-21,DINDIGUL,Palm Oil (Packed),43.0
2010-07-21,HYDERABAD,Palm Oil (Packed),50.0
2010-07-22,BENGALURU,Palm Oil (Packed),46.0
2010-07-22,T.PURAM,Palm Oil (Packed),51.0
2010-07-22,CHENNAI,Palm Oil (Packed),44.0
2010-07-22,DINDIGUL,Palm Oil (Packed),43.0
2010-07-22,HYDERABAD,Palm Oil (Packed),47.0
2010-07-23,BENGALURU,Palm Oil (Packed),46.0
2010-07-23,T.PURAM,Palm Oil (Packed),51.0
2010-07-23,CHENNAI,Palm Oil (Packed),44.0
2010-07-23,DINDIGUL,Palm Oil (Packed),43.0
2010-07-23,HYDERABAD,Palm Oil (Packed),47.0
2010-07-26,BENGALURU,Palm Oil (Packed),46.0
2010-07-26,T.PURAM,Palm Oil (Packed),51.0
2010-07-26,CHENNAI,Palm Oil (Packed),45.0
2010-07-26,DINDIGUL,Palm Oil (Packed),43.0
2010-07-26,HYDERABAD,Palm Oil (Packed),47.0
2010-07-27,BENGALURU,Palm Oil (Packed),46.0
2010-07-27,T.PURAM,Palm Oil (Packed),51.0
2010-07-27,CHENNAI,Palm Oil (Packed),45.0
2010-07-27,DINDIGUL,Palm Oil (Packed),43.0
2010-07-27,HYDERABAD,Palm Oil (Packed),46.0
2010-07-28,BENGALURU,Palm Oil (Packed),48.0
2010-07-28,T.PURAM,Palm Oil (Packed),51.0
2010-07-28,CHENNAI,Palm Oil (Packed),45.0
2010-07-28,DINDIGUL,Palm Oil (Packed),45.0
2010-07-28,HYDERABAD,Palm Oil (Packed),46.0
2010-07-29,BENGALURU,Palm Oil (Packed),48.0
2010-07-29,T.PURAM,Palm Oil (Packed),51.0
2010-07-29,CHENNAI,Palm Oil (Packed),45.0
2010-07-29,DINDIGUL,Palm Oil (Packed),45.0
2010-07-29,HYDERABAD,Palm Oil (Packed),46.0
2010-07-30,BENGALURU,Palm Oil (Packed),48.0
2010-07-30,T.PURAM,Palm Oil (Packed),51.0
2010-07-30,CHENNAI,Palm Oil (Packed),45.0
2010-07-30,DINDIGUL,Palm Oil (Packed),45.0
2010-07-30,HYDERABAD,Palm Oil (Packed),46.0
2010-08-02,BENGALURU,Palm Oil (Packed),50.0
2010-08-02,T.PURAM,Palm Oil (Packed),51.0
2010-08-02,CHENNAI,Palm Oil (Packed),45.0
2010-08-02,DINDIGUL,Palm Oil (Packed),45.0
2010-08-02,HYDERABAD,Palm Oil (Packed),46.0
2010-08-03,BENGALURU,Palm Oil (Packed),50.0
2010-08-03,T.PURAM,Palm Oil (Packed),50.0
2010-08-03,CHENNAI,Palm Oil (Packed),45.0
2010-08-03,DINDIGUL,Palm Oil (Packed),45.0
2010-08-03,HYDERABAD,Palm Oil (Packed),48.0
2010-08-04,BENGALURU,Palm Oil (Packed),50.0
2010-08-04,T.PURAM,Palm Oil (Packed),53.0
2010-08-04,CHENNAI,Palm Oil (Packed),45.0
2010-08-04,DINDIGUL,Palm Oil (Packed),48.0
2010-08-04,HYDERABAD,Palm Oil (Packed),50.0
2010-08-05,BENGALURU,Palm Oil (Packed),50.0
2010-08-05,T.PURAM,Palm Oil (Packed),54.0
2010-08-05,CHENNAI,Palm Oil (Packed),45.0
2010-08-05,DINDIGUL,Palm Oil (Packed),48.0
2010-08-05,HYDERABAD,Palm Oil (Packed),51.0
2010-08-06,BENGALURU,Palm Oil (Packed),50.0
2010-08-06,T.PURAM,Palm Oil (Packed),54.0
2010-08-06,CHENNAI,Palm Oil (Packed),48.0
2010-08-06,DINDIGUL,Palm Oil (Packed),48.0
2010-08-06,HYDERABAD,Palm Oil (Packed),51.0
2010-08-09,BENGALURU,Palm Oil (Packed),50.0
2010-08-09,T.PURAM,Palm Oil (Packed),54.0
2010-08-09,CHENNAI,Palm Oil (Packed),49.0
2010-08-09,DINDIGUL,Palm Oil (Packed),48.0
2010-08-09,HYDERABAD,Palm Oil (Packed),51.0
2010-08-10,BENGALURU,Palm Oil (Packed),50.0
2010-08-10,T.PURAM,Palm Oil (Packed),54.0
2010-08-10,CHENNAI,Palm Oil (Packed),50.0
2010-08-10,DINDIGUL,Palm Oil (Packed),53.0
2010-08-10,HYDERABAD,Palm Oil (Packed),51.0
2010-08-11,BENGALURU,Palm Oil (Packed),50.0
2010-08-11,T.PURAM,Palm Oil (Packed),54.0
2010-08-11,CHENNAI,Palm Oil (Packed),50.0
2010-08-11,DINDIGUL,Palm Oil (Packed),50.0
2010-08-11,HYDERABAD,Palm Oil (Packed),54.0
2010-08-12,BENGALURU,Palm Oil (Packed),50.0
2010-08-12,T.PURAM,Palm Oil (Packed),54.0
2010-08-12,CHENNAI,Palm Oil (Packed),50.0
2010-08-12,DINDIGUL,Palm Oil (Packed),50.0
2010-08-12,HYDERABAD,Palm Oil (Packed),56.0
2010-08-13,BENGALURU,Palm Oil (Packed),55.0
2010-08-13,T.PURAM,Palm Oil (Packed),54.0
2010-08-13,CHENNAI,Palm Oil (Packed),50.0
2010-08-13,DINDIGUL,Palm Oil (Packed),50.0
2010-08-13,HYDERABAD,Palm Oil (Packed),56.0
2010-08-16,BENGALURU,Palm Oil (Packed),55.0
2010-08-16,T.PURAM,Palm Oil (Packed),54.0
2010-08-16,CHENNAI,Palm Oil (Packed),50.0
2010-08-16,DINDIGUL,Palm Oil (Packed),52.0
2010-08-16,HYDERABAD,Palm Oil (Packed),56.0
2010-08-17,BENGALURU,Palm Oil (Packed),55.0
2010-08-17,T.PURAM,Palm Oil (Packed),54.0
2010-08-17,CHENNAI,Palm Oil (Packed),50.0
2010-08-17,DINDIGUL,Palm Oil (Packed),52.0
2010-08-17,HYDERABAD,Palm Oil (Packed),56.0
2010-08-18,BENGALURU,Palm Oil (Packed),54.0
2010-08-18,T.PURAM,Palm Oil (Packed),54.0
2010-08-18,CHENNAI,Palm Oil (Packed),49.0
2010-08-18,DINDIGUL,Palm Oil (Packed),53.0
2010-08-18,HYDERABAD,Palm Oil (Packed),56.0
2010-08-19,BENGALURU,Palm Oil (Packed),54.0
2010-08-19,T.PURAM,Palm Oil (Packed),54.0
2010-08-19,CHENNAI,Palm Oil (Packed),49.0
2010-08-19,DINDIGUL,Palm Oil (Packed),53.0
2010-08-19,HYDERABAD,Palm Oil (Packed),56.0
2010-08-20,BENGALURU,Palm Oil (Packed),54.0
2010-08-20,T.PURAM,Palm Oil (Packed),54.0
2010-08-20,CHENNAI,Palm Oil (Packed),49.0
2010-08-20,DINDIGUL,Palm Oil (Packed),48.0
2010-08-20,HYDERABAD,Palm Oil (Packed),56.0
2010-08-23,BENGALURU,Palm Oil (Packed),54.0
2010-08-23,T.PURAM,Palm Oil (Packed),54.0
2010-08-23,CHENNAI,Palm Oil (Packed),49.0
2010-08-23,DINDIGUL,Palm Oil (Packed),50.0
2010-08-23,HYDERABAD,Palm Oil (Packed),54.0
2010-08-24,BENGALURU,Palm Oil (Packed),54.0
2010-08-24,T.PURAM,Palm Oil (Packed),54.0
2010-08-24,CHENNAI,Palm Oil (Packed),49.0
2010-08-24,DINDIGUL,Palm Oil (Packed),50.0
2010-08-24,HYDERABAD,Palm Oil (Packed),55.0
2010-08-25,BENGALURU,Palm Oil (Packed),54.0
2010-08-25,T.PURAM,Palm Oil (Packed),54.0
2010-08-25,CHENNAI,Palm Oil (Packed),48.0
2010-08-25,DINDIGUL,Palm Oil (Packed),50.0
2010-08-25,HYDERABAD,Palm Oil (Packed),55.0
2010-08-26,BENGALURU,Palm Oil (Packed),54.0
2010-08-26,T.PURAM,Palm Oil (Packed),54.0
2010-08-26,CHENNAI,Palm Oil (Packed),48.0
2010-08-26,DINDIGUL,Palm Oil (Packed),53.0
2010-08-26,HYDERABAD,Palm Oil (Packed),55.0
2010-08-27,BENGALURU,Palm Oil (Packed),54.0
2010-08-27,T.PURAM,Palm Oil (Packed),54.0
2010-08-27,CHENNAI,Palm Oil (Packed),48.0
2010-08-27,DINDIGUL,Palm Oil (Packed),48.0
2010-08-27,HYDERABAD,Palm Oil (Packed),55.0
2010-08-30,BENGALURU,Palm Oil (Packed),54.0
2010-08-30,T.PURAM,Palm Oil (Packed),53.0
2010-08-30,CHENNAI,Palm Oil (Packed),48.0
2010-08-30,DINDIGUL,Palm Oil (Packed),48.0
2010-08-30,HYDERABAD,Palm Oil (Packed),55.0
2010-08-31,BENGALURU,Palm Oil (Packed),54.0
2010-08-31,DHARWAD,Palm Oil (Packed),
2010-08-31,T.PURAM,Palm Oil (Packed),53.0
2010-08-31,CHENNAI,Palm Oil (Packed),49.0
2010-08-31,DINDIGUL,Palm Oil (Packed),48.0
2010-08-31,THIRUCHIRAPALLI,Palm Oil (Packed),
2010-08-31,HYDERABAD,Palm Oil (Packed),53.0
2010-09-01,BENGALURU,Palm Oil (Packed),54.0
2010-09-01,DHARWAD,Palm Oil (Packed),54.0
2010-09-01,T.PURAM,Palm Oil (Packed),53.0
2010-09-01,CHENNAI,Palm Oil (Packed),49.0
2010-09-01,DINDIGUL,Palm Oil (Packed),48.0
2010-09-01,THIRUCHIRAPALLI,Palm Oil (Packed),
2010-09-01,HYDERABAD,Palm Oil (Packed),53.0
2010-09-03,BENGALURU,Palm Oil (Packed),58.0
2010-09-03,DHARWAD,Palm Oil (Packed),54.0
2010-09-03,T.PURAM,Palm Oil (Packed),53.0
2010-09-03,CHENNAI,Palm Oil (Packed),48.0
2010-09-03,DINDIGUL,Palm Oil (Packed),48.0
2010-09-03,THIRUCHIRAPALLI,Palm Oil (Packed),
2010-09-03,HYDERABAD,Palm Oil (Packed),52.0
2010-09-06,BENGALURU,Palm Oil (Packed),58.0
2010-09-06,DHARWAD,Palm Oil (Packed),54.0
2010-09-06,T.PURAM,Palm Oil (Packed),53.0
2010-09-06,CHENNAI,Palm Oil (Packed),48.0
2010-09-06,DINDIGUL,Palm Oil (Packed),49.0
2010-09-06,THIRUCHIRAPALLI,Palm Oil (Packed),49.0
2010-09-06,HYDERABAD,Palm Oil (Packed),52.0
2010-09-07,BENGALURU,Palm Oil (Packed),58.0
2010-09-07,DHARWAD,Palm Oil (Packed),54.0
2010-09-07,T.PURAM,Palm Oil (Packed),53.0
2010-09-07,CHENNAI,Palm Oil (Packed),48.0
2010-09-07,DINDIGUL,Palm Oil (Packed),49.0
2010-09-07,THIRUCHIRAPALLI,Palm Oil (Packed),49.0
2010-09-07,HYDERABAD,Palm Oil (Packed),52.0
2010-09-08,BENGALURU,Palm Oil (Packed),58.0
2010-09-08,DHARWAD,Palm Oil (Packed),54.0
2010-09-08,T.PURAM,Palm Oil (Packed),53.0
2010-09-08,CHENNAI,Palm Oil (Packed),48.0
2010-09-08,DINDIGUL,Palm Oil (Packed),49.0
2010-09-08,THIRUCHIRAPALLI,Palm Oil (Packed),49.0
2010-09-08,HYDERABAD,Palm Oil (Packed),52.0
2010-09-09,BENGALURU,Palm Oil (Packed),58.0
2010-09-09,DHARWAD,Palm Oil (Packed),54.0
2010-09-09,T.PURAM,Palm Oil (Packed),53.0
2010-09-09,CHENNAI,Palm Oil (Packed),49.0
2010-09-09,DINDIGUL,Palm Oil (Packed),49.0
2010-09-09,THIRUCHIRAPALLI,Palm Oil (Packed),49.0
2010-09-09,HYDERABAD,Palm Oil (Packed),52.0
2010-09-10,BENGALURU,Palm Oil (Packed),58.0
2010-09-10,DHARWAD,Palm Oil (Packed),54.0
2010-09-10,T.PURAM,Palm Oil (Packed),53.0
2010-09-10,CHENNAI,Palm Oil (Packed),49.0
2010-09-10,DINDIGUL,Palm Oil (Packed),49.0
2010-09-10,THIRUCHIRAPALLI,Palm Oil (Packed),49.0
2010-09-10,HYDERABAD,Palm Oil (Packed),52.0
2010-09-13,BENGALURU,Palm Oil (Packed),58.0
2010-09-13,DHARWAD,Palm Oil (Packed),54.0
2010-09-13,T.PURAM,Palm Oil (Packed),53.0
2010-09-13,CHENNAI,Palm Oil (Packed),49.0
2010-09-13,DINDIGUL,Palm Oil (Packed),50.0
2010-09-13,THIRUCHIRAPALLI,Palm Oil (Packed),49.0
2010-09-13,HYDERABAD,Palm Oil (Packed),52.0
2010-09-14,BENGALURU,Palm Oil (Packed),58.0
2010-09-14,DHARWAD,Palm Oil (Packed),54.0
2010-09-14,T.PURAM,Palm Oil (Packed),53.0
2010-09-14,CHENNAI,Palm Oil (Packed),49.0
2010-09-14,DINDIGUL,Palm Oil (Packed),50.0
2010-09-14,THIRUCHIRAPALLI,Palm Oil (Packed),49.0
2010-09-14,HYDERABAD,Palm Oil (Packed),52.0
2010-09-15,BENGALURU,Palm Oil (Packed),
2010-09-15,DHARWAD,Palm Oil (Packed),
2010-09-15,T.PURAM,Palm Oil (Packed),53.0
2010-09-15,CHENNAI,Palm Oil (Packed),49.0
2010-09-15,DINDIGUL,Palm Oil (Packed),50.0
2010-09-15,THIRUCHIRAPALLI,Palm Oil (Packed),49.0
2010-09-15,HYDERABAD,Palm Oil (Packed),52.0
2010-09-16,BENGALURU,Palm Oil (Packed),58.0
2010-09-16,DHARWAD,Palm Oil (Packed),54.0
2010-09-16,T.PURAM,Palm Oil (Packed),53.0
2010-09-16,CHENNAI,Palm Oil (Packed),48.0
2010-09-16,DINDIGUL,Palm Oil (Packed),50.0
2010-09-16,THIRUCHIRAPALLI,Palm Oil (Packed),49.0
2010-09-16,HYDERABAD,Palm Oil (Packed),52.0
2010-09-17,BENGALURU,Palm Oil (Packed),58.0
2010-09-17,DHARWAD,Palm Oil (Packed),54.0
2010-09-17,T.PURAM,Palm Oil (Packed),53.0
2010-09-17,CHENNAI,Palm Oil (Packed),48.0
2010-09-17,DINDIGUL,Palm Oil (Packed),50.0
2010-09-17,THIRUCHIRAPALLI,Palm Oil (Packed),49.0
2010-09-17,HYDERABAD,Palm Oil (Packed),52.0
2010-09-20,BENGALURU,Palm Oil (Packed),58.0
2010-09-20,DHARWAD,Palm Oil (Packed),54.0
2010-09-20,T.PURAM,Palm Oil (Packed),53.0
2010-09-20,CHENNAI,Palm Oil (Packed),49.0
2010-09-20,DINDIGUL,Palm Oil (Packed),49.0
2010-09-20,THIRUCHIRAPALLI,Palm Oil (Packed),49.0
2010-09-20,HYDERABAD,Palm Oil (Packed),52.0
2010-09-21,BENGALURU,Palm Oil (Packed),58.0
2010-09-21,DHARWAD,Palm Oil (Packed),52.0
2010-09-21,T.PURAM,Palm Oil (Packed),53.0
2010-09-21,CHENNAI,Palm Oil (Packed),49.0
2010-09-21,DINDIGUL,Palm Oil (Packed),49.0
2010-09-21,THIRUCHIRAPALLI,Palm Oil (Packed),49.0
2010-09-21,HYDERABAD,Palm Oil (Packed),52.0
2010-09-22,BENGALURU,Palm Oil (Packed),57.0
2010-09-22,DHARWAD,Palm Oil (Packed),52.0
2010-09-22,T.PURAM,Palm Oil (Packed),53.0
2010-09-22,CHENNAI,Palm Oil (Packed),49.0
2010-09-22,DINDIGUL,Palm Oil (Packed),50.0
2010-09-22,THIRUCHIRAPALLI,Palm Oil (Packed),49.0
2010-09-22,HYDERABAD,Palm Oil (Packed),52.0
2010-09-23,BENGALURU,Palm Oil (Packed),57.0
2010-09-23,DHARWAD,Palm Oil (Packed),52.0
2010-09-23,T.PURAM,Palm Oil (Packed),53.0
2010-09-23,CHENNAI,Palm Oil (Packed),49.0
2010-09-23,DINDIGUL,Palm Oil (Packed),50.0
2010-09-23,THIRUCHIRAPALLI,Palm Oil (Packed),49.0
2010-09-23,HYDERABAD,Palm Oil (Packed),52.0
2010-09-24,BENGALURU,Palm Oil (Packed),57.0
2010-09-24,DHARWAD,Palm Oil (Packed),52.0
2010-09-24,T.PURAM,Palm Oil (Packed),53.0
2010-09-24,CHENNAI,Palm Oil (Packed),49.0
2010-09-24,DINDIGUL,Palm Oil (Packed),48.0
2010-09-24,THIRUCHIRAPALLI,Palm Oil (Packed),49.0
2010-09-24,HYDERABAD,Palm Oil (Packed),52.0
2010-09-27,BENGALURU,Palm Oil (Packed),57.0
2010-09-27,DHARWAD,Palm Oil (Packed),52.0
2010-09-27,T.PURAM,Palm Oil (Packed),53.0
2010-09-27,CHENNAI,Palm Oil (Packed),49.0
2010-09-27,DINDIGUL,Palm Oil (Packed),48.0
2010-09-27,THIRUCHIRAPALLI,Palm Oil (Packed),49.0
2010-09-27,HYDERABAD,Palm Oil (Packed),53.0
2010-09-28,BENGALURU,Palm Oil (Packed),57.0
2010-09-28,DHARWAD,Palm Oil (Packed),52.0
2010-09-28,T.PURAM,Palm Oil (Packed),53.0
2010-09-28,CHENNAI,Palm Oil (Packed),49.0
2010-09-28,DINDIGUL,Palm Oil (Packed),50.0
2010-09-28,THIRUCHIRAPALLI,Palm Oil (Packed),49.0
2010-09-28,HYDERABAD,Palm Oil (Packed),54.0
2010-09-29,BENGALURU,Palm Oil (Packed),52.0
2010-09-29,DHARWAD,Palm Oil (Packed),52.0
2010-09-29,T.PURAM,Palm Oil (Packed),53.0
2010-09-29,CHENNAI,Palm Oil (Packed),48.0
2010-09-29,DINDIGUL,Palm Oil (Packed),50.0
2010-09-29,THIRUCHIRAPALLI,Palm Oil (Packed),48.0
2010-09-29,HYDERABAD,Palm Oil (Packed),54.0
2010-09-30,BENGALURU,Palm Oil (Packed),52.0
2010-09-30,DHARWAD,Palm Oil (Packed),52.0
2010-09-30,T.PURAM,Palm Oil (Packed),53.0
2010-09-30,CHENNAI,Palm Oil (Packed),48.0
2010-09-30,DINDIGUL,Palm Oil (Packed),50.0
2010-09-30,THIRUCHIRAPALLI,Palm Oil (Packed),48.0
2010-09-30,HYDERABAD,Palm Oil (Packed),53.0
2010-10-01,BENGALURU,Palm Oil (Packed),52.0
2010-10-01,DHARWAD,Palm Oil (Packed),52.0
2010-10-01,T.PURAM,Palm Oil (Packed),53.0
2010-10-01,CHENNAI,Palm Oil (Packed),48.0
2010-10-01,DINDIGUL,Palm Oil (Packed),50.0
2010-10-01,THIRUCHIRAPALLI,Palm Oil (Packed),48.0
2010-10-01,HYDERABAD,Palm Oil (Packed),53.0
2010-10-04,BENGALURU,Palm Oil (Packed),52.0
2010-10-04,DHARWAD,Palm Oil (Packed),52.0
2010-10-04,T.PURAM,Palm Oil (Packed),53.0
2010-10-04,CHENNAI,Palm Oil (Packed),48.0
2010-10-04,DINDIGUL,Palm Oil (Packed),50.0
2010-10-04,THIRUCHIRAPALLI,Palm Oil (Packed),48.0
2010-10-04,HYDERABAD,Palm Oil (Packed),53.0
2010-10-05,BENGALURU,Palm Oil (Packed),52.0
2010-10-05,DHARWAD,Palm Oil (Packed),52.0
2010-10-05,T.PURAM,Palm Oil (Packed),53.0
2010-10-05,CHENNAI,Palm Oil (Packed),49.0
2010-10-05,DINDIGUL,Palm Oil (Packed),50.0
2010-10-05,THIRUCHIRAPALLI,Palm Oil (Packed),48.0
2010-10-05,HYDERABAD,Palm Oil (Packed),53.0
2010-10-06,BENGALURU,Palm Oil (Packed),51.0
2010-10-06,DHARWAD,Palm Oil (Packed),52.0
2010-10-06,T.PURAM,Palm Oil (Packed),53.0
2010-10-06,CHENNAI,Palm Oil (Packed),49.0
2010-10-06,DINDIGUL,Palm Oil (Packed),50.0
2010-10-06,THIRUCHIRAPALLI,Palm Oil (Packed),48.0
2010-10-06,HYDERABAD,Palm Oil (Packed),53.0
2010-10-07,BENGALURU,Palm Oil (Packed),51.0
2010-10-07,DHARWAD,Palm Oil (Packed),52.0
2010-10-07,T.PURAM,Palm Oil (Packed),53.0
2010-10-07,CHENNAI,Palm Oil (Packed),49.0
2010-10-07,DINDIGUL,Palm Oil (Packed),50.0
2010-10-07,THIRUCHIRAPALLI,Palm Oil (Packed),48.0
2010-10-07,HYDERABAD,Palm Oil (Packed),53.0
2010-10-08,BENGALURU,Palm Oil (Packed),51.0
2010-10-08,DHARWAD,Palm Oil (Packed),52.0
2010-10-08,T.PURAM,Palm Oil (Packed),53.0
2010-10-08,CHENNAI,Palm Oil (Packed),49.0
2010-10-08,DINDIGUL,Palm Oil (Packed),50.0
2010-10-08,THIRUCHIRAPALLI,Palm Oil (Packed),48.0
2010-10-08,HYDERABAD,Palm Oil (Packed),53.0
2010-10-11,BENGALURU,Palm Oil (Packed),51.0
2010-10-11,DHARWAD,Palm Oil (Packed),52.0
2010-10-11,T.PURAM,Palm Oil (Packed),53.0
2010-10-11,CHENNAI,Palm Oil (Packed),49.0
2010-10-11,DINDIGUL,Palm Oil (Packed),50.0
2010-10-11,THIRUCHIRAPALLI,Palm Oil (Packed),48.0
2010-10-11,HYDERABAD,Palm Oil (Packed),53.0
2010-10-12,BENGALURU,Palm Oil (Packed),51.0
2010-10-12,DHARWAD,Palm Oil (Packed),52.0
2010-10-12,T.PURAM,Palm Oil (Packed),53.0
2010-10-12,CHENNAI,Palm Oil (Packed),48.0
2010-10-12,DINDIGUL,Palm Oil (Packed),50.0
2010-10-12,THIRUCHIRAPALLI,Palm Oil (Packed),48.0
2010-10-12,HYDERABAD,Palm Oil (Packed),53.0
2010-10-13,BENGALURU,Palm Oil (Packed),51.0
2010-10-13,DHARWAD,Palm Oil (Packed),52.0
2010-10-13,T.PURAM,Palm Oil (Packed),53.0
2010-10-13,CHENNAI,Palm Oil (Packed),48.0
2010-10-13,DINDIGUL,Palm Oil (Packed),50.0
2010-10-13,THIRUCHIRAPALLI,Palm Oil (Packed),48.0
2010-10-13,HYDERABAD,Palm Oil (Packed),53.0
2010-10-15,BENGALURU,Palm Oil (Packed),52.0
2010-10-15,DHARWAD,Palm Oil (Packed),52.0
2010-10-15,T.PURAM,Palm Oil (Packed),53.0
2010-10-15,CHENNAI,Palm Oil (Packed),49.0
2010-10-15,DINDIGUL,Palm Oil (Packed),50.0
2010-10-15,THIRUCHIRAPALLI,Palm Oil (Packed),48.0
2010-10-15,HYDERABAD,Palm Oil (Packed),53.0
2010-10-18,BENGALURU,Palm Oil (Packed),52.0
2010-10-18,DHARWAD,Palm Oil (Packed),52.0
2010-10-18,T.PURAM,Palm Oil (Packed),53.0
2010-10-18,CHENNAI,Palm Oil (Packed),49.0
2010-10-18,DINDIGUL,Palm Oil (Packed),50.0
2010-10-18,THIRUCHIRAPALLI,Palm Oil (Packed),48.0
2010-10-18,HYDERABAD,Palm Oil (Packed),53.0
2010-10-19,BENGALURU,Palm Oil (Packed),52.0
2010-10-19,DHARWAD,Palm Oil (Packed),52.0
2010-10-19,T.PURAM,Palm Oil (Packed),53.0
2010-10-19,CHENNAI,Palm Oil (Packed),49.0
2010-10-19,DINDIGUL,Palm Oil (Packed),50.0
2010-10-19,THIRUCHIRAPALLI,Palm Oil (Packed),49.0
2010-10-19,HYDERABAD,Palm Oil (Packed),53.0
2010-10-20,BENGALURU,Palm Oil (Packed),52.0
2010-10-20,DHARWAD,Palm Oil (Packed),52.0
2010-10-20,T.PURAM,Palm Oil (Packed),53.0
2010-10-20,CHENNAI,Palm Oil (Packed),48.0
2010-10-20,DINDIGUL,Palm Oil (Packed),50.0
2010-10-20,THIRUCHIRAPALLI,Palm Oil (Packed),49.0
2010-10-20,HYDERABAD,Palm Oil (Packed),53.0
2010-10-21,BENGALURU,Palm Oil (Packed),52.0
2010-10-21,DHARWAD,Palm Oil (Packed),52.0
2010-10-21,T.PURAM,Palm Oil (Packed),53.0
2010-10-21,CHENNAI,Palm Oil (Packed),49.0
2010-10-21,DINDIGUL,Palm Oil (Packed),50.0
2010-10-21,THIRUCHIRAPALLI,Palm Oil (Packed),49.0
2010-10-21,HYDERABAD,Palm Oil (Packed),53.0
2010-10-22,BENGALURU,Palm Oil (Packed),52.0
2010-10-22,DHARWAD,Palm Oil (Packed),52.0
2010-10-22,T.PURAM,Palm Oil (Packed),53.0
2010-10-22,CHENNAI,Palm Oil (Packed),49.0
2010-10-22,DINDIGUL,Palm Oil (Packed),50.0
2010-10-22,THIRUCHIRAPALLI,Palm Oil (Packed),49.0
2010-10-22,HYDERABAD,Palm Oil (Packed),54.0
2010-10-25,BENGALURU,Palm Oil (Packed),52.0
2010-10-25,DHARWAD,Palm Oil (Packed),52.0
2010-10-25,T.PURAM,Palm Oil (Packed),53.0
2010-10-25,CHENNAI,Palm Oil (Packed),52.0
2010-10-25,DINDIGUL,Palm Oil (Packed),50.0
2010-10-25,THIRUCHIRAPALLI,Palm Oil (Packed),49.0
2010-10-25,HYDERABAD,Palm Oil (Packed),54.0
2010-10-26,BENGALURU,Palm Oil (Packed),53.0
2010-10-26,DHARWAD,Palm Oil (Packed),52.0
2010-10-26,T.PURAM,Palm Oil (Packed),53.0
2010-10-26,CHENNAI,Palm Oil (Packed),52.0
2010-10-26,DINDIGUL,Palm Oil (Packed),50.0
2010-10-26,THIRUCHIRAPALLI,Palm Oil (Packed),50.0
2010-10-26,HYDERABAD,Palm Oil (Packed),54.0
2010-10-27,BENGALURU,Palm Oil (Packed),53.0
2010-10-27,DHARWAD,Palm Oil (Packed),52.0
2010-10-27,T.PURAM,Palm Oil (Packed),53.0
2010-10-27,CHENNAI,Palm Oil (Packed),52.0
2010-10-27,DINDIGUL,Palm Oil (Packed),52.0
2010-10-27,THIRUCHIRAPALLI,Palm Oil (Packed),50.0
2010-10-27,HYDERABAD,Palm Oil (Packed),54.0
2010-10-28,BENGALURU,Palm Oil (Packed),53.0
2010-10-28,DHARWAD,Palm Oil (Packed),52.0
2010-10-28,T.PURAM,Palm Oil (Packed),53.0
2010-10-28,CHENNAI,Palm Oil (Packed),50.0
2010-10-28,DINDIGUL,Palm Oil (Packed),52.0
2010-10-28,THIRUCHIRAPALLI,Palm Oil (Packed),50.0
2010-10-28,HYDERABAD,Palm Oil (Packed),55.0
2010-10-29,BENGALURU,Palm Oil (Packed),56.0
2010-10-29,DHARWAD,Palm Oil (Packed),52.0
2010-10-29,T.PURAM,Palm Oil (Packed),53.0
2010-10-29,CHENNAI,Palm Oil (Packed),52.0
2010-10-29,DINDIGUL,Palm Oil (Packed),52.0
2010-10-29,THIRUCHIRAPALLI,Palm Oil (Packed),50.0
2010-10-29,HYDERABAD,Palm Oil (Packed),54.0
2010-11-01,BENGALURU,Palm Oil (Packed),56.0
2010-11-01,DHARWAD,Palm Oil (Packed),52.0
2010-11-01,T.PURAM,Palm Oil (Packed),51.0
2010-11-01,CHENNAI,Palm Oil (Packed),50.0
2010-11-01,DINDIGUL,Palm Oil (Packed),52.0
2010-11-01,THIRUCHIRAPALLI,Palm Oil (Packed),50.0
2010-11-01,HYDERABAD,Palm Oil (Packed),54.0
2010-11-02,BENGALURU,Palm Oil (Packed),56.0
2010-11-02,DHARWAD,Palm Oil (Packed),52.0
2010-11-02,T.PURAM,Palm Oil (Packed),51.0
2010-11-02,CHENNAI,Palm Oil (Packed),50.0
2010-11-02,DINDIGUL,Palm Oil (Packed),52.0
2010-11-02,THIRUCHIRAPALLI,Palm Oil (Packed),50.0
2010-11-02,HYDERABAD,Palm Oil (Packed),58.0
2010-11-03,BENGALURU,Palm Oil (Packed),56.0
2010-11-03,DHARWAD,Palm Oil (Packed),52.0
2010-11-03,T.PURAM,Palm Oil (Packed),52.0
2010-11-03,CHENNAI,Palm Oil (Packed),50.0
2010-11-03,DINDIGUL,Palm Oil (Packed),52.0
2010-11-03,THIRUCHIRAPALLI,Palm Oil (Packed),50.0
2010-11-03,HYDERABAD,Palm Oil (Packed),58.0
2010-11-04,BENGALURU,Palm Oil (Packed),56.0
2010-11-04,DHARWAD,Palm Oil (Packed),52.0
2010-11-04,T.PURAM,Palm Oil (Packed),52.0
2010-11-04,CHENNAI,Palm Oil (Packed),51.0
2010-11-04,DINDIGUL,Palm Oil (Packed),52.0
2010-11-04,THIRUCHIRAPALLI,Palm Oil (Packed),50.0
2010-11-04,HYDERABAD,Palm Oil (Packed),57.0
2010-11-08,BENGALURU,Palm Oil (Packed),56.0
2010-11-08,DHARWAD,Palm Oil (Packed),52.0
2010-11-08,T.PURAM,Palm Oil (Packed),52.0
2010-11-08,CHENNAI,Palm Oil (Packed),54.0
2010-11-08,DINDIGUL,Palm Oil (Packed),55.0
2010-11-08,THIRUCHIRAPALLI,Palm Oil (Packed),50.0
2010-11-08,HYDERABAD,Palm Oil (Packed),57.0
2010-11-09,BENGALURU,Palm Oil (Packed),56.0
2010-11-09,DHARWAD,Palm Oil (Packed),52.0
2010-11-09,T.PURAM,Palm Oil (Packed),54.0
2010-11-09,CHENNAI,Palm Oil (Packed),54.0
2010-11-09,DINDIGUL,Palm Oil (Packed),55.0
2010-11-09,THIRUCHIRAPALLI,Palm Oil (Packed),50.0
2010-11-09,HYDERABAD,Palm Oil (Packed),57.0
2010-11-10,BENGALURU,Palm Oil (Packed),56.0
2010-11-10,DHARWAD,Palm Oil (Packed),52.0
2010-11-10,T.PURAM,Palm Oil (Packed),54.0
2010-11-10,CHENNAI,Palm Oil (Packed),54.0
2010-11-10,DINDIGUL,Palm Oil (Packed),52.0
2010-11-10,THIRUCHIRAPALLI,Palm Oil (Packed),55.0
2010-11-10,HYDERABAD,Palm Oil (Packed),57.0
2010-11-11,BENGALURU,Palm Oil (Packed),56.0
2010-11-11,DHARWAD,Palm Oil (Packed),52.0
2010-11-11,T.PURAM,Palm Oil (Packed),54.0
2010-11-11,CHENNAI,Palm Oil (Packed),56.0
2010-11-11,DINDIGUL,Palm Oil (Packed),52.0
2010-11-11,THIRUCHIRAPALLI,Palm Oil (Packed),55.0
2010-11-11,HYDERABAD,Palm Oil (Packed),57.0
2010-11-12,BENGALURU,Palm Oil (Packed),56.0
2010-11-12,DHARWAD,Palm Oil (Packed),52.0
2010-11-12,T.PURAM,Palm Oil (Packed),54.0
2010-11-12,CHENNAI,Palm Oil (Packed),55.0
2010-11-12,DINDIGUL,Palm Oil (Packed),52.0
2010-11-12,THIRUCHIRAPALLI,Palm Oil (Packed),55.0
2010-11-12,HYDERABAD,Palm Oil (Packed),57.0
2010-11-15,BENGALURU,Palm Oil (Packed),60.0
2010-11-15,DHARWAD,Palm Oil (Packed),56.0
2010-11-15,T.PURAM,Palm Oil (Packed),54.0
2010-11-15,CHENNAI,Palm Oil (Packed),55.0
2010-11-15,DINDIGUL,Palm Oil (Packed),58.0
2010-11-15,THIRUCHIRAPALLI,Palm Oil (Packed),55.0
2010-11-15,HYDERABAD,Palm Oil (Packed),55.0
2010-11-16,BENGALURU,Palm Oil (Packed),60.0
2010-11-16,DHARWAD,Palm Oil (Packed),56.0
2010-11-16,T.PURAM,Palm Oil (Packed),54.0
2010-11-16,CHENNAI,Palm Oil (Packed),55.0
2010-11-16,DINDIGUL,Palm Oil (Packed),58.0
2010-11-16,THIRUCHIRAPALLI,Palm Oil (Packed),55.0
2010-11-16,HYDERABAD,Palm Oil (Packed),55.0
2010-11-18,BENGALURU,Palm Oil (Packed),60.0
2010-11-18,DHARWAD,Palm Oil (Packed),56.0
2010-11-18,T.PURAM,Palm Oil (Packed),54.0
2010-11-18,CHENNAI,Palm Oil (Packed),55.0
2010-11-18,DINDIGUL,Palm Oil (Packed),55.0
2010-11-18,THIRUCHIRAPALLI,Palm Oil (Packed),55.0
2010-11-18,HYDERABAD,Palm Oil (Packed),57.0
2010-11-19,BENGALURU,Palm Oil (Packed),60.0
2010-11-19,DHARWAD,Palm Oil (Packed),56.0
2010-11-19,T.PURAM,Palm Oil (Packed),59.0
2010-11-19,CHENNAI,Palm Oil (Packed),55.0
2010-11-19,DINDIGUL,Palm Oil (Packed),55.0
2010-11-19,THIRUCHIRAPALLI,Palm Oil (Packed),55.0
2010-11-19,HYDERABAD,Palm Oil (Packed),55.0
2010-11-22,BENGALURU,Palm Oil (Packed),60.0
2010-11-22,DHARWAD,Palm Oil (Packed),56.0
2010-11-22,T.PURAM,Palm Oil (Packed),63.0
2010-11-22,CHENNAI,Palm Oil (Packed),55.0
2010-11-22,DINDIGUL,Palm Oil (Packed),58.0
2010-11-22,THIRUCHIRAPALLI,Palm Oil (Packed),55.0
2010-11-22,HYDERABAD,Palm Oil (Packed),55.0
2010-11-23,BENGALURU,Palm Oil (Packed),60.0
2010-11-23,DHARWAD,Palm Oil (Packed),56.0
2010-11-23,T.PURAM,Palm Oil (Packed),63.0
2010-11-23,CHENNAI,Palm Oil (Packed),55.0
2010-11-23,DINDIGUL,Palm Oil (Packed),55.0
2010-11-23,THIRUCHIRAPALLI,Palm Oil (Packed),55.0
2010-11-23,HYDERABAD,Palm Oil (Packed),55.0
2010-11-24,BENGALURU,Palm Oil (Packed),60.0
2010-11-24,DHARWAD,Palm Oil (Packed),56.0
2010-11-24,T.PURAM,Palm Oil (Packed),63.0
2010-11-24,CHENNAI,Palm Oil (Packed),55.0
2010-11-24,DINDIGUL,Palm Oil (Packed),55.0
2010-11-24,THIRUCHIRAPALLI,Palm Oil (Packed),55.0
2010-11-24,HYDERABAD,Palm Oil (Packed),55.0
2010-11-25,BENGALURU,Palm Oil (Packed),60.0
2010-11-25,DHARWAD,Palm Oil (Packed),56.0
2010-11-25,T.PURAM,Palm Oil (Packed),63.0
2010-11-25,CHENNAI,Palm Oil (Packed),55.0
2010-11-25,DINDIGUL,Palm Oil (Packed),55.0
2010-11-25,THIRUCHIRAPALLI,Palm Oil (Packed),55.0
2010-11-25,HYDERABAD,Palm Oil (Packed),55.0
2010-11-26,BENGALURU,Palm Oil (Packed),59.0
2010-11-26,DHARWAD,Palm Oil (Packed),58.0
2010-11-26,T.PURAM,Palm Oil (Packed),62.0
2010-11-26,CHENNAI,Palm Oil (Packed),55.0
2010-11-26,DINDIGUL,Palm Oil (Packed),55.0
2010-11-26,THIRUCHIRAPALLI,Palm Oil (Packed),55.0
2010-11-26,HYDERABAD,Palm Oil (Packed),55.0
2010-11-29,BENGALURU,Palm Oil (Packed),59.0
2010-11-29,DHARWAD,Palm Oil (Packed),58.0
2010-11-29,T.PURAM,Palm Oil (Packed),64.0
2010-11-29,CHENNAI,Palm Oil (Packed),55.0
2010-11-29,DINDIGUL,Palm Oil (Packed),55.0
2010-11-29,THIRUCHIRAPALLI,Palm Oil (Packed),55.0
2010-11-29,HYDERABAD,Palm Oil (Packed),55.0
2010-11-30,BENGALURU,Palm Oil (Packed),59.0
2010-11-30,DHARWAD,Palm Oil (Packed),58.0
2010-11-30,T.PURAM,Palm Oil (Packed),64.0
2010-11-30,CHENNAI,Palm Oil (Packed),55.0
2010-11-30,DINDIGUL,Palm Oil (Packed),55.0
2010-11-30,THIRUCHIRAPALLI,Palm Oil (Packed),55.0
2010-11-30,HYDERABAD,Palm Oil (Packed),55.0
2010-12-01,BENGALURU,Palm Oil (Packed),59.0
2010-12-01,DHARWAD,Palm Oil (Packed),58.0
2010-12-01,T.PURAM,Palm Oil (Packed),60.0
2010-12-01,CHENNAI,Palm Oil (Packed),55.0
2010-12-01,DINDIGUL,Palm Oil (Packed),55.0
2010-12-01,THIRUCHIRAPALLI,Palm Oil (Packed),55.0
2010-12-01,HYDERABAD,Palm Oil (Packed),55.0
2010-12-02,BENGALURU,Palm Oil (Packed),59.0
2010-12-02,DHARWAD,Palm Oil (Packed),58.0
2010-12-02,T.PURAM,Palm Oil (Packed),60.0
2010-12-02,CHENNAI,Palm Oil (Packed),56.0
2010-12-02,DINDIGUL,Palm Oil (Packed),55.0
2010-12-02,THIRUCHIRAPALLI,Palm Oil (Packed),55.0
2010-12-02,HYDERABAD,Palm Oil (Packed),55.0
2010-12-03,BENGALURU,Palm Oil (Packed),60.0
2010-12-03,DHARWAD,Palm Oil (Packed),58.0
2010-12-03,T.PURAM,Palm Oil (Packed),60.0
2010-12-03,CHENNAI,Palm Oil (Packed),56.0
2010-12-03,DINDIGUL,Palm Oil (Packed),55.0
2010-12-03,THIRUCHIRAPALLI,Palm Oil (Packed),55.0
2010-12-03,HYDERABAD,Palm Oil (Packed),55.0
2010-12-06,BENGALURU,Palm Oil (Packed),60.0
2010-12-06,DHARWAD,Palm Oil (Packed),58.0
2010-12-06,T.PURAM,Palm Oil (Packed),60.0
2010-12-06,CHENNAI,Palm Oil (Packed),56.0
2010-12-06,DINDIGUL,Palm Oil (Packed),58.0
2010-12-06,THIRUCHIRAPALLI,Palm Oil (Packed),55.0
2010-12-06,HYDERABAD,Palm Oil (Packed),54.0
2010-12-07,BENGALURU,Palm Oil (Packed),60.0
2010-12-07,DHARWAD,Palm Oil (Packed),58.0
2010-12-07,T.PURAM,Palm Oil (Packed),60.0
2010-12-07,CHENNAI,Palm Oil (Packed),57.0
2010-12-07,DINDIGUL,Palm Oil (Packed),58.0
2010-12-07,THIRUCHIRAPALLI,Palm Oil (Packed),58.0
2010-12-07,HYDERABAD,Palm Oil (Packed),54.0
2010-12-08,BENGALURU,Palm Oil (Packed),60.0
2010-12-08,DHARWAD,Palm Oil (Packed),58.0
2010-12-08,T.PURAM,Palm Oil (Packed),60.0
2010-12-08,CHENNAI,Palm Oil (Packed),57.0
2010-12-08,DINDIGUL,Palm Oil (Packed),58.0
2010-12-08,THIRUCHIRAPALLI,Palm Oil (Packed),58.0
2010-12-08,HYDERABAD,Palm Oil (Packed),54.0
2010-12-09,BENGALURU,Palm Oil (Packed),60.0
2010-12-09,DHARWAD,Palm Oil (Packed),58.0
2010-12-09,T.PURAM,Palm Oil (Packed),60.0
2010-12-09,CHENNAI,Palm Oil (Packed),58.0
2010-12-09,DINDIGUL,Palm Oil (Packed),58.0
2010-12-09,THIRUCHIRAPALLI,Palm Oil (Packed),58.0
2010-12-09,HYDERABAD,Palm Oil (Packed),54.0
2010-12-10,BENGALURU,Palm Oil (Packed),60.0
2010-12-10,DHARWAD,Palm Oil (Packed),58.0
2010-12-10,T.PURAM,Palm Oil (Packed),60.0
2010-12-10,CHENNAI,Palm Oil (Packed),58.0
2010-12-10,DINDIGUL,Palm Oil (Packed),58.0
2010-12-10,THIRUCHIRAPALLI,Palm Oil (Packed),58.0
2010-12-10,HYDERABAD,Palm Oil (Packed),54.0
2010-12-13,BENGALURU,Palm Oil (Packed),60.0
2010-12-13,DHARWAD,Palm Oil (Packed),58.0
2010-12-13,T.PURAM,Palm Oil (Packed),63.0
2010-12-13,CHENNAI,Palm Oil (Packed),58.0
2010-12-13,DINDIGUL,Palm Oil (Packed),60.0
2010-12-13,THIRUCHIRAPALLI,Palm Oil (Packed),58.0
2010-12-13,HYDERABAD,Palm Oil (Packed),54.0
2010-12-14,BENGALURU,Palm Oil (Packed),60.0
2010-12-14,DHARWAD,Palm Oil (Packed),58.0
2010-12-14,T.PURAM,Palm Oil (Packed),65.0
2010-12-14,CHENNAI,Palm Oil (Packed),58.0
2010-12-14,DINDIGUL,Palm Oil (Packed),60.0
2010-12-14,THIRUCHIRAPALLI,Palm Oil (Packed),56.0
2010-12-14,HYDERABAD,Palm Oil (Packed),54.0
2010-12-15,BENGALURU,Palm Oil (Packed),60.0
2010-12-15,DHARWAD,Palm Oil (Packed),58.0
2010-12-15,T.PURAM,Palm Oil (Packed),65.0
2010-12-15,ERNAKULAM,Palm Oil (Packed),
2010-12-15,CHENNAI,Palm Oil (Packed),58.0
2010-12-15,DINDIGUL,Palm Oil (Packed),60.0
2010-12-15,THIRUCHIRAPALLI,Palm Oil (Packed),56.0
2010-12-15,HYDERABAD,Palm Oil (Packed),54.0
2010-12-16,BENGALURU,Palm Oil (Packed),60.0
2010-12-16,DHARWAD,Palm Oil (Packed),58.0
2010-12-16,T.PURAM,Palm Oil (Packed),65.0
2010-12-16,ERNAKULAM,Palm Oil (Packed),
2010-12-16,CHENNAI,Palm Oil (Packed),58.0
2010-12-16,DINDIGUL,Palm Oil (Packed),60.0
2010-12-16,THIRUCHIRAPALLI,Palm Oil (Packed),56.0
2010-12-16,HYDERABAD,Palm Oil (Packed),54.0
2010-12-20,BENGALURU,Palm Oil (Packed),60.0
2010-12-20,DHARWAD,Palm Oil (Packed),58.0
2010-12-20,T.PURAM,Palm Oil (Packed),65.0
2010-12-20,ERNAKULAM,Palm Oil (Packed),
2010-12-20,CHENNAI,Palm Oil (Packed),58.0
2010-12-20,DINDIGUL,Palm Oil (Packed),60.0
2010-12-20,THIRUCHIRAPALLI,Palm Oil (Packed),56.0
2010-12-20,HYDERABAD,Palm Oil (Packed),53.0
2010-12-21,BENGALURU,Palm Oil (Packed),60.0
2010-12-21,DHARWAD,Palm Oil (Packed),58.0
2010-12-21,T.PURAM,Palm Oil (Packed),65.0
2010-12-21,ERNAKULAM,Palm Oil (Packed),
2010-12-21,CHENNAI,Palm Oil (Packed),58.0
2010-12-21,DINDIGUL,Palm Oil (Packed),60.0
2010-12-21,THIRUCHIRAPALLI,Palm Oil (Packed),59.0
2010-12-21,HYDERABAD,Palm Oil (Packed),53.0
2010-12-22,BENGALURU,Palm Oil (Packed),61.0
2010-12-22,DHARWAD,Palm Oil (Packed),58.0
2010-12-22,T.PURAM,Palm Oil (Packed),65.0
2010-12-22,ERNAKULAM,Palm Oil (Packed),
2010-12-22,CHENNAI,Palm Oil (Packed),58.0
2010-12-22,DINDIGUL,Palm Oil (Packed),60.0
2010-12-22,THIRUCHIRAPALLI,Palm Oil (Packed),59.0
2010-12-22,HYDERABAD,Palm Oil (Packed),54.0
2010-12-23,BENGALURU,Palm Oil (Packed),61.0
2010-12-23,DHARWAD,Palm Oil (Packed),58.0
2010-12-23,T.PURAM,Palm Oil (Packed),65.0
2010-12-23,ERNAKULAM,Palm Oil (Packed),
2010-12-23,CHENNAI,Palm Oil (Packed),58.0
2010-12-23,DINDIGUL,Palm Oil (Packed),60.0
2010-12-23,THIRUCHIRAPALLI,Palm Oil (Packed),59.0
2010-12-23,HYDERABAD,Palm Oil (Packed),61.0
2010-12-24,BENGALURU,Palm Oil (Packed),61.0
2010-12-24,DHARWAD,Palm Oil (Packed),
2010-12-24,T.PURAM,Palm Oil (Packed),65.0
2010-12-24,ERNAKULAM,Palm Oil (Packed),
2010-12-24,CHENNAI,Palm Oil (Packed),58.0
2010-12-24,DINDIGUL,Palm Oil (Packed),60.0
2010-12-24,THIRUCHIRAPALLI,Palm Oil (Packed),59.0
2010-12-24,HYDERABAD,Palm Oil (Packed),61.0
2010-12-27,BENGALURU,Palm Oil (Packed),61.0
2010-12-27,DHARWAD,Palm Oil (Packed),
2010-12-27,T.PURAM,Palm Oil (Packed),65.0
2010-12-27,ERNAKULAM,Palm Oil (Packed),
2010-12-27,CHENNAI,Palm Oil (Packed),59.0
2010-12-27,DINDIGUL,Palm Oil (Packed),62.0
2010-12-27,THIRUCHIRAPALLI,Palm Oil (Packed),59.0
2010-12-27,HYDERABAD,Palm Oil (Packed),61.0
2010-12-28,BENGALURU,Palm Oil (Packed),61.0
2010-12-28,DHARWAD,Palm Oil (Packed),
2010-12-28,T.PURAM,Palm Oil (Packed),65.0
2010-12-28,ERNAKULAM,Palm Oil (Packed),
2010-12-28,CHENNAI,Palm Oil (Packed),59.0
2010-12-28,DINDIGUL,Palm Oil (Packed),62.0
2010-12-28,THIRUCHIRAPALLI,Palm Oil (Packed),59.0
2010-12-28,HYDERABAD,Palm Oil (Packed),61.0
2010-12-29,BENGALURU,Palm Oil (Packed),62.0
2010-12-29,DHARWAD,Palm Oil (Packed),62.0
2010-12-29,T.PURAM,Palm Oil (Packed),65.0
2010-12-29,ERNAKULAM,Palm Oil (Packed),
2010-12-29,CHENNAI,Palm Oil (Packed),60.0
2010-12-29,DINDIGUL,Palm Oil (Packed),62.0
2010-12-29,THIRUCHIRAPALLI,Palm Oil (Packed),59.0
2010-12-29,HYDERABAD,Palm Oil (Packed),61.0
2010-12-30,BENGALURU,Palm Oil (Packed),62.0
2010-12-30,DHARWAD,Palm Oil (Packed),62.0
2010-12-30,T.PURAM,Palm Oil (Packed),65.0
2010-12-30,ERNAKULAM,Palm Oil (Packed),
2010-12-30,CHENNAI,Palm Oil (Packed),60.0
2010-12-30,DINDIGUL,Palm Oil (Packed),62.0
2010-12-30,THIRUCHIRAPALLI,Palm Oil (Packed),59.0
2010-12-30,HYDERABAD,Palm Oil (Packed),61.0
2010-12-31,BENGALURU,Palm Oil (Packed),62.0
2010-12-31,DHARWAD,Palm Oil (Packed),63.0
2010-12-31,T.PURAM,Palm Oil (Packed),65.0
2010-12-31,ERNAKULAM,Palm Oil (Packed),
2010-12-31,CHENNAI,Palm Oil (Packed),60.0
2010-12-31,DINDIGUL,Palm Oil (Packed),62.0
2010-12-31,THIRUCHIRAPALLI,Palm Oil (Packed),59.0
2010-12-31,HYDERABAD,Palm Oil (Packed),61.0
2011-01-03,BENGALURU,Palm Oil (Packed),62.0
2011-01-03,DHARWAD,Palm Oil (Packed),63.0
2011-01-03,T.PURAM,Palm Oil (Packed),65.0
2011-01-03,ERNAKULAM,Palm Oil (Packed),
2011-01-03,CHENNAI,Palm Oil (Packed),61.0
2011-01-03,DINDIGUL,Palm Oil (Packed),63.0
2011-01-03,THIRUCHIRAPALLI,Palm Oil (Packed),59.0
2011-01-03,HYDERABAD,Palm Oil (Packed),61.0
2011-01-04,BENGALURU,Palm Oil (Packed),66.0
2011-01-04,DHARWAD,Palm Oil (Packed),63.0
2011-01-04,T.PURAM,Palm Oil (Packed),65.0
2011-01-04,ERNAKULAM,Palm Oil (Packed),
2011-01-04,CHENNAI,Palm Oil (Packed),61.0
2011-01-04,DINDIGUL,Palm Oil (Packed),63.0
2011-01-04,THIRUCHIRAPALLI,Palm Oil (Packed),59.0
2011-01-04,HYDERABAD,Palm Oil (Packed),61.0
2011-01-06,BENGALURU,Palm Oil (Packed),66.0
2011-01-06,DHARWAD,Palm Oil (Packed),63.0
2011-01-06,T.PURAM,Palm Oil (Packed),65.0
2011-01-06,ERNAKULAM,Palm Oil (Packed),
2011-01-06,CHENNAI,Palm Oil (Packed),61.0
2011-01-06,DINDIGUL,Palm Oil (Packed),63.0
2011-01-06,THIRUCHIRAPALLI,Palm Oil (Packed),59.0
2011-01-06,HYDERABAD,Palm Oil (Packed),61.0
2011-01-07,BENGALURU,Palm Oil (Packed),66.0
2011-01-07,DHARWAD,Palm Oil (Packed),63.0
2011-01-07,T.PURAM,Palm Oil (Packed),65.0
2011-01-07,ERNAKULAM,Palm Oil (Packed),
2011-01-07,CHENNAI,Palm Oil (Packed),61.0
2011-01-07,DINDIGUL,Palm Oil (Packed),63.0
2011-01-07,THIRUCHIRAPALLI,Palm Oil (Packed),59.0
2011-01-07,HYDERABAD,Palm Oil (Packed),61.0
2011-01-10,BENGALURU,Palm Oil (Packed),68.0
2011-01-10,DHARWAD,Palm Oil (Packed),64.0
2011-01-10,T.PURAM,Palm Oil (Packed),53.0
2011-01-10,ERNAKULAM,Palm Oil (Packed),53.0
2011-01-10,CHENNAI,Palm Oil (Packed),61.0
2011-01-10,DINDIGUL,Palm Oil (Packed),62.0
2011-01-10,THIRUCHIRAPALLI,Palm Oil (Packed),59.0
2011-01-10,HYDERABAD,Palm Oil (Packed),61.0
2011-01-11,BENGALURU,Palm Oil (Packed),68.0
2011-01-11,DHARWAD,Palm Oil (Packed),64.0
2011-01-11,T.PURAM,Palm Oil (Packed),53.0
2011-01-11,ERNAKULAM,Palm Oil (Packed),53.0
2011-01-11,CHENNAI,Palm Oil (Packed),61.0
2011-01-11,DINDIGUL,Palm Oil (Packed),62.0
2011-01-11,THIRUCHIRAPALLI,Palm Oil (Packed),62.0
2011-01-11,HYDERABAD,Palm Oil (Packed),61.0
2011-01-12,BENGALURU,Palm Oil (Packed),68.0
2011-01-12,DHARWAD,Palm Oil (Packed),64.0
2011-01-12,T.PURAM,Palm Oil (Packed),53.0
2011-01-12,ERNAKULAM,Palm Oil (Packed),53.0
2011-01-12,CHENNAI,Palm Oil (Packed),61.0
2011-01-12,DINDIGUL,Palm Oil (Packed),62.0
2011-01-12,THIRUCHIRAPALLI,Palm Oil (Packed),62.0
2011-01-12,HYDERABAD,Palm Oil (Packed),61.0
2011-01-13,BENGALURU,Palm Oil (Packed),68.0
2011-01-13,DHARWAD,Palm Oil (Packed),64.0
2011-01-13,T.PURAM,Palm Oil (Packed),53.0
2011-01-13,ERNAKULAM,Palm Oil (Packed),53.0
2011-01-13,CHENNAI,Palm Oil (Packed),61.0
2011-01-13,DINDIGUL,Palm Oil (Packed),62.0
2011-01-13,THIRUCHIRAPALLI,Palm Oil (Packed),62.0
2011-01-13,HYDERABAD,Palm Oil (Packed),61.0
2011-01-14,BENGALURU,Palm Oil (Packed),68.0
2011-01-14,DHARWAD,Palm Oil (Packed),64.0
2011-01-14,T.PURAM,Palm Oil (Packed),53.0
2011-01-14,ERNAKULAM,Palm Oil (Packed),53.0
2011-01-14,CHENNAI,Palm Oil (Packed),61.0
2011-01-14,DINDIGUL,Palm Oil (Packed),62.0
2011-01-14,THIRUCHIRAPALLI,Palm Oil (Packed),62.0
2011-01-14,HYDERABAD,Palm Oil (Packed),61.0
2011-01-17,BENGALURU,Palm Oil (Packed),68.0
2011-01-17,DHARWAD,Palm Oil (Packed),64.0
2011-01-17,T.PURAM,Palm Oil (Packed),53.0
2011-01-17,ERNAKULAM,Palm Oil (Packed),53.0
2011-01-17,CHENNAI,Palm Oil (Packed),61.0
2011-01-17,DINDIGUL,Palm Oil (Packed),62.0
2011-01-17,THIRUCHIRAPALLI,Palm Oil (Packed),62.0
2011-01-17,HYDERABAD,Palm Oil (Packed),63.0
2011-01-18,BENGALURU,Palm Oil (Packed),68.0
2011-01-18,DHARWAD,Palm Oil (Packed),63.0
2011-01-18,T.PURAM,Palm Oil (Packed),53.0
2011-01-18,ERNAKULAM,Palm Oil (Packed),65.0
2011-01-18,CHENNAI,Palm Oil (Packed),61.0
2011-01-18,DINDIGUL,Palm Oil (Packed),62.0
2011-01-18,THIRUCHIRAPALLI,Palm Oil (Packed),62.0
2011-01-18,HYDERABAD,Palm Oil (Packed),63.0
2011-01-19,BENGALURU,Palm Oil (Packed),68.0
2011-01-19,DHARWAD,Palm Oil (Packed),63.0
2011-01-19,T.PURAM,Palm Oil (Packed),55.0
2011-01-19,ERNAKULAM,Palm Oil (Packed),65.0
2011-01-19,CHENNAI,Palm Oil (Packed),61.0
2011-01-19,DINDIGUL,Palm Oil (Packed),63.0
2011-01-19,THIRUCHIRAPALLI,Palm Oil (Packed),62.0
2011-01-19,HYDERABAD,Palm Oil (Packed),63.0
2011-01-20,BENGALURU,Palm Oil (Packed),68.0
2011-01-20,DHARWAD,Palm Oil (Packed),63.0
2011-01-20,T.PURAM,Palm Oil (Packed),65.0
2011-01-20,ERNAKULAM,Palm Oil (Packed),66.0
2011-01-20,CHENNAI,Palm Oil (Packed),61.0
2011-01-20,DINDIGUL,Palm Oil (Packed),63.0
2011-01-20,THIRUCHIRAPALLI,Palm Oil (Packed),62.0
2011-01-20,HYDERABAD,Palm Oil (Packed),63.0
2011-01-21,BENGALURU,Palm Oil (Packed),68.0
2011-01-21,DHARWAD,Palm Oil (Packed),63.0
2011-01-21,T.PURAM,Palm Oil (Packed),65.0
2011-01-21,ERNAKULAM,Palm Oil (Packed),66.0
2011-01-21,CHENNAI,Palm Oil (Packed),61.0
2011-01-21,DINDIGUL,Palm Oil (Packed),63.0
2011-01-21,THIRUCHIRAPALLI,Palm Oil (Packed),62.0
2011-01-21,HYDERABAD,Palm Oil (Packed),63.0
2011-01-24,BENGALURU,Palm Oil (Packed),68.0
2011-01-24,DHARWAD,Palm Oil (Packed),63.0
2011-01-24,T.PURAM,Palm Oil (Packed),65.0
2011-01-24,ERNAKULAM,Palm Oil (Packed),65.0
2011-01-24,CHENNAI,Palm Oil (Packed),62.0
2011-01-24,DINDIGUL,Palm Oil (Packed),63.0
2011-01-24,THIRUCHIRAPALLI,Palm Oil (Packed),62.0
2011-01-24,HYDERABAD,Palm Oil (Packed),63.0
2011-01-25,BENGALURU,Palm Oil (Packed),68.0
2011-01-25,DHARWAD,Palm Oil (Packed),63.0
2011-01-25,T.PURAM,Palm Oil (Packed),65.0
2011-01-25,ERNAKULAM,Palm Oil (Packed),65.0
2011-01-25,CHENNAI,Palm Oil (Packed),62.0
2011-01-25,DINDIGUL,Palm Oil (Packed),63.0
2011-01-25,THIRUCHIRAPALLI,Palm Oil (Packed),62.0
2011-01-25,HYDERABAD,Palm Oil (Packed),63.0
2011-01-27,BENGALURU,Palm Oil (Packed),67.0
2011-01-27,DHARWAD,Palm Oil (Packed),69.0
2011-01-27,T.PURAM,Palm Oil (Packed),65.0
2011-01-27,ERNAKULAM,Palm Oil (Packed),65.0
2011-01-27,CHENNAI,Palm Oil (Packed),61.0
2011-01-27,DINDIGUL,Palm Oil (Packed),63.0
2011-01-27,THIRUCHIRAPALLI,Palm Oil (Packed),62.0
2011-01-27,HYDERABAD,Palm Oil (Packed),65.0
2011-01-28,BENGALURU,Palm Oil (Packed),67.0
2011-01-28,DHARWAD,Palm Oil (Packed),69.0
2011-01-28,T.PURAM,Palm Oil (Packed),65.0
2011-01-28,ERNAKULAM,Palm Oil (Packed),65.0
2011-01-28,CHENNAI,Palm Oil (Packed),61.0
2011-01-28,DINDIGUL,Palm Oil (Packed),63.0
2011-01-28,THIRUCHIRAPALLI,Palm Oil (Packed),62.0
2011-01-28,HYDERABAD,Palm Oil (Packed),65.0
2011-01-31,BENGALURU,Palm Oil (Packed),67.0
2011-01-31,DHARWAD,Palm Oil (Packed),69.0
2011-01-31,T.PURAM,Palm Oil (Packed),65.0
2011-01-31,ERNAKULAM,Palm Oil (Packed),65.0
2011-01-31,CHENNAI,Palm Oil (Packed),61.0
2011-01-31,DINDIGUL,Palm Oil (Packed),62.0
2011-01-31,THIRUCHIRAPALLI,Palm Oil (Packed),62.0
2011-01-31,HYDERABAD,Palm Oil (Packed),65.0
2011-02-01,BENGALURU,Palm Oil (Packed),67.0
2011-02-01,DHARWAD,Palm Oil (Packed),69.0
2011-02-01,T.PURAM,Palm Oil (Packed),65.0
2011-02-01,ERNAKULAM,Palm Oil (Packed),65.0
2011-02-01,CHENNAI,Palm Oil (Packed),61.0
2011-02-01,DINDIGUL,Palm Oil (Packed),62.0
2011-02-01,THIRUCHIRAPALLI,Palm Oil (Packed),62.0
2011-02-01,HYDERABAD,Palm Oil (Packed),65.0
2011-02-02,BENGALURU,Palm Oil (Packed),67.0
2011-02-02,DHARWAD,Palm Oil (Packed),69.0
2011-02-02,T.PURAM,Palm Oil (Packed),65.0
2011-02-02,ERNAKULAM,Palm Oil (Packed),65.0
2011-02-02,CHENNAI,Palm Oil (Packed),62.0
2011-02-02,DINDIGUL,Palm Oil (Packed),62.0
2011-02-02,THIRUCHIRAPALLI,Palm Oil (Packed),62.0
2011-02-02,HYDERABAD,Palm Oil (Packed),65.0
2011-02-03,BENGALURU,Palm Oil (Packed),67.0
2011-02-03,DHARWAD,Palm Oil (Packed),70.0
2011-02-03,T.PURAM,Palm Oil (Packed),65.0
2011-02-03,ERNAKULAM,Palm Oil (Packed),65.0
2011-02-03,CHENNAI,Palm Oil (Packed),63.0
2011-02-03,DINDIGUL,Palm Oil (Packed),62.0
2011-02-03,THIRUCHIRAPALLI,Palm Oil (Packed),62.0
2011-02-03,HYDERABAD,Palm Oil (Packed),65.0
2011-02-04,BENGALURU,Palm Oil (Packed),67.0
2011-02-04,DHARWAD,Palm Oil (Packed),70.0
2011-02-04,T.PURAM,Palm Oil (Packed),65.0
2011-02-04,ERNAKULAM,Palm Oil (Packed),65.0
2011-02-04,CHENNAI,Palm Oil (Packed),63.0
2011-02-04,DINDIGUL,Palm Oil (Packed),62.0
2011-02-04,THIRUCHIRAPALLI,Palm Oil (Packed),62.0
2011-02-04,HYDERABAD,Palm Oil (Packed),65.0
2011-02-07,BENGALURU,Palm Oil (Packed),67.0
2011-02-07,DHARWAD,Palm Oil (Packed),70.0
2011-02-07,T.PURAM,Palm Oil (Packed),65.0
2011-02-07,ERNAKULAM,Palm Oil (Packed),65.0
2011-02-07,CHENNAI,Palm Oil (Packed),63.0
2011-02-07,DINDIGUL,Palm Oil (Packed),65.0
2011-02-07,THIRUCHIRAPALLI,Palm Oil (Packed),62.0
2011-02-07,HYDERABAD,Palm Oil (Packed),65.0
2011-02-08,BENGALURU,Palm Oil (Packed),67.0
2011-02-08,DHARWAD,Palm Oil (Packed),70.0
2011-02-08,T.PURAM,Palm Oil (Packed),65.0
2011-02-08,ERNAKULAM,Palm Oil (Packed),65.0
2011-02-08,CHENNAI,Palm Oil (Packed),63.0
2011-02-08,DINDIGUL,Palm Oil (Packed),65.0
2011-02-08,THIRUCHIRAPALLI,Palm Oil (Packed),62.0
2011-02-08,HYDERABAD,Palm Oil (Packed),65.0
2011-02-09,BENGALURU,Palm Oil (Packed),67.0
2011-02-09,DHARWAD,Palm Oil (Packed),70.0
2011-02-09,T.PURAM,Palm Oil (Packed),65.0
2011-02-09,ERNAKULAM,Palm Oil (Packed),65.0
2011-02-09,CHENNAI,Palm Oil (Packed),63.0
2011-02-09,DINDIGUL,Palm Oil (Packed),65.0
2011-02-09,THIRUCHIRAPALLI,Palm Oil (Packed),64.0
2011-02-09,HYDERABAD,Palm Oil (Packed),66.0
2011-02-10,BENGALURU,Palm Oil (Packed),67.0
2011-02-10,DHARWAD,Palm Oil (Packed),70.0
2011-02-10,T.PURAM,Palm Oil (Packed),65.0
2011-02-10,ERNAKULAM,Palm Oil (Packed),65.0
2011-02-10,CHENNAI,Palm Oil (Packed),63.0
2011-02-10,DINDIGUL,Palm Oil (Packed),65.0
2011-02-10,THIRUCHIRAPALLI,Palm Oil (Packed),64.0
2011-02-10,HYDERABAD,Palm Oil (Packed),66.0
2011-02-11,BENGALURU,Palm Oil (Packed),67.0
2011-02-11,DHARWAD,Palm Oil (Packed),66.0
2011-02-11,T.PURAM,Palm Oil (Packed),66.0
2011-02-11,ERNAKULAM,Palm Oil (Packed),66.0
2011-02-11,CHENNAI,Palm Oil (Packed),63.0
2011-02-11,DINDIGUL,Palm Oil (Packed),65.0
2011-02-11,THIRUCHIRAPALLI,Palm Oil (Packed),64.0
2011-02-11,HYDERABAD,Palm Oil (Packed),66.0
2011-02-14,BENGALURU,Palm Oil (Packed),67.0
2011-02-14,DHARWAD,Palm Oil (Packed),66.0
2011-02-14,T.PURAM,Palm Oil (Packed),66.0
2011-02-14,ERNAKULAM,Palm Oil (Packed),66.0
2011-02-14,CHENNAI,Palm Oil (Packed),63.0
2011-02-14,DINDIGUL,Palm Oil (Packed),65.0
2011-02-14,THIRUCHIRAPALLI,Palm Oil (Packed),64.0
2011-02-14,HYDERABAD,Palm Oil (Packed),66.0
2011-02-15,BENGALURU,Palm Oil (Packed),67.0
2011-02-15,DHARWAD,Palm Oil (Packed),66.0
2011-02-15,T.PURAM,Palm Oil (Packed),66.0
2011-02-15,ERNAKULAM,Palm Oil (Packed),66.0
2011-02-15,CHENNAI,Palm Oil (Packed),63.0
2011-02-15,DINDIGUL,Palm Oil (Packed),65.0
2011-02-15,THIRUCHIRAPALLI,Palm Oil (Packed),64.0
2011-02-15,HYDERABAD,Palm Oil (Packed),66.0
2011-02-17,BENGALURU,Palm Oil (Packed),67.0
2011-02-17,DHARWAD,Palm Oil (Packed),66.0
2011-02-17,T.PURAM,Palm Oil (Packed),66.0
2011-02-17,ERNAKULAM,Palm Oil (Packed),66.0
2011-02-17,CHENNAI,Palm Oil (Packed),62.0
2011-02-17,DINDIGUL,Palm Oil (Packed),65.0
2011-02-17,THIRUCHIRAPALLI,Palm Oil (Packed),64.0
2011-02-17,HYDERABAD,Palm Oil (Packed),66.0
2011-02-18,BENGALURU,Palm Oil (Packed),67.0
2011-02-18,DHARWAD,Palm Oil (Packed),66.0
2011-02-18,T.PURAM,Palm Oil (Packed),66.0
2011-02-18,ERNAKULAM,Palm Oil (Packed),66.0
2011-02-18,CHENNAI,Palm Oil (Packed),62.0
2011-02-18,DINDIGUL,Palm Oil (Packed),65.0
2011-02-18,THIRUCHIRAPALLI,Palm Oil (Packed),64.0
2011-02-18,HYDERABAD,Palm Oil (Packed),66.0
2011-02-21,BENGALURU,Palm Oil (Packed),
2011-02-21,DHARWAD,Palm Oil (Packed),
2011-02-21,T.PURAM,Palm Oil (Packed),66.0
2011-02-21,ERNAKULAM,Palm Oil (Packed),66.0
2011-02-21,CHENNAI,Palm Oil (Packed),62.0
2011-02-21,DINDIGUL,Palm Oil (Packed),65.0
2011-02-21,THIRUCHIRAPALLI,Palm Oil (Packed),64.0
2011-02-21,HYDERABAD,Palm Oil (Packed),66.0
2011-02-22,BENGALURU,Palm Oil (Packed),67.0
2011-02-22,DHARWAD,Palm Oil (Packed),70.0
2011-02-22,T.PURAM,Palm Oil (Packed),71.0
2011-02-22,ERNAKULAM,Palm Oil (Packed),67.0
2011-02-22,CHENNAI,Palm Oil (Packed),62.0
2011-02-22,DINDIGUL,Palm Oil (Packed),65.0
2011-02-22,THIRUCHIRAPALLI,Palm Oil (Packed),64.0
2011-02-22,HYDERABAD,Palm Oil (Packed),66.0
2011-02-23,BENGALURU,Palm Oil (Packed),67.0
2011-02-23,DHARWAD,Palm Oil (Packed),63.0
2011-02-23,T.PURAM,Palm Oil (Packed),71.0
2011-02-23,ERNAKULAM,Palm Oil (Packed),67.0
2011-02-23,CHENNAI,Palm Oil (Packed),61.0
2011-02-23,DINDIGUL,Palm Oil (Packed),65.0
2011-02-23,THIRUCHIRAPALLI,Palm Oil (Packed),62.0
2011-02-23,HYDERABAD,Palm Oil (Packed),66.0
2011-02-24,BENGALURU,Palm Oil (Packed),67.0
2011-02-24,DHARWAD,Palm Oil (Packed),63.0
2011-02-24,T.PURAM,Palm Oil (Packed),71.0
2011-02-24,ERNAKULAM,Palm Oil (Packed),67.0
2011-02-24,CHENNAI,Palm Oil (Packed),61.0
2011-02-24,DINDIGUL,Palm Oil (Packed),65.0
2011-02-24,THIRUCHIRAPALLI,Palm Oil (Packed),62.0
2011-02-24,HYDERABAD,Palm Oil (Packed),66.0
2011-02-25,BENGALURU,Palm Oil (Packed),67.0
2011-02-25,DHARWAD,Palm Oil (Packed),63.0
2011-02-25,T.PURAM,Palm Oil (Packed),71.0
2011-02-25,ERNAKULAM,Palm Oil (Packed),67.0
2011-02-25,CHENNAI,Palm Oil (Packed),61.0
2011-02-25,DINDIGUL,Palm Oil (Packed),65.0
2011-02-25,THIRUCHIRAPALLI,Palm Oil (Packed),62.0
2011-02-25,HYDERABAD,Palm Oil (Packed),65.0
2011-02-28,BENGALURU,Palm Oil (Packed),66.0
2011-02-28,DHARWAD,Palm Oil (Packed),65.0
2011-02-28,T.PURAM,Palm Oil (Packed),71.0
2011-02-28,ERNAKULAM,Palm Oil (Packed),67.0
2011-02-28,CHENNAI,Palm Oil (Packed),61.0
2011-02-28,DINDIGUL,Palm Oil (Packed),65.0
2011-02-28,THIRUCHIRAPALLI,Palm Oil (Packed),62.0
2011-02-28,HYDERABAD,Palm Oil (Packed),67.0
2011-03-01,BENGALURU,Palm Oil (Packed),66.0
2011-03-01,DHARWAD,Palm Oil (Packed),65.0
2011-03-01,T.PURAM,Palm Oil (Packed),71.0
2011-03-01,ERNAKULAM,Palm Oil (Packed),67.0
2011-03-01,CHENNAI,Palm Oil (Packed),61.0
2011-03-01,DINDIGUL,Palm Oil (Packed),65.0
2011-03-01,THIRUCHIRAPALLI,Palm Oil (Packed),62.0
2011-03-01,HYDERABAD,Palm Oil (Packed),67.0
2011-03-03,BENGALURU,Palm Oil (Packed),66.0
2011-03-03,DHARWAD,Palm Oil (Packed),65.0
2011-03-03,T.PURAM,Palm Oil (Packed),71.0
2011-03-03,ERNAKULAM,Palm Oil (Packed),67.0
2011-03-03,CHENNAI,Palm Oil (Packed),61.0
2011-03-03,DINDIGUL,Palm Oil (Packed),65.0
2011-03-03,THIRUCHIRAPALLI,Palm Oil (Packed),62.0
2011-03-03,HYDERABAD,Palm Oil (Packed),67.0
2011-03-04,BENGALURU,Palm Oil (Packed),65.0
2011-03-04,DHARWAD,Palm Oil (Packed),65.0
2011-03-04,T.PURAM,Palm Oil (Packed),71.0
2011-03-04,ERNAKULAM,Palm Oil (Packed),67.0
2011-03-04,CHENNAI,Palm Oil (Packed),61.0
2011-03-04,DINDIGUL,Palm Oil (Packed),65.0
2011-03-04,THIRUCHIRAPALLI,Palm Oil (Packed),62.0
2011-03-04,HYDERABAD,Palm Oil (Packed),67.0
2011-03-07,BENGALURU,Palm Oil (Packed),65.0
2011-03-07,DHARWAD,Palm Oil (Packed),65.0
2011-03-07,T.PURAM,Palm Oil (Packed),71.0
2011-03-07,ERNAKULAM,Palm Oil (Packed),67.0
2011-03-07,CHENNAI,Palm Oil (Packed),61.0
2011-03-07,DINDIGUL,Palm Oil (Packed),62.0
2011-03-07,THIRUCHIRAPALLI,Palm Oil (Packed),62.0
2011-03-07,HYDERABAD,Palm Oil (Packed),64.0
2011-03-08,BENGALURU,Palm Oil (Packed),65.0
2011-03-08,DHARWAD,Palm Oil (Packed),65.0
2011-03-08,T.PURAM,Palm Oil (Packed),71.0
2011-03-08,ERNAKULAM,Palm Oil (Packed),67.0
2011-03-08,CHENNAI,Palm Oil (Packed),61.0
2011-03-08,DINDIGUL,Palm Oil (Packed),62.0
2011-03-08,THIRUCHIRAPALLI,Palm Oil (Packed),62.0
2011-03-08,HYDERABAD,Palm Oil (Packed),64.0
2011-03-09,BENGALURU,Palm Oil (Packed),65.0
2011-03-09,DHARWAD,Palm Oil (Packed),65.0
2011-03-09,T.PURAM,Palm Oil (Packed),71.0
2011-03-09,ERNAKULAM,Palm Oil (Packed),67.0
2011-03-09,CHENNAI,Palm Oil (Packed),61.0
2011-03-09,DINDIGUL,Palm Oil (Packed),62.0
2011-03-09,THIRUCHIRAPALLI,Palm Oil (Packed),62.0
2011-03-09,HYDERABAD,Palm Oil (Packed),64.0
2011-03-10,BENGALURU,Palm Oil (Packed),65.0
2011-03-10,DHARWAD,Palm Oil (Packed),65.0
2011-03-10,T.PURAM,Palm Oil (Packed),71.0
2011-03-10,ERNAKULAM,Palm Oil (Packed),67.0
2011-03-10,CHENNAI,Palm Oil (Packed),61.0
2011-03-10,DINDIGUL,Palm Oil (Packed),62.0
2011-03-10,THIRUCHIRAPALLI,Palm Oil (Packed),62.0
2011-03-10,HYDERABAD,Palm Oil (Packed),64.0
2011-03-11,BENGALURU,Palm Oil (Packed),65.0
2011-03-11,DHARWAD,Palm Oil (Packed),65.0
2011-03-11,T.PURAM,Palm Oil (Packed),68.0
2011-03-11,ERNAKULAM,Palm Oil (Packed),67.0
2011-03-11,CHENNAI,Palm Oil (Packed),61.0
2011-03-11,DINDIGUL,Palm Oil (Packed),62.0
2011-03-11,THIRUCHIRAPALLI,Palm Oil (Packed),62.0
2011-03-11,HYDERABAD,Palm Oil (Packed),64.0
2011-03-14,BENGALURU,Palm Oil (Packed),65.0
2011-03-14,DHARWAD,Palm Oil (Packed),65.0
2011-03-14,T.PURAM,Palm Oil (Packed),68.0
2011-03-14,ERNAKULAM,Palm Oil (Packed),67.0
2011-03-14,CHENNAI,Palm Oil (Packed),60.0
2011-03-14,DINDIGUL,Palm Oil (Packed),61.0
2011-03-14,THIRUCHIRAPALLI,Palm Oil (Packed),62.0
2011-03-14,HYDERABAD,Palm Oil (Packed),63.0
2011-03-15,BENGALURU,Palm Oil (Packed),65.0
2011-03-15,DHARWAD,Palm Oil (Packed),65.0
2011-03-15,T.PURAM,Palm Oil (Packed),68.0
2011-03-15,ERNAKULAM,Palm Oil (Packed),67.0
2011-03-15,CHENNAI,Palm Oil (Packed),60.0
2011-03-15,DINDIGUL,Palm Oil (Packed),61.0
2011-03-15,THIRUCHIRAPALLI,Palm Oil (Packed),62.0
2011-03-15,HYDERABAD,Palm Oil (Packed),63.0
2011-03-16,BENGALURU,Palm Oil (Packed),65.0
2011-03-16,DHARWAD,Palm Oil (Packed),64.0
2011-03-16,T.PURAM,Palm Oil (Packed),68.0
2011-03-16,ERNAKULAM,Palm Oil (Packed),67.0
2011-03-16,CHENNAI,Palm Oil (Packed),59.0
2011-03-16,DINDIGUL,Palm Oil (Packed),60.0
2011-03-16,THIRUCHIRAPALLI,Palm Oil (Packed),60.0
2011-03-16,HYDERABAD,Palm Oil (Packed),63.0
2011-03-17,BENGALURU,Palm Oil (Packed),65.0
2011-03-17,DHARWAD,Palm Oil (Packed),64.0
2011-03-17,T.PURAM,Palm Oil (Packed),68.0
2011-03-17,ERNAKULAM,Palm Oil (Packed),67.0
2011-03-17,CHENNAI,Palm Oil (Packed),59.0
2011-03-17,DINDIGUL,Palm Oil (Packed),60.0
2011-03-17,THIRUCHIRAPALLI,Palm Oil (Packed),60.0
2011-03-17,HYDERABAD,Palm Oil (Packed),63.0
2011-03-18,BENGALURU,Palm Oil (Packed),63.0
2011-03-18,DHARWAD,Palm Oil (Packed),63.0
2011-03-18,T.PURAM,Palm Oil (Packed),68.0
2011-03-18,ERNAKULAM,Palm Oil (Packed),67.0
2011-03-18,CHENNAI,Palm Oil (Packed),59.0
2011-03-18,DINDIGUL,Palm Oil (Packed),60.0
2011-03-18,THIRUCHIRAPALLI,Palm Oil (Packed),60.0
2011-03-18,HYDERABAD,Palm Oil (Packed),63.0
2011-03-21,BENGALURU,Palm Oil (Packed),63.0
2011-03-21,DHARWAD,Palm Oil (Packed),63.0
2011-03-21,T.PURAM,Palm Oil (Packed),68.0
2011-03-21,ERNAKULAM,Palm Oil (Packed),67.0
2011-03-21,CHENNAI,Palm Oil (Packed),59.0
2011-03-21,DINDIGUL,Palm Oil (Packed),60.0
2011-03-21,THIRUCHIRAPALLI,Palm Oil (Packed),60.0
2011-03-21,HYDERABAD,Palm Oil (Packed),63.0
2011-03-22,BENGALURU,Palm Oil (Packed),63.0
2011-03-22,DHARWAD,Palm Oil (Packed),61.0
2011-03-22,T.PURAM,Palm Oil (Packed),68.0
2011-03-22,ERNAKULAM,Palm Oil (Packed),67.0
2011-03-22,CHENNAI,Palm Oil (Packed),59.0
2011-03-22,DINDIGUL,Palm Oil (Packed),60.0
2011-03-22,THIRUCHIRAPALLI,Palm Oil (Packed),60.0
2011-03-22,HYDERABAD,Palm Oil (Packed),63.0
2011-03-23,BENGALURU,Palm Oil (Packed),61.0
2011-03-23,DHARWAD,Palm Oil (Packed),61.0
2011-03-23,T.PURAM,Palm Oil (Packed),68.0
2011-03-23,ERNAKULAM,Palm Oil (Packed),67.0
2011-03-23,CHENNAI,Palm Oil (Packed),58.0
2011-03-23,DINDIGUL,Palm Oil (Packed),60.0
2011-03-23,THIRUCHIRAPALLI,Palm Oil (Packed),60.0
2011-03-23,HYDERABAD,Palm Oil (Packed),63.0
2011-03-24,BENGALURU,Palm Oil (Packed),61.0
2011-03-24,DHARWAD,Palm Oil (Packed),61.0
2011-03-24,T.PURAM,Palm Oil (Packed),68.0
2011-03-24,ERNAKULAM,Palm Oil (Packed),67.0
2011-03-24,CHENNAI,Palm Oil (Packed),59.0
2011-03-24,DINDIGUL,Palm Oil (Packed),60.0
2011-03-24,THIRUCHIRAPALLI,Palm Oil (Packed),60.0
2011-03-24,HYDERABAD,Palm Oil (Packed),63.0
2011-03-25,BENGALURU,Palm Oil (Packed),61.0
2011-03-25,DHARWAD,Palm Oil (Packed),61.0
2011-03-25,T.PURAM,Palm Oil (Packed),68.0
2011-03-25,ERNAKULAM,Palm Oil (Packed),67.0
2011-03-25,CHENNAI,Palm Oil (Packed),57.0
2011-03-25,DINDIGUL,Palm Oil (Packed),60.0
2011-03-25,THIRUCHIRAPALLI,Palm Oil (Packed),60.0
2011-03-25,HYDERABAD,Palm Oil (Packed),63.0
2011-03-28,BENGALURU,Palm Oil (Packed),62.0
2011-03-28,DHARWAD,Palm Oil (Packed),61.0
2011-03-28,T.PURAM,Palm Oil (Packed),68.0
2011-03-28,ERNAKULAM,Palm Oil (Packed),67.0
2011-03-28,CHENNAI,Palm Oil (Packed),57.0
2011-03-28,DINDIGUL,Palm Oil (Packed),58.0
2011-03-28,THIRUCHIRAPALLI,Palm Oil (Packed),60.0
2011-03-28,HYDERABAD,Palm Oil (Packed),63.0
2011-03-29,BENGALURU,Palm Oil (Packed),62.0
2011-03-29,DHARWAD,Palm Oil (Packed),61.0
2011-03-29,T.PURAM,Palm Oil (Packed),68.0
2011-03-29,ERNAKULAM,Palm Oil (Packed),67.0
2011-03-29,CHENNAI,Palm Oil (Packed),57.0
2011-03-29,DINDIGUL,Palm Oil (Packed),58.0
2011-03-29,THIRUCHIRAPALLI,Palm Oil (Packed),60.0
2011-03-29,HYDERABAD,Palm Oil (Packed),63.0
2011-03-30,BENGALURU,Palm Oil (Packed),62.0
2011-03-30,DHARWAD,Palm Oil (Packed),61.0
2011-03-30,T.PURAM,Palm Oil (Packed),68.0
2011-03-30,ERNAKULAM,Palm Oil (Packed),67.0
2011-03-30,CHENNAI,Palm Oil (Packed),56.0
2011-03-30,DINDIGUL,Palm Oil (Packed),58.0
2011-03-30,THIRUCHIRAPALLI,Palm Oil (Packed),60.0
2011-03-30,HYDERABAD,Palm Oil (Packed),63.0
2011-03-31,BENGALURU,Palm Oil (Packed),62.0
2011-03-31,DHARWAD,Palm Oil (Packed),61.0
2011-03-31,T.PURAM,Palm Oil (Packed),71.0
2011-03-31,ERNAKULAM,Palm Oil (Packed),67.0
2011-03-31,CHENNAI,Palm Oil (Packed),56.0
2011-03-31,DINDIGUL,Palm Oil (Packed),58.0
2011-03-31,THIRUCHIRAPALLI,Palm Oil (Packed),60.0
2011-03-31,HYDERABAD,Palm Oil (Packed),63.0
2011-04-01,BENGALURU,Palm Oil (Packed),62.0
2011-04-01,DHARWAD,Palm Oil (Packed),61.0
2011-04-01,T.PURAM,Palm Oil (Packed),71.0
2011-04-01,ERNAKULAM,Palm Oil (Packed),67.0
2011-04-01,CHENNAI,Palm Oil (Packed),56.0
2011-04-01,DINDIGUL,Palm Oil (Packed),58.0
2011-04-01,THIRUCHIRAPALLI,Palm Oil (Packed),60.0
2011-04-01,HYDERABAD,Palm Oil (Packed),63.0
2011-04-04,BENGALURU,Palm Oil (Packed),62.0
2011-04-04,DHARWAD,Palm Oil (Packed),61.0
2011-04-04,T.PURAM,Palm Oil (Packed),71.0
2011-04-04,ERNAKULAM,Palm Oil (Packed),67.0
2011-04-04,CHENNAI,Palm Oil (Packed),56.0
2011-04-04,DINDIGUL,Palm Oil (Packed),58.0
2011-04-04,THIRUCHIRAPALLI,Palm Oil (Packed),60.0
2011-04-04,HYDERABAD,Palm Oil (Packed),63.0
2011-04-05,BENGALURU,Palm Oil (Packed),62.0
2011-04-05,DHARWAD,Palm Oil (Packed),61.0
2011-04-05,T.PURAM,Palm Oil (Packed),71.0
2011-04-05,ERNAKULAM,Palm Oil (Packed),67.0
2011-04-05,CHENNAI,Palm Oil (Packed),56.0
2011-04-05,DINDIGUL,Palm Oil (Packed),58.0
2011-04-05,THIRUCHIRAPALLI,Palm Oil (Packed),60.0
2011-04-05,HYDERABAD,Palm Oil (Packed),63.0
2011-04-06,BENGALURU,Palm Oil (Packed),62.0
2011-04-06,DHARWAD,Palm Oil (Packed),61.0
2011-04-06,T.PURAM,Palm Oil (Packed),71.0
2011-04-06,ERNAKULAM,Palm Oil (Packed),67.0
2011-04-06,CHENNAI,Palm Oil (Packed),56.0
2011-04-06,DINDIGUL,Palm Oil (Packed),58.0
2011-04-06,THIRUCHIRAPALLI,Palm Oil (Packed),60.0
2011-04-06,HYDERABAD,Palm Oil (Packed),63.0
2011-04-07,BENGALURU,Palm Oil (Packed),62.0
2011-04-07,DHARWAD,Palm Oil (Packed),61.0
2011-04-07,T.PURAM,Palm Oil (Packed),71.0
2011-04-07,ERNAKULAM,Palm Oil (Packed),67.0
2011-04-07,CHENNAI,Palm Oil (Packed),56.0
2011-04-07,DINDIGUL,Palm Oil (Packed),58.0
2011-04-07,THIRUCHIRAPALLI,Palm Oil (Packed),60.0
2011-04-07,HYDERABAD,Palm Oil (Packed),63.0
2011-04-08,BENGALURU,Palm Oil (Packed),62.0
2011-04-08,DHARWAD,Palm Oil (Packed),61.0
2011-04-08,T.PURAM,Palm Oil (Packed),71.0
2011-04-08,ERNAKULAM,Palm Oil (Packed),67.0
2011-04-08,CHENNAI,Palm Oil (Packed),56.0
2011-04-08,DINDIGUL,Palm Oil (Packed),58.0
2011-04-08,THIRUCHIRAPALLI,Palm Oil (Packed),60.0
2011-04-08,HYDERABAD,Palm Oil (Packed),63.0
2011-04-11,BENGALURU,Palm Oil (Packed),62.0
2011-04-11,DHARWAD,Palm Oil (Packed),61.0
2011-04-11,T.PURAM,Palm Oil (Packed),71.0
2011-04-11,ERNAKULAM,Palm Oil (Packed),67.0
2011-04-11,CHENNAI,Palm Oil (Packed),57.0
2011-04-11,DINDIGUL,Palm Oil (Packed),60.0
2011-04-11,THIRUCHIRAPALLI,Palm Oil (Packed),60.0
2011-04-11,HYDERABAD,Palm Oil (Packed),63.0
2011-04-13,BENGALURU,Palm Oil (Packed),62.0
2011-04-13,DHARWAD,Palm Oil (Packed),61.0
2011-04-13,T.PURAM,Palm Oil (Packed),71.0
2011-04-13,ERNAKULAM,Palm Oil (Packed),67.0
2011-04-13,CHENNAI,Palm Oil (Packed),57.0
2011-04-13,DINDIGUL,Palm Oil (Packed),60.0
2011-04-13,THIRUCHIRAPALLI,Palm Oil (Packed),60.0
2011-04-13,HYDERABAD,Palm Oil (Packed),63.0
2011-04-15,BENGALURU,Palm Oil (Packed),62.0
2011-04-15,DHARWAD,Palm Oil (Packed),61.0
2011-04-15,T.PURAM,Palm Oil (Packed),71.0
2011-04-15,ERNAKULAM,Palm Oil (Packed),67.0
2011-04-15,CHENNAI,Palm Oil (Packed),57.0
2011-04-15,DINDIGUL,Palm Oil (Packed),60.0
2011-04-15,THIRUCHIRAPALLI,Palm Oil (Packed),60.0
2011-04-15,HYDERABAD,Palm Oil (Packed),63.0
2011-04-18,BENGALURU,Palm Oil (Packed),62.0
2011-04-18,DHARWAD,Palm Oil (Packed),61.0
2011-04-18,T.PURAM,Palm Oil (Packed),71.0
2011-04-18,ERNAKULAM,Palm Oil (Packed),67.0
2011-04-18,CHENNAI,Palm Oil (Packed),57.0
2011-04-18,DINDIGUL,Palm Oil (Packed),60.0
2011-04-18,THIRUCHIRAPALLI,Palm Oil (Packed),60.0
2011-04-18,HYDERABAD,Palm Oil (Packed),63.0
2011-04-19,BENGALURU,Palm Oil (Packed),63.0
2011-04-19,DHARWAD,Palm Oil (Packed),61.0
2011-04-19,T.PURAM,Palm Oil (Packed),71.0
2011-04-19,ERNAKULAM,Palm Oil (Packed),67.0
2011-04-19,CHENNAI,Palm Oil (Packed),57.0
2011-04-19,DINDIGUL,Palm Oil (Packed),60.0
2011-04-19,THIRUCHIRAPALLI,Palm Oil (Packed),60.0
2011-04-19,HYDERABAD,Palm Oil (Packed),63.0
2011-04-20,BENGALURU,Palm Oil (Packed),63.0
2011-04-20,DHARWAD,Palm Oil (Packed),61.0
2011-04-20,T.PURAM,Palm Oil (Packed),71.0
2011-04-20,ERNAKULAM,Palm Oil (Packed),67.0
2011-04-20,CHENNAI,Palm Oil (Packed),57.0
2011-04-20,DINDIGUL,Palm Oil (Packed),60.0
2011-04-20,THIRUCHIRAPALLI,Palm Oil (Packed),60.0
2011-04-20,HYDERABAD,Palm Oil (Packed),62.0
2011-04-21,BENGALURU,Palm Oil (Packed),63.0
2011-04-21,DHARWAD,Palm Oil (Packed),61.0
2011-04-21,T.PURAM,Palm Oil (Packed),71.0
2011-04-21,ERNAKULAM,Palm Oil (Packed),67.0
2011-04-21,CHENNAI,Palm Oil (Packed),57.0
2011-04-21,DINDIGUL,Palm Oil (Packed),60.0
2011-04-21,THIRUCHIRAPALLI,Palm Oil (Packed),60.0
2011-04-21,HYDERABAD,Palm Oil (Packed),62.0
2011-04-25,BENGALURU,Palm Oil (Packed),63.0
2011-04-25,DHARWAD,Palm Oil (Packed),61.0
2011-04-25,T.PURAM,Palm Oil (Packed),71.0
2011-04-25,ERNAKULAM,Palm Oil (Packed),67.0
2011-04-25,CHENNAI,Palm Oil (Packed),57.0
2011-04-25,DINDIGUL,Palm Oil (Packed),60.0
2011-04-25,THIRUCHIRAPALLI,Palm Oil (Packed),60.0
2011-04-25,HYDERABAD,Palm Oil (Packed),62.0
2011-04-26,BENGALURU,Palm Oil (Packed),63.0
2011-04-26,DHARWAD,Palm Oil (Packed),61.0
2011-04-26,T.PURAM,Palm Oil (Packed),71.0
2011-04-26,ERNAKULAM,Palm Oil (Packed),67.0
2011-04-26,CHENNAI,Palm Oil (Packed),57.0
2011-04-26,DINDIGUL,Palm Oil (Packed),60.0
2011-04-26,THIRUCHIRAPALLI,Palm Oil (Packed),58.0
2011-04-26,HYDERABAD,Palm Oil (Packed),61.0
2011-04-27,BENGALURU,Palm Oil (Packed),63.0
2011-04-27,DHARWAD,Palm Oil (Packed),61.0
2011-04-27,T.PURAM,Palm Oil (Packed),71.0
2011-04-27,ERNAKULAM,Palm Oil (Packed),67.0
2011-04-27,CHENNAI,Palm Oil (Packed),57.0
2011-04-27,DINDIGUL,Palm Oil (Packed),60.0
2011-04-27,THIRUCHIRAPALLI,Palm Oil (Packed),58.0
2011-04-27,HYDERABAD,Palm Oil (Packed),61.0
2011-04-28,BENGALURU,Palm Oil (Packed),63.0
2011-04-28,DHARWAD,Palm Oil (Packed),61.0
2011-04-28,T.PURAM,Palm Oil (Packed),71.0
2011-04-28,ERNAKULAM,Palm Oil (Packed),67.0
2011-04-28,CHENNAI,Palm Oil (Packed),57.0
2011-04-28,DINDIGUL,Palm Oil (Packed),60.0
2011-04-28,THIRUCHIRAPALLI,Palm Oil (Packed),58.0
2011-04-28,HYDERABAD,Palm Oil (Packed),61.0
2011-04-29,BENGALURU,Palm Oil (Packed),62.0
2011-04-29,DHARWAD,Palm Oil (Packed),61.0
2011-04-29,T.PURAM,Palm Oil (Packed),71.0
2011-04-29,ERNAKULAM,Palm Oil (Packed),67.0
2011-04-29,CHENNAI,Palm Oil (Packed),57.0
2011-04-29,DINDIGUL,Palm Oil (Packed),60.0
2011-04-29,THIRUCHIRAPALLI,Palm Oil (Packed),58.0
2011-04-29,HYDERABAD,Palm Oil (Packed),60.0
2011-05-02,BENGALURU,Palm Oil (Packed),62.0
2011-05-02,DHARWAD,Palm Oil (Packed),61.0
2011-05-02,T.PURAM,Palm Oil (Packed),71.0
2011-05-02,ERNAKULAM,Palm Oil (Packed),67.0
2011-05-02,CHENNAI,Palm Oil (Packed),57.0
2011-05-02,DINDIGUL,Palm Oil (Packed),60.0
2011-05-02,THIRUCHIRAPALLI,Palm Oil (Packed),58.0
2011-05-02,HYDERABAD,Palm Oil (Packed),60.0
2011-05-03,BENGALURU,Palm Oil (Packed),62.0
2011-05-03,DHARWAD,Palm Oil (Packed),62.0
2011-05-03,T.PURAM,Palm Oil (Packed),71.0
2011-05-03,ERNAKULAM,Palm Oil (Packed),67.0
2011-05-03,CHENNAI,Palm Oil (Packed),58.0
2011-05-03,DINDIGUL,Palm Oil (Packed),60.0
2011-05-03,THIRUCHIRAPALLI,Palm Oil (Packed),58.0
2011-05-03,HYDERABAD,Palm Oil (Packed),60.0
2011-05-04,BENGALURU,Palm Oil (Packed),62.0
2011-05-04,DHARWAD,Palm Oil (Packed),62.0
2011-05-04,T.PURAM,Palm Oil (Packed),71.0
2011-05-04,ERNAKULAM,Palm Oil (Packed),67.0
2011-05-04,CHENNAI,Palm Oil (Packed),58.0
2011-05-04,DINDIGUL,Palm Oil (Packed),60.0
2011-05-04,THIRUCHIRAPALLI,Palm Oil (Packed),58.0
2011-05-04,HYDERABAD,Palm Oil (Packed),60.0
2011-05-05,BENGALURU,Palm Oil (Packed),62.0
2011-05-05,DHARWAD,Palm Oil (Packed),62.0
2011-05-05,T.PURAM,Palm Oil (Packed),71.0
2011-05-05,ERNAKULAM,Palm Oil (Packed),67.0
2011-05-05,CHENNAI,Palm Oil (Packed),58.0
2011-05-05,DINDIGUL,Palm Oil (Packed),60.0
2011-05-05,THIRUCHIRAPALLI,Palm Oil (Packed),58.0
2011-05-05,HYDERABAD,Palm Oil (Packed),60.0
2011-05-06,BENGALURU,Palm Oil (Packed),62.0
2011-05-06,DHARWAD,Palm Oil (Packed),62.0
2011-05-06,T.PURAM,Palm Oil (Packed),71.0
2011-05-06,ERNAKULAM,Palm Oil (Packed),67.0
2011-05-06,CHENNAI,Palm Oil (Packed),58.0
2011-05-06,DINDIGUL,Palm Oil (Packed),60.0
2011-05-06,THIRUCHIRAPALLI,Palm Oil (Packed),58.0
2011-05-06,HYDERABAD,Palm Oil (Packed),60.0
2011-05-09,BENGALURU,Palm Oil (Packed),62.0
2011-05-09,DHARWAD,Palm Oil (Packed),62.0
2011-05-09,T.PURAM,Palm Oil (Packed),71.0
2011-05-09,ERNAKULAM,Palm Oil (Packed),67.0
2011-05-09,CHENNAI,Palm Oil (Packed),58.0
2011-05-09,DINDIGUL,Palm Oil (Packed),60.0
2011-05-09,THIRUCHIRAPALLI,Palm Oil (Packed),58.0
2011-05-09,HYDERABAD,Palm Oil (Packed),59.0
2011-05-10,BENGALURU,Palm Oil (Packed),62.0
2011-05-10,DHARWAD,Palm Oil (Packed),62.0
2011-05-10,T.PURAM,Palm Oil (Packed),71.0
2011-05-10,ERNAKULAM,Palm Oil (Packed),67.0
2011-05-10,CHENNAI,Palm Oil (Packed),58.0
2011-05-10,DINDIGUL,Palm Oil (Packed),60.0
2011-05-10,THIRUCHIRAPALLI,Palm Oil (Packed),58.0
2011-05-10,HYDERABAD,Palm Oil (Packed),59.0
2011-05-11,BENGALURU,Palm Oil (Packed),62.0
2011-05-11,DHARWAD,Palm Oil (Packed),62.0
2011-05-11,T.PURAM,Palm Oil (Packed),71.0
2011-05-11,ERNAKULAM,Palm Oil (Packed),67.0
2011-05-11,CHENNAI,Palm Oil (Packed),59.0
2011-05-11,DINDIGUL,Palm Oil (Packed),60.0
2011-05-11,THIRUCHIRAPALLI,Palm Oil (Packed),58.0
2011-05-11,HYDERABAD,Palm Oil (Packed),59.0
2011-05-12,BENGALURU,Palm Oil (Packed),62.0
2011-05-12,DHARWAD,Palm Oil (Packed),62.0
2011-05-12,T.PURAM,Palm Oil (Packed),71.0
2011-05-12,ERNAKULAM,Palm Oil (Packed),64.0
2011-05-12,CHENNAI,Palm Oil (Packed),59.0
2011-05-12,DINDIGUL,Palm Oil (Packed),60.0
2011-05-12,THIRUCHIRAPALLI,Palm Oil (Packed),58.0
2011-05-12,HYDERABAD,Palm Oil (Packed),59.0
2011-05-13,BENGALURU,Palm Oil (Packed),
2011-05-13,DHARWAD,Palm Oil (Packed),
2011-05-13,T.PURAM,Palm Oil (Packed),71.0
2011-05-13,ERNAKULAM,Palm Oil (Packed),64.0
2011-05-13,CHENNAI,Palm Oil (Packed),59.0
2011-05-13,DINDIGUL,Palm Oil (Packed),60.0
2011-05-13,THIRUCHIRAPALLI,Palm Oil (Packed),58.0
2011-05-13,HYDERABAD,Palm Oil (Packed),59.0
2011-05-16,BENGALURU,Palm Oil (Packed),62.0
2011-05-16,DHARWAD,Palm Oil (Packed),62.0
2011-05-16,T.PURAM,Palm Oil (Packed),71.0
2011-05-16,ERNAKULAM,Palm Oil (Packed),64.0
2011-05-16,CHENNAI,Palm Oil (Packed),59.0
2011-05-16,DINDIGUL,Palm Oil (Packed),61.0
2011-05-16,THIRUCHIRAPALLI,Palm Oil (Packed),58.0
2011-05-16,HYDERABAD,Palm Oil (Packed),59.0
2011-05-18,BENGALURU,Palm Oil (Packed),62.0
2011-05-18,DHARWAD,Palm Oil (Packed),62.0
2011-05-18,T.PURAM,Palm Oil (Packed),71.0
2011-05-18,ERNAKULAM,Palm Oil (Packed),64.0
2011-05-18,CHENNAI,Palm Oil (Packed),59.0
2011-05-18,DINDIGUL,Palm Oil (Packed),61.0
2011-05-18,THIRUCHIRAPALLI,Palm Oil (Packed),58.0
2011-05-18,HYDERABAD,Palm Oil (Packed),59.0
2011-05-19,BENGALURU,Palm Oil (Packed),62.0
2011-05-19,DHARWAD,Palm Oil (Packed),62.0
2011-05-19,T.PURAM,Palm Oil (Packed),71.0
2011-05-19,ERNAKULAM,Palm Oil (Packed),64.0
2011-05-19,CHENNAI,Palm Oil (Packed),59.0
2011-05-19,DINDIGUL,Palm Oil (Packed),61.0
2011-05-19,THIRUCHIRAPALLI,Palm Oil (Packed),58.0
2011-05-19,HYDERABAD,Palm Oil (Packed),60.0
2011-05-20,BENGALURU,Palm Oil (Packed),62.0
2011-05-20,DHARWAD,Palm Oil (Packed),62.0
2011-05-20,T.PURAM,Palm Oil (Packed),71.0
2011-05-20,ERNAKULAM,Palm Oil (Packed),64.0
2011-05-20,CHENNAI,Palm Oil (Packed),60.0
2011-05-20,DINDIGUL,Palm Oil (Packed),61.0
2011-05-20,THIRUCHIRAPALLI,Palm Oil (Packed),58.0
2011-05-20,HYDERABAD,Palm Oil (Packed),60.0
2011-05-23,BENGALURU,Palm Oil (Packed),62.0
2011-05-23,DHARWAD,Palm Oil (Packed),62.0
2011-05-23,T.PURAM,Palm Oil (Packed),71.0
2011-05-23,ERNAKULAM,Palm Oil (Packed),64.0
2011-05-23,CHENNAI,Palm Oil (Packed),60.0
2011-05-23,DINDIGUL,Palm Oil (Packed),61.0
2011-05-23,THIRUCHIRAPALLI,Palm Oil (Packed),58.0
2011-05-23,HYDERABAD,Palm Oil (Packed),61.0
2011-05-24,BENGALURU,Palm Oil (Packed),62.0
2011-05-24,DHARWAD,Palm Oil (Packed),62.0
2011-05-24,T.PURAM,Palm Oil (Packed),71.0
2011-05-24,ERNAKULAM,Palm Oil (Packed),64.0
2011-05-24,CHENNAI,Palm Oil (Packed),60.0
2011-05-24,DINDIGUL,Palm Oil (Packed),64.0
2011-05-24,THIRUCHIRAPALLI,Palm Oil (Packed),58.0
2011-05-24,HYDERABAD,Palm Oil (Packed),61.0
2011-05-25,BENGALURU,Palm Oil (Packed),62.0
2011-05-25,DHARWAD,Palm Oil (Packed),62.0
2011-05-25,T.PURAM,Palm Oil (Packed),71.0
2011-05-25,ERNAKULAM,Palm Oil (Packed),64.0
2011-05-25,CHENNAI,Palm Oil (Packed),60.0
2011-05-25,DINDIGUL,Palm Oil (Packed),64.0
2011-05-25,THIRUCHIRAPALLI,Palm Oil (Packed),62.0
2011-05-25,HYDERABAD,Palm Oil (Packed),61.0
2011-05-26,BENGALURU,Palm Oil (Packed),62.0
2011-05-26,DHARWAD,Palm Oil (Packed),62.0
2011-05-26,T.PURAM,Palm Oil (Packed),71.0
2011-05-26,ERNAKULAM,Palm Oil (Packed),64.0
2011-05-26,CHENNAI,Palm Oil (Packed),61.0
2011-05-26,DINDIGUL,Palm Oil (Packed),64.0
2011-05-26,THIRUCHIRAPALLI,Palm Oil (Packed),62.0
2011-05-26,HYDERABAD,Palm Oil (Packed),61.0
2011-05-27,BENGALURU,Palm Oil (Packed),64.0
2011-05-27,DHARWAD,Palm Oil (Packed),61.0
2011-05-27,T.PURAM,Palm Oil (Packed),71.0
2011-05-27,ERNAKULAM,Palm Oil (Packed),64.0
2011-05-27,CHENNAI,Palm Oil (Packed),61.0
2011-05-27,DINDIGUL,Palm Oil (Packed),63.0
2011-05-27,THIRUCHIRAPALLI,Palm Oil (Packed),62.0
2011-05-27,HYDERABAD,Palm Oil (Packed),62.0
2011-05-30,BENGALURU,Palm Oil (Packed),64.0
2011-05-30,DHARWAD,Palm Oil (Packed),61.0
2011-05-30,T.PURAM,Palm Oil (Packed),71.0
2011-05-30,ERNAKULAM,Palm Oil (Packed),64.0
2011-05-30,CHENNAI,Palm Oil (Packed),61.0
2011-05-30,DINDIGUL,Palm Oil (Packed),63.0
2011-05-30,THIRUCHIRAPALLI,Palm Oil (Packed),62.0
2011-05-30,HYDERABAD,Palm Oil (Packed),62.0
2011-05-31,BENGALURU,Palm Oil (Packed),64.0
2011-05-31,DHARWAD,Palm Oil (Packed),61.0
2011-05-31,T.PURAM,Palm Oil (Packed),71.0
2011-05-31,ERNAKULAM,Palm Oil (Packed),64.0
2011-05-31,CHENNAI,Palm Oil (Packed),61.0
2011-05-31,DINDIGUL,Palm Oil (Packed),63.0
2011-05-31,THIRUCHIRAPALLI,Palm Oil (Packed),62.0
2011-05-31,HYDERABAD,Palm Oil (Packed),62.0
2011-06-01,BENGALURU,Palm Oil (Packed),64.0
2011-06-01,DHARWAD,Palm Oil (Packed),61.0
2011-06-01,T.PURAM,Palm Oil (Packed),71.0
2011-06-01,ERNAKULAM,Palm Oil (Packed),64.0
2011-06-01,CHENNAI,Palm Oil (Packed),61.0
2011-06-01,DINDIGUL,Palm Oil (Packed),63.0
2011-06-01,THIRUCHIRAPALLI,Palm Oil (Packed),62.0
2011-06-01,HYDERABAD,Palm Oil (Packed),62.0
2011-06-02,BENGALURU,Palm Oil (Packed),64.0
2011-06-02,DHARWAD,Palm Oil (Packed),61.0
2011-06-02,T.PURAM,Palm Oil (Packed),71.0
2011-06-02,ERNAKULAM,Palm Oil (Packed),64.0
2011-06-02,CHENNAI,Palm Oil (Packed),61.0
2011-06-02,DINDIGUL,Palm Oil (Packed),63.0
2011-06-02,THIRUCHIRAPALLI,Palm Oil (Packed),62.0
2011-06-02,HYDERABAD,Palm Oil (Packed),61.0
2011-06-03,BENGALURU,Palm Oil (Packed),64.0
2011-06-03,DHARWAD,Palm Oil (Packed),61.0
2011-06-03,T.PURAM,Palm Oil (Packed),71.0
2011-06-03,ERNAKULAM,Palm Oil (Packed),64.0
2011-06-03,CHENNAI,Palm Oil (Packed),60.0
2011-06-03,DINDIGUL,Palm Oil (Packed),63.0
2011-06-03,THIRUCHIRAPALLI,Palm Oil (Packed),62.0
2011-06-03,HYDERABAD,Palm Oil (Packed),61.0
2011-06-06,BENGALURU,Palm Oil (Packed),64.0
2011-06-06,DHARWAD,Palm Oil (Packed),61.0
2011-06-06,T.PURAM,Palm Oil (Packed),71.0
2011-06-06,ERNAKULAM,Palm Oil (Packed),64.0
2011-06-06,CHENNAI,Palm Oil (Packed),60.0
2011-06-06,DINDIGUL,Palm Oil (Packed),65.0
2011-06-06,THIRUCHIRAPALLI,Palm Oil (Packed),62.0
2011-06-06,HYDERABAD,Palm Oil (Packed),61.0
2011-06-07,BENGALURU,Palm Oil (Packed),64.0
2011-06-07,DHARWAD,Palm Oil (Packed),61.0
2011-06-07,T.PURAM,Palm Oil (Packed),71.0
2011-06-07,ERNAKULAM,Palm Oil (Packed),64.0
2011-06-07,CHENNAI,Palm Oil (Packed),60.0
2011-06-07,DINDIGUL,Palm Oil (Packed),65.0
2011-06-07,THIRUCHIRAPALLI,Palm Oil (Packed),62.0
2011-06-07,HYDERABAD,Palm Oil (Packed),61.0
2011-06-08,BENGALURU,Palm Oil (Packed),64.0
2011-06-08,DHARWAD,Palm Oil (Packed),59.0
2011-06-08,T.PURAM,Palm Oil (Packed),71.0
2011-06-08,ERNAKULAM,Palm Oil (Packed),64.0
2011-06-08,CHENNAI,Palm Oil (Packed),60.0
2011-06-08,DINDIGUL,Palm Oil (Packed),65.0
2011-06-08,THIRUCHIRAPALLI,Palm Oil (Packed),62.0
2011-06-08,HYDERABAD,Palm Oil (Packed),62.0
2011-06-09,BENGALURU,Palm Oil (Packed),64.0
2011-06-09,DHARWAD,Palm Oil (Packed),59.0
2011-06-09,T.PURAM,Palm Oil (Packed),71.0
2011-06-09,ERNAKULAM,Palm Oil (Packed),64.0
2011-06-09,CHENNAI,Palm Oil (Packed),60.0
2011-06-09,DINDIGUL,Palm Oil (Packed),65.0
2011-06-09,THIRUCHIRAPALLI,Palm Oil (Packed),62.0
2011-06-09,HYDERABAD,Palm Oil (Packed),61.0
2011-06-10,BENGALURU,Palm Oil (Packed),64.0
2011-06-10,DHARWAD,Palm Oil (Packed),59.0
2011-06-10,T.PURAM,Palm Oil (Packed),71.0
2011-06-10,ERNAKULAM,Palm Oil (Packed),64.0
2011-06-10,CHENNAI,Palm Oil (Packed),60.0
2011-06-10,DINDIGUL,Palm Oil (Packed),65.0
2011-06-10,THIRUCHIRAPALLI,Palm Oil (Packed),62.0
2011-06-10,HYDERABAD,Palm Oil (Packed),61.0
2011-06-13,BENGALURU,Palm Oil (Packed),64.0
2011-06-13,DHARWAD,Palm Oil (Packed),59.0
2011-06-13,T.PURAM,Palm Oil (Packed),71.0
2011-06-13,ERNAKULAM,Palm Oil (Packed),64.0
2011-06-13,CHENNAI,Palm Oil (Packed),60.0
2011-06-13,DINDIGUL,Palm Oil (Packed),63.0
2011-06-13,THIRUCHIRAPALLI,Palm Oil (Packed),62.0
2011-06-13,HYDERABAD,Palm Oil (Packed),61.0
2011-06-14,BENGALURU,Palm Oil (Packed),64.0
2011-06-14,DHARWAD,Palm Oil (Packed),62.0
2011-06-14,T.PURAM,Palm Oil (Packed),71.0
2011-06-14,ERNAKULAM,Palm Oil (Packed),68.0
2011-06-14,CHENNAI,Palm Oil (Packed),59.0
2011-06-14,DINDIGUL,Palm Oil (Packed),63.0
2011-06-14,THIRUCHIRAPALLI,Palm Oil (Packed),62.0
2011-06-14,HYDERABAD,Palm Oil (Packed),62.0
2011-06-15,BENGALURU,Palm Oil (Packed),64.0
2011-06-15,DHARWAD,Palm Oil (Packed),62.0
2011-06-15,T.PURAM,Palm Oil (Packed),71.0
2011-06-15,ERNAKULAM,Palm Oil (Packed),68.0
2011-06-15,CHENNAI,Palm Oil (Packed),59.0
2011-06-15,DINDIGUL,Palm Oil (Packed),63.0
2011-06-15,THIRUCHIRAPALLI,Palm Oil (Packed),60.0
2011-06-15,HYDERABAD,Palm Oil (Packed),62.0
2011-06-16,BENGALURU,Palm Oil (Packed),64.0
2011-06-16,DHARWAD,Palm Oil (Packed),62.0
2011-06-16,T.PURAM,Palm Oil (Packed),71.0
2011-06-16,ERNAKULAM,Palm Oil (Packed),68.0
2011-06-16,CHENNAI,Palm Oil (Packed),59.0
2011-06-16,DINDIGUL,Palm Oil (Packed),63.0
2011-06-16,THIRUCHIRAPALLI,Palm Oil (Packed),60.0
2011-06-16,HYDERABAD,Palm Oil (Packed),62.0
2011-06-17,BENGALURU,Palm Oil (Packed),64.0
2011-06-17,DHARWAD,Palm Oil (Packed),62.0
2011-06-17,T.PURAM,Palm Oil (Packed),71.0
2011-06-17,ERNAKULAM,Palm Oil (Packed),68.0
2011-06-17,CHENNAI,Palm Oil (Packed),59.0
2011-06-17,DINDIGUL,Palm Oil (Packed),63.0
2011-06-17,THIRUCHIRAPALLI,Palm Oil (Packed),60.0
2011-06-17,HYDERABAD,Palm Oil (Packed),62.0
2011-06-20,BENGALURU,Palm Oil (Packed),64.0
2011-06-20,DHARWAD,Palm Oil (Packed),62.0
2011-06-20,T.PURAM,Palm Oil (Packed),71.0
2011-06-20,ERNAKULAM,Palm Oil (Packed),68.0
2011-06-20,CHENNAI,Palm Oil (Packed),59.0
2011-06-20,DINDIGUL,Palm Oil (Packed),60.0
2011-06-20,THIRUCHIRAPALLI,Palm Oil (Packed),60.0
2011-06-20,HYDERABAD,Palm Oil (Packed),62.0
2011-06-21,BENGALURU,Palm Oil (Packed),64.0
2011-06-21,DHARWAD,Palm Oil (Packed),62.0
2011-06-21,T.PURAM,Palm Oil (Packed),71.0
2011-06-21,ERNAKULAM,Palm Oil (Packed),68.0
2011-06-21,CHENNAI,Palm Oil (Packed),59.0
2011-06-21,DINDIGUL,Palm Oil (Packed),60.0
2011-06-21,THIRUCHIRAPALLI,Palm Oil (Packed),60.0
2011-06-21,HYDERABAD,Palm Oil (Packed),61.0
2011-06-22,BENGALURU,Palm Oil (Packed),64.0
2011-06-22,DHARWAD,Palm Oil (Packed),62.0
2011-06-22,T.PURAM,Palm Oil (Packed),71.0
2011-06-22,ERNAKULAM,Palm Oil (Packed),68.0
2011-06-22,CHENNAI,Palm Oil (Packed),59.0
2011-06-22,DINDIGUL,Palm Oil (Packed),60.0
2011-06-22,THIRUCHIRAPALLI,Palm Oil (Packed),60.0
2011-06-22,HYDERABAD,Palm Oil (Packed),62.0
2011-06-23,BENGALURU,Palm Oil (Packed),64.0
2011-06-23,DHARWAD,Palm Oil (Packed),62.0
2011-06-23,T.PURAM,Palm Oil (Packed),71.0
2011-06-23,ERNAKULAM,Palm Oil (Packed),68.0
2011-06-23,CHENNAI,Palm Oil (Packed),58.0
2011-06-23,DINDIGUL,Palm Oil (Packed),60.0
2011-06-23,THIRUCHIRAPALLI,Palm Oil (Packed),60.0
2011-06-23,HYDERABAD,Palm Oil (Packed),62.0
2011-06-24,BENGALURU,Palm Oil (Packed),63.0
2011-06-24,DHARWAD,Palm Oil (Packed),62.0
2011-06-24,T.PURAM,Palm Oil (Packed),71.0
2011-06-24,ERNAKULAM,Palm Oil (Packed),68.0
2011-06-24,CHENNAI,Palm Oil (Packed),58.0
2011-06-24,DINDIGUL,Palm Oil (Packed),60.0
2011-06-24,THIRUCHIRAPALLI,Palm Oil (Packed),60.0
2011-06-24,HYDERABAD,Palm Oil (Packed),62.0
2011-06-27,BENGALURU,Palm Oil (Packed),63.0
2011-06-27,DHARWAD,Palm Oil (Packed),62.0
2011-06-27,T.PURAM,Palm Oil (Packed),71.0
2011-06-27,ERNAKULAM,Palm Oil (Packed),68.0
2011-06-27,CHENNAI,Palm Oil (Packed),58.0
2011-06-27,DINDIGUL,Palm Oil (Packed),60.0
2011-06-27,THIRUCHIRAPALLI,Palm Oil (Packed),60.0
2011-06-27,HYDERABAD,Palm Oil (Packed),62.0
2011-06-28,BENGALURU,Palm Oil (Packed),62.0
2011-06-28,DHARWAD,Palm Oil (Packed),62.0
2011-06-28,T.PURAM,Palm Oil (Packed),71.0
2011-06-28,ERNAKULAM,Palm Oil (Packed),68.0
2011-06-28,CHENNAI,Palm Oil (Packed),58.0
2011-06-28,DINDIGUL,Palm Oil (Packed),60.0
2011-06-28,THIRUCHIRAPALLI,Palm Oil (Packed),60.0
2011-06-28,HYDERABAD,Palm Oil (Packed),62.0
2011-06-29,BENGALURU,Palm Oil (Packed),62.0
2011-06-29,DHARWAD,Palm Oil (Packed),62.0
2011-06-29,T.PURAM,Palm Oil (Packed),71.0
2011-06-29,ERNAKULAM,Palm Oil (Packed),68.0
2011-06-29,CHENNAI,Palm Oil (Packed),58.0
2011-06-29,DINDIGUL,Palm Oil (Packed),60.0
2011-06-29,THIRUCHIRAPALLI,Palm Oil (Packed),60.0
2011-06-29,HYDERABAD,Palm Oil (Packed),61.0
2011-06-30,BENGALURU,Palm Oil (Packed),62.0
2011-06-30,DHARWAD,Palm Oil (Packed),63.0
2011-06-30,T.PURAM,Palm Oil (Packed),71.0
2011-06-30,ERNAKULAM,Palm Oil (Packed),68.0
2011-06-30,CHENNAI,Palm Oil (Packed),56.0
2011-06-30,DINDIGUL,Palm Oil (Packed),60.0
2011-06-30,THIRUCHIRAPALLI,Palm Oil (Packed),57.0
2011-06-30,HYDERABAD,Palm Oil (Packed),61.0
2011-07-01,BENGALURU,Palm Oil (Packed),61.0
2011-07-01,DHARWAD,Palm Oil (Packed),63.0
2011-07-01,T.PURAM,Palm Oil (Packed),71.0
2011-07-01,ERNAKULAM,Palm Oil (Packed),68.0
2011-07-01,CHENNAI,Palm Oil (Packed),56.0
2011-07-01,DINDIGUL,Palm Oil (Packed),60.0
2011-07-01,THIRUCHIRAPALLI,Palm Oil (Packed),57.0
2011-07-01,HYDERABAD,Palm Oil (Packed),62.0
2011-07-04,BENGALURU,Palm Oil (Packed),61.0
2011-07-04,DHARWAD,Palm Oil (Packed),63.0
2011-07-04,T.PURAM,Palm Oil (Packed),
2011-07-04,ERNAKULAM,Palm Oil (Packed),68.0
2011-07-04,CHENNAI,Palm Oil (Packed),56.0
2011-07-04,DINDIGUL,Palm Oil (Packed),59.0
2011-07-04,THIRUCHIRAPALLI,Palm Oil (Packed),
2011-07-04,HYDERABAD,Palm Oil (Packed),62.0
2011-07-05,BENGALURU,Palm Oil (Packed),61.0
2011-07-05,DHARWAD,Palm Oil (Packed),63.0
2011-07-05,T.PURAM,Palm Oil (Packed),
2011-07-05,ERNAKULAM,Palm Oil (Packed),
2011-07-05,CHENNAI,Palm Oil (Packed),56.0
2011-07-05,DINDIGUL,Palm Oil (Packed),59.0
2011-07-05,THIRUCHIRAPALLI,Palm Oil (Packed),57.0
2011-07-05,HYDERABAD,Palm Oil (Packed),60.0
2011-07-06,BENGALURU,Palm Oil (Packed),61.0
2011-07-06,DHARWAD,Palm Oil (Packed),63.0
2011-07-06,T.PURAM,Palm Oil (Packed),
2011-07-06,ERNAKULAM,Palm Oil (Packed),
2011-07-06,CHENNAI,Palm Oil (Packed),56.0
2011-07-06,DINDIGUL,Palm Oil (Packed),59.0
2011-07-06,THIRUCHIRAPALLI,Palm Oil (Packed),56.0
2011-07-06,HYDERABAD,Palm Oil (Packed),60.0
2011-07-07,BENGALURU,Palm Oil (Packed),61.0
2011-07-07,DHARWAD,Palm Oil (Packed),63.0
2011-07-07,T.PURAM,Palm Oil (Packed),
2011-07-07,ERNAKULAM,Palm Oil (Packed),
2011-07-07,CHENNAI,Palm Oil (Packed),56.0
2011-07-07,DINDIGUL,Palm Oil (Packed),59.0
2011-07-07,THIRUCHIRAPALLI,Palm Oil (Packed),56.0
2011-07-07,HYDERABAD,Palm Oil (Packed),60.0
2011-07-08,BENGALURU,Palm Oil (Packed),61.0
2011-07-08,DHARWAD,Palm Oil (Packed),63.0
2011-07-08,T.PURAM,Palm Oil (Packed),71.0
2011-07-08,ERNAKULAM,Palm Oil (Packed),68.0
2011-07-08,CHENNAI,Palm Oil (Packed),56.0
2011-07-08,DINDIGUL,Palm Oil (Packed),59.0
2011-07-08,THIRUCHIRAPALLI,Palm Oil (Packed),56.0
2011-07-08,HYDERABAD,Palm Oil (Packed),60.0
2011-07-11,BENGALURU,Palm Oil (Packed),61.0
2011-07-11,DHARWAD,Palm Oil (Packed),63.0
2011-07-11,T.PURAM,Palm Oil (Packed),71.0
2011-07-11,ERNAKULAM,Palm Oil (Packed),68.0
2011-07-11,CHENNAI,Palm Oil (Packed),56.0
2011-07-11,DINDIGUL,Palm Oil (Packed),59.0
2011-07-11,THIRUCHIRAPALLI,Palm Oil (Packed),56.0
2011-07-11,HYDERABAD,Palm Oil (Packed),60.0
2011-07-12,BENGALURU,Palm Oil (Packed),61.0
2011-07-12,DHARWAD,Palm Oil (Packed),61.0
2011-07-12,T.PURAM,Palm Oil (Packed),71.0
2011-07-12,ERNAKULAM,Palm Oil (Packed),68.0
2011-07-12,CHENNAI,Palm Oil (Packed),56.0
2011-07-12,DINDIGUL,Palm Oil (Packed),60.0
2011-07-12,THIRUCHIRAPALLI,Palm Oil (Packed),58.0
2011-07-12,HYDERABAD,Palm Oil (Packed),60.0
2011-07-13,BENGALURU,Palm Oil (Packed),61.0
2011-07-13,DHARWAD,Palm Oil (Packed),61.0
2011-07-13,T.PURAM,Palm Oil (Packed),68.0
2011-07-13,ERNAKULAM,Palm Oil (Packed),68.0
2011-07-13,CHENNAI,Palm Oil (Packed),58.0
2011-07-13,DINDIGUL,Palm Oil (Packed),60.0
2011-07-13,THIRUCHIRAPALLI,Palm Oil (Packed),58.0
2011-07-13,HYDERABAD,Palm Oil (Packed),60.0
2011-07-14,BENGALURU,Palm Oil (Packed),61.0
2011-07-14,DHARWAD,Palm Oil (Packed),61.0
2011-07-14,T.PURAM,Palm Oil (Packed),68.0
2011-07-14,ERNAKULAM,Palm Oil (Packed),68.0
2011-07-14,CHENNAI,Palm Oil (Packed),58.0
2011-07-14,DINDIGUL,Palm Oil (Packed),60.0
2011-07-14,THIRUCHIRAPALLI,Palm Oil (Packed),58.0
2011-07-14,HYDERABAD,Palm Oil (Packed),60.0
2011-07-15,BENGALURU,Palm Oil (Packed),61.0
2011-07-15,DHARWAD,Palm Oil (Packed),61.0
2011-07-15,T.PURAM,Palm Oil (Packed),68.0
2011-07-15,ERNAKULAM,Palm Oil (Packed),68.0
2011-07-15,CHENNAI,Palm Oil (Packed),58.0
2011-07-15,DINDIGUL,Palm Oil (Packed),60.0
2011-07-15,THIRUCHIRAPALLI,Palm Oil (Packed),58.0
2011-07-15,HYDERABAD,Palm Oil (Packed),60.0
2011-07-18,BENGALURU,Palm Oil (Packed),61.0
2011-07-18,DHARWAD,Palm Oil (Packed),61.0
2011-07-18,T.PURAM,Palm Oil (Packed),68.0
2011-07-18,ERNAKULAM,Palm Oil (Packed),68.0
2011-07-18,CHENNAI,Palm Oil (Packed),58.0
2011-07-18,DINDIGUL,Palm Oil (Packed),60.0
2011-07-18,THIRUCHIRAPALLI,Palm Oil (Packed),58.0
2011-07-18,HYDERABAD,Palm Oil (Packed),58.0
2011-07-19,BENGALURU,Palm Oil (Packed),61.0
2011-07-19,DHARWAD,Palm Oil (Packed),61.0
2011-07-19,T.PURAM,Palm Oil (Packed),68.0
2011-07-19,ERNAKULAM,Palm Oil (Packed),68.0
2011-07-19,CHENNAI,Palm Oil (Packed),59.0
2011-07-19,DINDIGUL,Palm Oil (Packed),60.0
2011-07-19,THIRUCHIRAPALLI,Palm Oil (Packed),58.0
2011-07-19,HYDERABAD,Palm Oil (Packed),58.0
2011-07-20,BENGALURU,Palm Oil (Packed),61.0
2011-07-20,DHARWAD,Palm Oil (Packed),61.0
2011-07-20,T.PURAM,Palm Oil (Packed),68.0
2011-07-20,ERNAKULAM,Palm Oil (Packed),68.0
2011-07-20,CHENNAI,Palm Oil (Packed),59.0
2011-07-20,DINDIGUL,Palm Oil (Packed),60.0
2011-07-20,THIRUCHIRAPALLI,Palm Oil (Packed),58.0
2011-07-20,HYDERABAD,Palm Oil (Packed),58.0
2011-07-21,BENGALURU,Palm Oil (Packed),61.0
2011-07-21,DHARWAD,Palm Oil (Packed),61.0
2011-07-21,T.PURAM,Palm Oil (Packed),68.0
2011-07-21,ERNAKULAM,Palm Oil (Packed),68.0
2011-07-21,CHENNAI,Palm Oil (Packed),59.0
2011-07-21,DINDIGUL,Palm Oil (Packed),60.0
2011-07-21,THIRUCHIRAPALLI,Palm Oil (Packed),58.0
2011-07-21,HYDERABAD,Palm Oil (Packed),58.0
2011-07-22,BENGALURU,Palm Oil (Packed),61.0
2011-07-22,DHARWAD,Palm Oil (Packed),61.0
2011-07-22,T.PURAM,Palm Oil (Packed),68.0
2011-07-22,ERNAKULAM,Palm Oil (Packed),68.0
2011-07-22,CHENNAI,Palm Oil (Packed),59.0
2011-07-22,DINDIGUL,Palm Oil (Packed),60.0
2011-07-22,THIRUCHIRAPALLI,Palm Oil (Packed),58.0
2011-07-22,HYDERABAD,Palm Oil (Packed),58.0
2011-07-25,BENGALURU,Palm Oil (Packed),62.0
2011-07-25,DHARWAD,Palm Oil (Packed),61.0
2011-07-25,T.PURAM,Palm Oil (Packed),68.0
2011-07-25,ERNAKULAM,Palm Oil (Packed),68.0
2011-07-25,CHENNAI,Palm Oil (Packed),59.0
2011-07-25,DINDIGUL,Palm Oil (Packed),62.0
2011-07-25,THIRUCHIRAPALLI,Palm Oil (Packed),58.0
2011-07-25,HYDERABAD,Palm Oil (Packed),58.0
2011-07-26,BENGALURU,Palm Oil (Packed),62.0
2011-07-26,DHARWAD,Palm Oil (Packed),61.0
2011-07-26,T.PURAM,Palm Oil (Packed),68.0
2011-07-26,ERNAKULAM,Palm Oil (Packed),68.0
2011-07-26,CHENNAI,Palm Oil (Packed),59.0
2011-07-26,DINDIGUL,Palm Oil (Packed),62.0
2011-07-26,THIRUCHIRAPALLI,Palm Oil (Packed),58.0
2011-07-26,HYDERABAD,Palm Oil (Packed),58.0
2011-07-27,BENGALURU,Palm Oil (Packed),62.0
2011-07-27,DHARWAD,Palm Oil (Packed),61.0
2011-07-27,T.PURAM,Palm Oil (Packed),68.0
2011-07-27,ERNAKULAM,Palm Oil (Packed),68.0
2011-07-27,CHENNAI,Palm Oil (Packed),59.0
2011-07-27,DINDIGUL,Palm Oil (Packed),62.0
2011-07-27,THIRUCHIRAPALLI,Palm Oil (Packed),58.0
2011-07-27,HYDERABAD,Palm Oil (Packed),58.0
2011-07-28,BENGALURU,Palm Oil (Packed),62.0
2011-07-28,DHARWAD,Palm Oil (Packed),61.0
2011-07-28,T.PURAM,Palm Oil (Packed),68.0
2011-07-28,ERNAKULAM,Palm Oil (Packed),68.0
2011-07-28,CHENNAI,Palm Oil (Packed),59.0
2011-07-28,DINDIGUL,Palm Oil (Packed),62.0
2011-07-28,THIRUCHIRAPALLI,Palm Oil (Packed),58.0
2011-07-28,HYDERABAD,Palm Oil (Packed),58.0
2011-07-29,BENGALURU,Palm Oil (Packed),62.0
2011-07-29,DHARWAD,Palm Oil (Packed),61.0
2011-07-29,T.PURAM,Palm Oil (Packed),68.0
2011-07-29,ERNAKULAM,Palm Oil (Packed),68.0
2011-07-29,CHENNAI,Palm Oil (Packed),59.0
2011-07-29,DINDIGUL,Palm Oil (Packed),62.0
2011-07-29,THIRUCHIRAPALLI,Palm Oil (Packed),58.0
2011-07-29,HYDERABAD,Palm Oil (Packed),58.0
2011-08-01,BENGALURU,Palm Oil (Packed),62.0
2011-08-01,DHARWAD,Palm Oil (Packed),61.0
2011-08-01,T.PURAM,Palm Oil (Packed),68.0
2011-08-01,ERNAKULAM,Palm Oil (Packed),68.0
2011-08-01,CHENNAI,Palm Oil (Packed),60.0
2011-08-01,DINDIGUL,Palm Oil (Packed),61.0
2011-08-01,THIRUCHIRAPALLI,Palm Oil (Packed),58.0
2011-08-01,HYDERABAD,Palm Oil (Packed),59.0
2011-08-02,BENGALURU,Palm Oil (Packed),62.0
2011-08-02,DHARWAD,Palm Oil (Packed),61.0
2011-08-02,T.PURAM,Palm Oil (Packed),68.0
2011-08-02,ERNAKULAM,Palm Oil (Packed),68.0
2011-08-02,CHENNAI,Palm Oil (Packed),60.0
2011-08-02,DINDIGUL,Palm Oil (Packed),61.0
2011-08-02,THIRUCHIRAPALLI,Palm Oil (Packed),60.0
2011-08-02,HYDERABAD,Palm Oil (Packed),59.0
2011-08-03,BENGALURU,Palm Oil (Packed),62.0
2011-08-03,DHARWAD,Palm Oil (Packed),61.0
2011-08-03,T.PURAM,Palm Oil (Packed),68.0
2011-08-03,ERNAKULAM,Palm Oil (Packed),68.0
2011-08-03,CHENNAI,Palm Oil (Packed),60.0
2011-08-03,DINDIGUL,Palm Oil (Packed),61.0
2011-08-03,THIRUCHIRAPALLI,Palm Oil (Packed),60.0
2011-08-03,HYDERABAD,Palm Oil (Packed),59.0
2011-08-04,BENGALURU,Palm Oil (Packed),62.0
2011-08-04,DHARWAD,Palm Oil (Packed),61.0
2011-08-04,T.PURAM,Palm Oil (Packed),68.0
2011-08-04,ERNAKULAM,Palm Oil (Packed),68.0
2011-08-04,CHENNAI,Palm Oil (Packed),60.0
2011-08-04,DINDIGUL,Palm Oil (Packed),61.0
2011-08-04,THIRUCHIRAPALLI,Palm Oil (Packed),60.0
2011-08-04,HYDERABAD,Palm Oil (Packed),59.0
2011-08-05,BENGALURU,Palm Oil (Packed),62.0
2011-08-05,DHARWAD,Palm Oil (Packed),61.0
2011-08-05,T.PURAM,Palm Oil (Packed),68.0
2011-08-05,ERNAKULAM,Palm Oil (Packed),68.0
2011-08-05,CHENNAI,Palm Oil (Packed),60.0
2011-08-05,DINDIGUL,Palm Oil (Packed),61.0
2011-08-05,THIRUCHIRAPALLI,Palm Oil (Packed),60.0
2011-08-05,HYDERABAD,Palm Oil (Packed),59.0
2011-08-08,BENGALURU,Palm Oil (Packed),62.0
2011-08-08,DHARWAD,Palm Oil (Packed),61.0
2011-08-08,T.PURAM,Palm Oil (Packed),68.0
2011-08-08,ERNAKULAM,Palm Oil (Packed),68.0
2011-08-08,CHENNAI,Palm Oil (Packed),60.0
2011-08-08,DINDIGUL,Palm Oil (Packed),61.0
2011-08-08,THIRUCHIRAPALLI,Palm Oil (Packed),60.0
2011-08-08,HYDERABAD,Palm Oil (Packed),59.0
2011-08-09,BENGALURU,Palm Oil (Packed),62.0
2011-08-09,DHARWAD,Palm Oil (Packed),61.0
2011-08-09,T.PURAM,Palm Oil (Packed),68.0
2011-08-09,ERNAKULAM,Palm Oil (Packed),68.0
2011-08-09,CHENNAI,Palm Oil (Packed),60.0
2011-08-09,DINDIGUL,Palm Oil (Packed),61.0
2011-08-09,THIRUCHIRAPALLI,Palm Oil (Packed),60.0
2011-08-09,HYDERABAD,Palm Oil (Packed),59.0
2011-08-10,BENGALURU,Palm Oil (Packed),64.0
2011-08-10,DHARWAD,Palm Oil (Packed),61.0
2011-08-10,T.PURAM,Palm Oil (Packed),68.0
2011-08-10,ERNAKULAM,Palm Oil (Packed),68.0
2011-08-10,CHENNAI,Palm Oil (Packed),60.0
2011-08-10,DINDIGUL,Palm Oil (Packed),61.0
2011-08-10,THIRUCHIRAPALLI,Palm Oil (Packed),61.0
2011-08-10,HYDERABAD,Palm Oil (Packed),59.0
2011-08-11,BENGALURU,Palm Oil (Packed),64.0
2011-08-11,DHARWAD,Palm Oil (Packed),61.0
2011-08-11,T.PURAM,Palm Oil (Packed),68.0
2011-08-11,ERNAKULAM,Palm Oil (Packed),68.0
2011-08-11,CHENNAI,Palm Oil (Packed),60.0
2011-08-11,DINDIGUL,Palm Oil (Packed),61.0
2011-08-11,THIRUCHIRAPALLI,Palm Oil (Packed),61.0
2011-08-11,HYDERABAD,Palm Oil (Packed),59.0
2011-08-12,BENGALURU,Palm Oil (Packed),64.0
2011-08-12,DHARWAD,Palm Oil (Packed),61.0
2011-08-12,T.PURAM,Palm Oil (Packed),68.0
2011-08-12,ERNAKULAM,Palm Oil (Packed),68.0
2011-08-12,CHENNAI,Palm Oil (Packed),60.0
2011-08-12,DINDIGUL,Palm Oil (Packed),61.0
2011-08-12,THIRUCHIRAPALLI,Palm Oil (Packed),61.0
2011-08-12,HYDERABAD,Palm Oil (Packed),59.0
2011-08-16,BENGALURU,Palm Oil (Packed),64.0
2011-08-16,DHARWAD,Palm Oil (Packed),61.0
2011-08-16,T.PURAM,Palm Oil (Packed),68.0
2011-08-16,ERNAKULAM,Palm Oil (Packed),68.0
2011-08-16,CHENNAI,Palm Oil (Packed),60.0
2011-08-16,DINDIGUL,Palm Oil (Packed),61.0
2011-08-16,THIRUCHIRAPALLI,Palm Oil (Packed),61.0
2011-08-16,HYDERABAD,Palm Oil (Packed),59.0
2011-08-17,BENGALURU,Palm Oil (Packed),64.0
2011-08-17,DHARWAD,Palm Oil (Packed),61.0
2011-08-17,T.PURAM,Palm Oil (Packed),68.0
2011-08-17,ERNAKULAM,Palm Oil (Packed),68.0
2011-08-17,CHENNAI,Palm Oil (Packed),60.0
2011-08-17,DINDIGUL,Palm Oil (Packed),61.0
2011-08-17,THIRUCHIRAPALLI,Palm Oil (Packed),62.0
2011-08-17,HYDERABAD,Palm Oil (Packed),59.0
2011-08-18,BENGALURU,Palm Oil (Packed),64.0
2011-08-18,DHARWAD,Palm Oil (Packed),61.0
2011-08-18,T.PURAM,Palm Oil (Packed),68.0
2011-08-18,ERNAKULAM,Palm Oil (Packed),67.0
2011-08-18,CHENNAI,Palm Oil (Packed),60.0
2011-08-18,DINDIGUL,Palm Oil (Packed),61.0
2011-08-18,THIRUCHIRAPALLI,Palm Oil (Packed),62.0
2011-08-18,HYDERABAD,Palm Oil (Packed),59.0
2011-08-19,BENGALURU,Palm Oil (Packed),64.0
2011-08-19,DHARWAD,Palm Oil (Packed),61.0
2011-08-19,T.PURAM,Palm Oil (Packed),68.0
2011-08-19,ERNAKULAM,Palm Oil (Packed),67.0
2011-08-19,CHENNAI,Palm Oil (Packed),60.0
2011-08-19,DINDIGUL,Palm Oil (Packed),63.0
2011-08-19,THIRUCHIRAPALLI,Palm Oil (Packed),62.0
2011-08-19,HYDERABAD,Palm Oil (Packed),59.0
2011-08-23,BENGALURU,Palm Oil (Packed),64.0
2011-08-23,DHARWAD,Palm Oil (Packed),61.0
2011-08-23,T.PURAM,Palm Oil (Packed),68.0
2011-08-23,ERNAKULAM,Palm Oil (Packed),67.0
2011-08-23,CHENNAI,Palm Oil (Packed),60.0
2011-08-23,DINDIGUL,Palm Oil (Packed),63.0
2011-08-23,THIRUCHIRAPALLI,Palm Oil (Packed),62.0
2011-08-23,HYDERABAD,Palm Oil (Packed),59.0
2011-08-24,BENGALURU,Palm Oil (Packed),64.0
2011-08-24,DHARWAD,Palm Oil (Packed),61.0
2011-08-24,T.PURAM,Palm Oil (Packed),68.0
2011-08-24,ERNAKULAM,Palm Oil (Packed),67.0
2011-08-24,CHENNAI,Palm Oil (Packed),60.0
2011-08-24,DINDIGUL,Palm Oil (Packed),63.0
2011-08-24,THIRUCHIRAPALLI,Palm Oil (Packed),62.0
2011-08-24,HYDERABAD,Palm Oil (Packed),59.0
2011-08-25,BENGALURU,Palm Oil (Packed),64.0
2011-08-25,DHARWAD,Palm Oil (Packed),61.0
2011-08-25,T.PURAM,Palm Oil (Packed),68.0
2011-08-25,ERNAKULAM,Palm Oil (Packed),
2011-08-25,CHENNAI,Palm Oil (Packed),61.0
2011-08-25,DINDIGUL,Palm Oil (Packed),65.0
2011-08-25,THIRUCHIRAPALLI,Palm Oil (Packed),62.0
2011-08-25,HYDERABAD,Palm Oil (Packed),59.0
2011-08-26,BENGALURU,Palm Oil (Packed),64.0
2011-08-26,DHARWAD,Palm Oil (Packed),61.0
2011-08-26,T.PURAM,Palm Oil (Packed),68.0
2011-08-26,ERNAKULAM,Palm Oil (Packed),67.0
2011-08-26,CHENNAI,Palm Oil (Packed),61.0
2011-08-26,DINDIGUL,Palm Oil (Packed),65.0
2011-08-26,THIRUCHIRAPALLI,Palm Oil (Packed),62.0
2011-08-26,HYDERABAD,Palm Oil (Packed),59.0
2011-08-29,BENGALURU,Palm Oil (Packed),64.0
2011-08-29,DHARWAD,Palm Oil (Packed),61.0
2011-08-29,T.PURAM,Palm Oil (Packed),68.0
2011-08-29,ERNAKULAM,Palm Oil (Packed),67.0
2011-08-29,CHENNAI,Palm Oil (Packed),61.0
2011-08-29,DINDIGUL,Palm Oil (Packed),64.0
2011-08-29,THIRUCHIRAPALLI,Palm Oil (Packed),62.0
2011-08-29,HYDERABAD,Palm Oil (Packed),59.0
2011-08-30,BENGALURU,Palm Oil (Packed),64.0
2011-08-30,DHARWAD,Palm Oil (Packed),61.0
2011-08-30,T.PURAM,Palm Oil (Packed),68.0
2011-08-30,ERNAKULAM,Palm Oil (Packed),67.0
2011-08-30,CHENNAI,Palm Oil (Packed),61.0
2011-08-30,DINDIGUL,Palm Oil (Packed),64.0
2011-08-30,THIRUCHIRAPALLI,Palm Oil (Packed),63.0
2011-08-30,HYDERABAD,Palm Oil (Packed),59.0
2011-09-01,BENGALURU,Palm Oil (Packed),64.0
2011-09-01,DHARWAD,Palm Oil (Packed),61.0
2011-09-01,T.PURAM,Palm Oil (Packed),68.0
2011-09-01,ERNAKULAM,Palm Oil (Packed),67.0
2011-09-01,CHENNAI,Palm Oil (Packed),61.0
2011-09-01,DINDIGUL,Palm Oil (Packed),64.0
2011-09-01,THIRUCHIRAPALLI,Palm Oil (Packed),63.0
2011-09-01,HYDERABAD,Palm Oil (Packed),59.0
2011-09-02,BENGALURU,Palm Oil (Packed),64.0
2011-09-02,DHARWAD,Palm Oil (Packed),61.0
2011-09-02,T.PURAM,Palm Oil (Packed),68.0
2011-09-02,ERNAKULAM,Palm Oil (Packed),67.0
2011-09-02,CHENNAI,Palm Oil (Packed),61.0
2011-09-02,DINDIGUL,Palm Oil (Packed),64.0
2011-09-02,THIRUCHIRAPALLI,Palm Oil (Packed),63.0
2011-09-02,HYDERABAD,Palm Oil (Packed),59.0
2011-09-05,BENGALURU,Palm Oil (Packed),64.0
2011-09-05,DHARWAD,Palm Oil (Packed),61.0
2011-09-05,T.PURAM,Palm Oil (Packed),68.0
2011-09-05,ERNAKULAM,Palm Oil (Packed),67.0
2011-09-05,CHENNAI,Palm Oil (Packed),61.0
2011-09-05,DINDIGUL,Palm Oil (Packed),64.0
2011-09-05,THIRUCHIRAPALLI,Palm Oil (Packed),63.0
2011-09-05,HYDERABAD,Palm Oil (Packed),59.0
2011-09-06,BENGALURU,Palm Oil (Packed),64.0
2011-09-06,DHARWAD,Palm Oil (Packed),61.0
2011-09-06,T.PURAM,Palm Oil (Packed),68.0
2011-09-06,ERNAKULAM,Palm Oil (Packed),67.0
2011-09-06,CHENNAI,Palm Oil (Packed),61.0
2011-09-06,DINDIGUL,Palm Oil (Packed),64.0
2011-09-06,THIRUCHIRAPALLI,Palm Oil (Packed),63.0
2011-09-06,HYDERABAD,Palm Oil (Packed),59.0
2011-09-07,BENGALURU,Palm Oil (Packed),64.0
2011-09-07,DHARWAD,Palm Oil (Packed),61.0
2011-09-07,T.PURAM,Palm Oil (Packed),68.0
2011-09-07,ERNAKULAM,Palm Oil (Packed),67.0
2011-09-07,CHENNAI,Palm Oil (Packed),61.0
2011-09-07,DINDIGUL,Palm Oil (Packed),64.0
2011-09-07,THIRUCHIRAPALLI,Palm Oil (Packed),62.0
2011-09-07,HYDERABAD,Palm Oil (Packed),59.0
2011-09-08,BENGALURU,Palm Oil (Packed),64.0
2011-09-08,DHARWAD,Palm Oil (Packed),61.0
2011-09-08,T.PURAM,Palm Oil (Packed),68.0
2011-09-08,ERNAKULAM,Palm Oil (Packed),67.0
2011-09-08,CHENNAI,Palm Oil (Packed),61.0
2011-09-08,DINDIGUL,Palm Oil (Packed),64.0
2011-09-08,THIRUCHIRAPALLI,Palm Oil (Packed),62.0
2011-09-08,HYDERABAD,Palm Oil (Packed),59.0
2011-09-09,BENGALURU,Palm Oil (Packed),64.0
2011-09-09,DHARWAD,Palm Oil (Packed),61.0
2011-09-09,T.PURAM,Palm Oil (Packed),68.0
2011-09-09,ERNAKULAM,Palm Oil (Packed),67.0
2011-09-09,CHENNAI,Palm Oil (Packed),61.0
2011-09-09,DINDIGUL,Palm Oil (Packed),64.0
2011-09-09,THIRUCHIRAPALLI,Palm Oil (Packed),62.0
2011-09-09,HYDERABAD,Palm Oil (Packed),59.0
2011-09-12,BENGALURU,Palm Oil (Packed),64.0
2011-09-12,DHARWAD,Palm Oil (Packed),61.0
2011-09-12,T.PURAM,Palm Oil (Packed),68.0
2011-09-12,ERNAKULAM,Palm Oil (Packed),67.0
2011-09-12,CHENNAI,Palm Oil (Packed),62.0
2011-09-12,DINDIGUL,Palm Oil (Packed),64.0
2011-09-12,THIRUCHIRAPALLI,Palm Oil (Packed),62.0
2011-09-12,HYDERABAD,Palm Oil (Packed),59.0
2011-09-13,BENGALURU,Palm Oil (Packed),64.0
2011-09-13,DHARWAD,Palm Oil (Packed),61.0
2011-09-13,T.PURAM,Palm Oil (Packed),68.0
2011-09-13,ERNAKULAM,Palm Oil (Packed),67.0
2011-09-13,CHENNAI,Palm Oil (Packed),62.0
2011-09-13,DINDIGUL,Palm Oil (Packed),64.0
2011-09-13,THIRUCHIRAPALLI,Palm Oil (Packed),62.0
2011-09-13,HYDERABAD,Palm Oil (Packed),59.0
2011-09-14,BENGALURU,Palm Oil (Packed),64.0
2011-09-14,DHARWAD,Palm Oil (Packed),61.0
2011-09-14,T.PURAM,Palm Oil (Packed),68.0
2011-09-14,ERNAKULAM,Palm Oil (Packed),67.0
2011-09-14,CHENNAI,Palm Oil (Packed),62.0
2011-09-14,DINDIGUL,Palm Oil (Packed),65.0
2011-09-14,THIRUCHIRAPALLI,Palm Oil (Packed),62.0
2011-09-14,HYDERABAD,Palm Oil (Packed),59.0
2011-09-15,BENGALURU,Palm Oil (Packed),64.0
2011-09-15,DHARWAD,Palm Oil (Packed),61.0
2011-09-15,T.PURAM,Palm Oil (Packed),68.0
2011-09-15,ERNAKULAM,Palm Oil (Packed),67.0
2011-09-15,CHENNAI,Palm Oil (Packed),62.0
2011-09-15,DINDIGUL,Palm Oil (Packed),63.0
2011-09-15,THIRUCHIRAPALLI,Palm Oil (Packed),62.0
2011-09-15,HYDERABAD,Palm Oil (Packed),59.0
2011-09-16,BENGALURU,Palm Oil (Packed),64.0
2011-09-16,DHARWAD,Palm Oil (Packed),61.0
2011-09-16,T.PURAM,Palm Oil (Packed),68.0
2011-09-16,ERNAKULAM,Palm Oil (Packed),67.0
2011-09-16,CHENNAI,Palm Oil (Packed),62.0
2011-09-16,DINDIGUL,Palm Oil (Packed),63.0
2011-09-16,THIRUCHIRAPALLI,Palm Oil (Packed),62.0
2011-09-16,HYDERABAD,Palm Oil (Packed),59.0
2011-09-19,BENGALURU,Palm Oil (Packed),64.0
2011-09-19,DHARWAD,Palm Oil (Packed),61.0
2011-09-19,T.PURAM,Palm Oil (Packed),68.0
2011-09-19,ERNAKULAM,Palm Oil (Packed),67.0
2011-09-19,CHENNAI,Palm Oil (Packed),62.0
2011-09-19,DINDIGUL,Palm Oil (Packed),63.0
2011-09-19,THIRUCHIRAPALLI,Palm Oil (Packed),62.0
2011-09-19,HYDERABAD,Palm Oil (Packed),59.0
2011-09-20,BENGALURU,Palm Oil (Packed),64.0
2011-09-20,DHARWAD,Palm Oil (Packed),61.0
2011-09-20,T.PURAM,Palm Oil (Packed),68.0
2011-09-20,ERNAKULAM,Palm Oil (Packed),67.0
2011-09-20,CHENNAI,Palm Oil (Packed),62.0
2011-09-20,DINDIGUL,Palm Oil (Packed),63.0
2011-09-20,THIRUCHIRAPALLI,Palm Oil (Packed),62.0
2011-09-20,HYDERABAD,Palm Oil (Packed),64.0
2011-09-21,BENGALURU,Palm Oil (Packed),64.0
2011-09-21,DHARWAD,Palm Oil (Packed),61.0
2011-09-21,T.PURAM,Palm Oil (Packed),68.0
2011-09-21,ERNAKULAM,Palm Oil (Packed),67.0
2011-09-21,CHENNAI,Palm Oil (Packed),62.0
2011-09-21,DINDIGUL,Palm Oil (Packed),63.0
2011-09-21,THIRUCHIRAPALLI,Palm Oil (Packed),63.0
2011-09-21,HYDERABAD,Palm Oil (Packed),64.0
2011-09-22,BENGALURU,Palm Oil (Packed),64.0
2011-09-22,DHARWAD,Palm Oil (Packed),61.0
2011-09-22,T.PURAM,Palm Oil (Packed),68.0
2011-09-22,ERNAKULAM,Palm Oil (Packed),67.0
2011-09-22,CHENNAI,Palm Oil (Packed),62.0
2011-09-22,DINDIGUL,Palm Oil (Packed),63.0
2011-09-22,THIRUCHIRAPALLI,Palm Oil (Packed),63.0
2011-09-22,HYDERABAD,Palm Oil (Packed),64.0
2011-09-23,BENGALURU,Palm Oil (Packed),64.0
2011-09-23,DHARWAD,Palm Oil (Packed),61.0
2011-09-23,T.PURAM,Palm Oil (Packed),68.0
2011-09-23,ERNAKULAM,Palm Oil (Packed),67.0
2011-09-23,CHENNAI,Palm Oil (Packed),62.0
2011-09-23,DINDIGUL,Palm Oil (Packed),63.0
2011-09-23,THIRUCHIRAPALLI,Palm Oil (Packed),63.0
2011-09-23,HYDERABAD,Palm Oil (Packed),64.0
2011-09-26,BENGALURU,Palm Oil (Packed),64.0
2011-09-26,DHARWAD,Palm Oil (Packed),61.0
2011-09-26,T.PURAM,Palm Oil (Packed),68.0
2011-09-26,ERNAKULAM,Palm Oil (Packed),67.0
2011-09-26,CHENNAI,Palm Oil (Packed),62.0
2011-09-26,DINDIGUL,Palm Oil (Packed),63.0
2011-09-26,THIRUCHIRAPALLI,Palm Oil (Packed),63.0
2011-09-26,HYDERABAD,Palm Oil (Packed),64.0
2011-09-27,BENGALURU,Palm Oil (Packed),64.0
2011-09-27,DHARWAD,Palm Oil (Packed),61.0
2011-09-27,T.PURAM,Palm Oil (Packed),68.0
2011-09-27,ERNAKULAM,Palm Oil (Packed),67.0
2011-09-27,CHENNAI,Palm Oil (Packed),62.0
2011-09-27,DINDIGUL,Palm Oil (Packed),63.0
2011-09-27,THIRUCHIRAPALLI,Palm Oil (Packed),63.0
2011-09-27,HYDERABAD,Palm Oil (Packed),64.0
2011-09-28,BENGALURU,Palm Oil (Packed),64.0
2011-09-28,DHARWAD,Palm Oil (Packed),61.0
2011-09-28,T.PURAM,Palm Oil (Packed),68.0
2011-09-28,ERNAKULAM,Palm Oil (Packed),67.0
2011-09-28,CHENNAI,Palm Oil (Packed),60.0
2011-09-28,DINDIGUL,Palm Oil (Packed),63.0
2011-09-28,THIRUCHIRAPALLI,Palm Oil (Packed),63.0
2011-09-28,HYDERABAD,Palm Oil (Packed),64.0
2011-09-29,BENGALURU,Palm Oil (Packed),65.0
2011-09-29,DHARWAD,Palm Oil (Packed),62.0
2011-09-29,T.PURAM,Palm Oil (Packed),68.0
2011-09-29,ERNAKULAM,Palm Oil (Packed),67.0
2011-09-29,CHENNAI,Palm Oil (Packed),60.0
2011-09-29,DINDIGUL,Palm Oil (Packed),65.0
2011-09-29,THIRUCHIRAPALLI,Palm Oil (Packed),63.0
2011-09-29,HYDERABAD,Palm Oil (Packed),64.0
2011-09-30,BENGALURU,Palm Oil (Packed),65.0
2011-09-30,DHARWAD,Palm Oil (Packed),62.0
2011-09-30,T.PURAM,Palm Oil (Packed),68.0
2011-09-30,ERNAKULAM,Palm Oil (Packed),67.0
2011-09-30,CHENNAI,Palm Oil (Packed),60.0
2011-09-30,DINDIGUL,Palm Oil (Packed),63.0
2011-09-30,THIRUCHIRAPALLI,Palm Oil (Packed),63.0
2011-09-30,HYDERABAD,Palm Oil (Packed),63.0
2011-10-03,BENGALURU,Palm Oil (Packed),65.0
2011-10-03,DHARWAD,Palm Oil (Packed),62.0
2011-10-03,T.PURAM,Palm Oil (Packed),68.0
2011-10-03,ERNAKULAM,Palm Oil (Packed),67.0
2011-10-03,CHENNAI,Palm Oil (Packed),59.0
2011-10-03,DINDIGUL,Palm Oil (Packed),63.0
2011-10-03,THIRUCHIRAPALLI,Palm Oil (Packed),63.0
2011-10-03,HYDERABAD,Palm Oil (Packed),61.0
2011-10-04,BENGALURU,Palm Oil (Packed),65.0
2011-10-04,DHARWAD,Palm Oil (Packed),62.0
2011-10-04,T.PURAM,Palm Oil (Packed),68.0
2011-10-04,ERNAKULAM,Palm Oil (Packed),67.0
2011-10-04,CHENNAI,Palm Oil (Packed),59.0
2011-10-04,DINDIGUL,Palm Oil (Packed),63.0
2011-10-04,THIRUCHIRAPALLI,Palm Oil (Packed),63.0
2011-10-04,HYDERABAD,Palm Oil (Packed),61.0
2011-10-05,BENGALURU,Palm Oil (Packed),65.0
2011-10-05,DHARWAD,Palm Oil (Packed),62.0
2011-10-05,T.PURAM,Palm Oil (Packed),68.0
2011-10-05,ERNAKULAM,Palm Oil (Packed),67.0
2011-10-05,CHENNAI,Palm Oil (Packed),59.0
2011-10-05,DINDIGUL,Palm Oil (Packed),63.0
2011-10-05,THIRUCHIRAPALLI,Palm Oil (Packed),63.0
2011-10-05,HYDERABAD,Palm Oil (Packed),61.0
2011-10-07,BENGALURU,Palm Oil (Packed),65.0
2011-10-07,DHARWAD,Palm Oil (Packed),62.0
2011-10-07,T.PURAM,Palm Oil (Packed),
2011-10-07,ERNAKULAM,Palm Oil (Packed),
2011-10-07,CHENNAI,Palm Oil (Packed),59.0
2011-10-07,DINDIGUL,Palm Oil (Packed),63.0
2011-10-07,THIRUCHIRAPALLI,Palm Oil (Packed),63.0
2011-10-07,HYDERABAD,Palm Oil (Packed),61.0
2011-10-10,BENGALURU,Palm Oil (Packed),
2011-10-10,DHARWAD,Palm Oil (Packed),
2011-10-10,T.PURAM,Palm Oil (Packed),68.0
2011-10-10,ERNAKULAM,Palm Oil (Packed),67.0
2011-10-10,CHENNAI,Palm Oil (Packed),58.0
2011-10-10,DINDIGUL,Palm Oil (Packed),63.0
2011-10-10,THIRUCHIRAPALLI,Palm Oil (Packed),63.0
2011-10-10,HYDERABAD,Palm Oil (Packed),61.0
2011-10-11,BENGALURU,Palm Oil (Packed),
2011-10-11,DHARWAD,Palm Oil (Packed),
2011-10-11,T.PURAM,Palm Oil (Packed),68.0
2011-10-11,ERNAKULAM,Palm Oil (Packed),67.0
2011-10-11,CHENNAI,Palm Oil (Packed),58.0
2011-10-11,DINDIGUL,Palm Oil (Packed),63.0
2011-10-11,THIRUCHIRAPALLI,Palm Oil (Packed),63.0
2011-10-11,HYDERABAD,Palm Oil (Packed),61.0
2011-10-12,BENGALURU,Palm Oil (Packed),
2011-10-12,DHARWAD,Palm Oil (Packed),
2011-10-12,T.PURAM,Palm Oil (Packed),
2011-10-12,ERNAKULAM,Palm Oil (Packed),
2011-10-12,CHENNAI,Palm Oil (Packed),58.0
2011-10-12,DINDIGUL,Palm Oil (Packed),63.0
2011-10-12,THIRUCHIRAPALLI,Palm Oil (Packed),63.0
2011-10-12,HYDERABAD,Palm Oil (Packed),61.0
2011-10-13,BENGALURU,Palm Oil (Packed),
2011-10-13,DHARWAD,Palm Oil (Packed),
2011-10-13,T.PURAM,Palm Oil (Packed),68.0
2011-10-13,ERNAKULAM,Palm Oil (Packed),67.0
2011-10-13,CHENNAI,Palm Oil (Packed),58.0
2011-10-13,DINDIGUL,Palm Oil (Packed),63.0
2011-10-13,THIRUCHIRAPALLI,Palm Oil (Packed),63.0
2011-10-13,HYDERABAD,Palm Oil (Packed),61.0
2011-10-14,BENGALURU,Palm Oil (Packed),
2011-10-14,DHARWAD,Palm Oil (Packed),
2011-10-14,T.PURAM,Palm Oil (Packed),68.0
2011-10-14,ERNAKULAM,Palm Oil (Packed),67.0
2011-10-14,CHENNAI,Palm Oil (Packed),58.0
2011-10-14,DINDIGUL,Palm Oil (Packed),63.0
2011-10-14,THIRUCHIRAPALLI,Palm Oil (Packed),63.0
2011-10-14,HYDERABAD,Palm Oil (Packed),61.0
2011-10-17,BENGALURU,Palm Oil (Packed),
2011-10-17,DHARWAD,Palm Oil (Packed),
2011-10-17,T.PURAM,Palm Oil (Packed),68.0
2011-10-17,ERNAKULAM,Palm Oil (Packed),67.0
2011-10-17,CHENNAI,Palm Oil (Packed),
2011-10-17,DINDIGUL,Palm Oil (Packed),63.0
2011-10-17,THIRUCHIRAPALLI,Palm Oil (Packed),
2011-10-17,HYDERABAD,Palm Oil (Packed),61.0
2011-10-18,BENGALURU,Palm Oil (Packed),61.0
2011-10-18,DHARWAD,Palm Oil (Packed),62.0
2011-10-18,T.PURAM,Palm Oil (Packed),68.0
2011-10-18,ERNAKULAM,Palm Oil (Packed),67.0
2011-10-18,CHENNAI,Palm Oil (Packed),57.0
2011-10-18,DINDIGUL,Palm Oil (Packed),63.0
2011-10-18,THIRUCHIRAPALLI,Palm Oil (Packed),62.0
2011-10-18,HYDERABAD,Palm Oil (Packed),61.0
2011-10-19,BENGALURU,Palm Oil (Packed),
2011-10-19,DHARWAD,Palm Oil (Packed),
2011-10-19,T.PURAM,Palm Oil (Packed),71.0
2011-10-19,ERNAKULAM,Palm Oil (Packed),67.0
2011-10-19,CHENNAI,Palm Oil (Packed),56.0
2011-10-19,DINDIGUL,Palm Oil (Packed),63.0
2011-10-19,THIRUCHIRAPALLI,Palm Oil (Packed),60.0
2011-10-19,HYDERABAD,Palm Oil (Packed),61.0
2011-10-20,BENGALURU,Palm Oil (Packed),61.0
2011-10-20,DHARWAD,Palm Oil (Packed),62.0
2011-10-20,T.PURAM,Palm Oil (Packed),71.0
2011-10-20,ERNAKULAM,Palm Oil (Packed),
2011-10-20,CHENNAI,Palm Oil (Packed),56.0
2011-10-20,DINDIGUL,Palm Oil (Packed),61.0
2011-10-20,THIRUCHIRAPALLI,Palm Oil (Packed),60.0
2011-10-20,HYDERABAD,Palm Oil (Packed),61.0
2011-10-21,BENGALURU,Palm Oil (Packed),59.0
2011-10-21,DHARWAD,Palm Oil (Packed),62.0
2011-10-21,T.PURAM,Palm Oil (Packed),71.0
2011-10-21,ERNAKULAM,Palm Oil (Packed),67.0
2011-10-21,CHENNAI,Palm Oil (Packed),56.0
2011-10-21,DINDIGUL,Palm Oil (Packed),61.0
2011-10-21,THIRUCHIRAPALLI,Palm Oil (Packed),58.0
2011-10-21,HYDERABAD,Palm Oil (Packed),61.0
2011-10-24,BENGALURU,Palm Oil (Packed),60.0
2011-10-24,DHARWAD,Palm Oil (Packed),62.0
2011-10-24,T.PURAM,Palm Oil (Packed),71.0
2011-10-24,ERNAKULAM,Palm Oil (Packed),67.0
2011-10-24,CHENNAI,Palm Oil (Packed),56.0
2011-10-24,DINDIGUL,Palm Oil (Packed),61.0
2011-10-24,THIRUCHIRAPALLI,Palm Oil (Packed),58.0
2011-10-24,HYDERABAD,Palm Oil (Packed),61.0
2011-10-25,BENGALURU,Palm Oil (Packed),
2011-10-25,DHARWAD,Palm Oil (Packed),
2011-10-25,T.PURAM,Palm Oil (Packed),72.0
2011-10-25,ERNAKULAM,Palm Oil (Packed),67.0
2011-10-25,CHENNAI,Palm Oil (Packed),56.0
2011-10-25,DINDIGUL,Palm Oil (Packed),61.0
2011-10-25,THIRUCHIRAPALLI,Palm Oil (Packed),58.0
2011-10-25,HYDERABAD,Palm Oil (Packed),61.0
2011-10-27,BENGALURU,Palm Oil (Packed),60.0
2011-10-27,DHARWAD,Palm Oil (Packed),62.0
2011-10-27,T.PURAM,Palm Oil (Packed),72.0
2011-10-27,ERNAKULAM,Palm Oil (Packed),67.0
2011-10-27,CHENNAI,Palm Oil (Packed),56.0
2011-10-27,DINDIGUL,Palm Oil (Packed),61.0
2011-10-27,THIRUCHIRAPALLI,Palm Oil (Packed),
2011-10-27,HYDERABAD,Palm Oil (Packed),61.0
2011-10-28,BENGALURU,Palm Oil (Packed),60.0
2011-10-28,DHARWAD,Palm Oil (Packed),62.0
2011-10-28,T.PURAM,Palm Oil (Packed),72.0
2011-10-28,ERNAKULAM,Palm Oil (Packed),67.0
2011-10-28,CHENNAI,Palm Oil (Packed),57.0
2011-10-28,DINDIGUL,Palm Oil (Packed),60.0
2011-10-28,THIRUCHIRAPALLI,Palm Oil (Packed),58.0
2011-10-28,HYDERABAD,Palm Oil (Packed),61.0
2011-10-31,BENGALURU,Palm Oil (Packed),60.0
2011-10-31,DHARWAD,Palm Oil (Packed),62.0
2011-10-31,T.PURAM,Palm Oil (Packed),72.0
2011-10-31,ERNAKULAM,Palm Oil (Packed),67.0
2011-10-31,CHENNAI,Palm Oil (Packed),56.0
2011-10-31,DINDIGUL,Palm Oil (Packed),58.0
2011-10-31,THIRUCHIRAPALLI,Palm Oil (Packed),58.0
2011-10-31,HYDERABAD,Palm Oil (Packed),61.0
2011-11-01,BENGALURU,Palm Oil (Packed),60.0
2011-11-01,DHARWAD,Palm Oil (Packed),62.0
2011-11-01,T.PURAM,Palm Oil (Packed),72.0
2011-11-01,ERNAKULAM,Palm Oil (Packed),67.0
2011-11-01,CHENNAI,Palm Oil (Packed),56.0
2011-11-01,DINDIGUL,Palm Oil (Packed),58.0
2011-11-01,THIRUCHIRAPALLI,Palm Oil (Packed),58.0
2011-11-01,HYDERABAD,Palm Oil (Packed),61.0
2011-11-02,BENGALURU,Palm Oil (Packed),60.0
2011-11-02,DHARWAD,Palm Oil (Packed),62.0
2011-11-02,T.PURAM,Palm Oil (Packed),72.0
2011-11-02,ERNAKULAM,Palm Oil (Packed),67.0
2011-11-02,CHENNAI,Palm Oil (Packed),56.0
2011-11-02,DINDIGUL,Palm Oil (Packed),58.0
2011-11-02,THIRUCHIRAPALLI,Palm Oil (Packed),58.0
2011-11-02,HYDERABAD,Palm Oil (Packed),61.0
2011-11-03,BENGALURU,Palm Oil (Packed),60.0
2011-11-03,DHARWAD,Palm Oil (Packed),62.0
2011-11-03,T.PURAM,Palm Oil (Packed),72.0
2011-11-03,ERNAKULAM,Palm Oil (Packed),67.0
2011-11-03,CHENNAI,Palm Oil (Packed),57.0
2011-11-03,DINDIGUL,Palm Oil (Packed),58.0
2011-11-03,THIRUCHIRAPALLI,Palm Oil (Packed),58.0
2011-11-03,HYDERABAD,Palm Oil (Packed),61.0
2011-11-04,BENGALURU,Palm Oil (Packed),60.0
2011-11-04,DHARWAD,Palm Oil (Packed),62.0
2011-11-04,T.PURAM,Palm Oil (Packed),72.0
2011-11-04,ERNAKULAM,Palm Oil (Packed),67.0
2011-11-04,CHENNAI,Palm Oil (Packed),57.0
2011-11-04,DINDIGUL,Palm Oil (Packed),58.0
2011-11-04,THIRUCHIRAPALLI,Palm Oil (Packed),58.0
2011-11-04,HYDERABAD,Palm Oil (Packed),61.0
2011-11-08,BENGALURU,Palm Oil (Packed),60.0
2011-11-08,DHARWAD,Palm Oil (Packed),62.0
2011-11-08,T.PURAM,Palm Oil (Packed),75.0
2011-11-08,ERNAKULAM,Palm Oil (Packed),70.0
2011-11-08,CHENNAI,Palm Oil (Packed),57.0
2011-11-08,DINDIGUL,Palm Oil (Packed),64.0
2011-11-08,THIRUCHIRAPALLI,Palm Oil (Packed),58.0
2011-11-08,HYDERABAD,Palm Oil (Packed),61.0
2011-11-09,BENGALURU,Palm Oil (Packed),60.0
2011-11-09,DHARWAD,Palm Oil (Packed),62.0
2011-11-09,T.PURAM,Palm Oil (Packed),75.0
2011-11-09,ERNAKULAM,Palm Oil (Packed),70.0
2011-11-09,CHENNAI,Palm Oil (Packed),63.0
2011-11-09,DINDIGUL,Palm Oil (Packed),58.0
2011-11-09,THIRUCHIRAPALLI,Palm Oil (Packed),58.0
2011-11-09,HYDERABAD,Palm Oil (Packed),61.0
2011-11-11,BENGALURU,Palm Oil (Packed),60.0
2011-11-11,DHARWAD,Palm Oil (Packed),62.0
2011-11-11,T.PURAM,Palm Oil (Packed),75.0
2011-11-11,ERNAKULAM,Palm Oil (Packed),70.0
2011-11-11,CHENNAI,Palm Oil (Packed),63.0
2011-11-11,DINDIGUL,Palm Oil (Packed),58.0
2011-11-11,THIRUCHIRAPALLI,Palm Oil (Packed),58.0
2011-11-11,HYDERABAD,Palm Oil (Packed),62.0
2011-11-14,BENGALURU,Palm Oil (Packed),
2011-11-14,DHARWAD,Palm Oil (Packed),
2011-11-14,T.PURAM,Palm Oil (Packed),75.0
2011-11-14,ERNAKULAM,Palm Oil (Packed),70.0
2011-11-14,CHENNAI,Palm Oil (Packed),63.0
2011-11-14,DINDIGUL,Palm Oil (Packed),58.0
2011-11-14,THIRUCHIRAPALLI,Palm Oil (Packed),58.0
2011-11-14,HYDERABAD,Palm Oil (Packed),62.0
2011-11-15,BENGALURU,Palm Oil (Packed),63.0
2011-11-15,DHARWAD,Palm Oil (Packed),62.0
2011-11-15,T.PURAM,Palm Oil (Packed),75.0
2011-11-15,ERNAKULAM,Palm Oil (Packed),70.0
2011-11-15,CHENNAI,Palm Oil (Packed),63.0
2011-11-15,DINDIGUL,Palm Oil (Packed),58.0
2011-11-15,THIRUCHIRAPALLI,Palm Oil (Packed),60.0
2011-11-15,HYDERABAD,Palm Oil (Packed),62.0
2011-11-16,BENGALURU,Palm Oil (Packed),63.0
2011-11-16,DHARWAD,Palm Oil (Packed),62.0
2011-11-16,T.PURAM,Palm Oil (Packed),75.0
2011-11-16,ERNAKULAM,Palm Oil (Packed),68.0
2011-11-16,CHENNAI,Palm Oil (Packed),64.0
2011-11-16,DINDIGUL,Palm Oil (Packed),60.0
2011-11-16,THIRUCHIRAPALLI,Palm Oil (Packed),60.0
2011-11-16,HYDERABAD,Palm Oil (Packed),62.0
2011-11-17,BENGALURU,Palm Oil (Packed),63.0
2011-11-17,DHARWAD,Palm Oil (Packed),62.0
2011-11-17,T.PURAM,Palm Oil (Packed),75.0
2011-11-17,ERNAKULAM,Palm Oil (Packed),68.0
2011-11-17,CHENNAI,Palm Oil (Packed),64.0
2011-11-17,DINDIGUL,Palm Oil (Packed),60.0
2011-11-17,THIRUCHIRAPALLI,Palm Oil (Packed),60.0
2011-11-17,HYDERABAD,Palm Oil (Packed),62.0
2011-11-18,BENGALURU,Palm Oil (Packed),63.0
2011-11-18,DHARWAD,Palm Oil (Packed),62.0
2011-11-18,T.PURAM,Palm Oil (Packed),75.0
2011-11-18,ERNAKULAM,Palm Oil (Packed),70.0
2011-11-18,CHENNAI,Palm Oil (Packed),64.0
2011-11-18,DINDIGUL,Palm Oil (Packed),60.0
2011-11-18,THIRUCHIRAPALLI,Palm Oil (Packed),60.0
2011-11-18,HYDERABAD,Palm Oil (Packed),62.0
2011-11-21,BENGALURU,Palm Oil (Packed),63.0
2011-11-21,DHARWAD,Palm Oil (Packed),62.0
2011-11-21,T.PURAM,Palm Oil (Packed),75.0
2011-11-21,ERNAKULAM,Palm Oil (Packed),70.0
2011-11-21,CHENNAI,Palm Oil (Packed),64.0
2011-11-21,DINDIGUL,Palm Oil (Packed),60.0
2011-11-21,THIRUCHIRAPALLI,Palm Oil (Packed),60.0
2011-11-21,HYDERABAD,Palm Oil (Packed),62.0
2011-11-22,BENGALURU,Palm Oil (Packed),65.0
2011-11-22,DHARWAD,Palm Oil (Packed),63.0
2011-11-22,T.PURAM,Palm Oil (Packed),75.0
2011-11-22,ERNAKULAM,Palm Oil (Packed),70.0
2011-11-22,CHENNAI,Palm Oil (Packed),64.0
2011-11-22,DINDIGUL,Palm Oil (Packed),60.0
2011-11-22,THIRUCHIRAPALLI,Palm Oil (Packed),60.0
2011-11-22,HYDERABAD,Palm Oil (Packed),61.0
2011-11-23,BENGALURU,Palm Oil (Packed),65.0
2011-11-23,DHARWAD,Palm Oil (Packed),63.0
2011-11-23,T.PURAM,Palm Oil (Packed),
2011-11-23,ERNAKULAM,Palm Oil (Packed),
2011-11-23,CHENNAI,Palm Oil (Packed),64.0
2011-11-23,DINDIGUL,Palm Oil (Packed),60.0
2011-11-23,THIRUCHIRAPALLI,Palm Oil (Packed),60.0
2011-11-23,HYDERABAD,Palm Oil (Packed),62.0
2011-11-24,BENGALURU,Palm Oil (Packed),65.0
2011-11-24,DHARWAD,Palm Oil (Packed),63.0
2011-11-24,T.PURAM,Palm Oil (Packed),75.0
2011-11-24,ERNAKULAM,Palm Oil (Packed),70.0
2011-11-24,CHENNAI,Palm Oil (Packed),66.0
2011-11-24,DINDIGUL,Palm Oil (Packed),60.0
2011-11-24,THIRUCHIRAPALLI,Palm Oil (Packed),60.0
2011-11-24,HYDERABAD,Palm Oil (Packed),62.0
2011-11-25,BENGALURU,Palm Oil (Packed),65.0
2011-11-25,DHARWAD,Palm Oil (Packed),63.0
2011-11-25,T.PURAM,Palm Oil (Packed),75.0
2011-11-25,ERNAKULAM,Palm Oil (Packed),70.0
2011-11-25,CHENNAI,Palm Oil (Packed),66.0
2011-11-25,DINDIGUL,Palm Oil (Packed),60.0
2011-11-25,THIRUCHIRAPALLI,Palm Oil (Packed),60.0
2011-11-25,HYDERABAD,Palm Oil (Packed),62.0
2011-11-28,BENGALURU,Palm Oil (Packed),65.0
2011-11-28,DHARWAD,Palm Oil (Packed),63.0
2011-11-28,T.PURAM,Palm Oil (Packed),75.0
2011-11-28,ERNAKULAM,Palm Oil (Packed),70.0
2011-11-28,CHENNAI,Palm Oil (Packed),66.0
2011-11-28,DINDIGUL,Palm Oil (Packed),60.0
2011-11-28,THIRUCHIRAPALLI,Palm Oil (Packed),60.0
2011-11-28,HYDERABAD,Palm Oil (Packed),62.0
2011-11-29,BENGALURU,Palm Oil (Packed),65.0
2011-11-29,DHARWAD,Palm Oil (Packed),63.0
2011-11-29,T.PURAM,Palm Oil (Packed),74.0
2011-11-29,ERNAKULAM,Palm Oil (Packed),70.0
2011-11-29,CHENNAI,Palm Oil (Packed),66.0
2011-11-29,DINDIGUL,Palm Oil (Packed),60.0
2011-11-29,THIRUCHIRAPALLI,Palm Oil (Packed),60.0
2011-11-29,HYDERABAD,Palm Oil (Packed),62.0
2011-11-30,BENGALURU,Palm Oil (Packed),65.0
2011-11-30,DHARWAD,Palm Oil (Packed),63.0
2011-11-30,T.PURAM,Palm Oil (Packed),74.0
2011-11-30,ERNAKULAM,Palm Oil (Packed),70.0
2011-11-30,CHENNAI,Palm Oil (Packed),66.0
2011-11-30,DINDIGUL,Palm Oil (Packed),60.0
2011-11-30,THIRUCHIRAPALLI,Palm Oil (Packed),60.0
2011-11-30,HYDERABAD,Palm Oil (Packed),62.0
2011-12-01,BENGALURU,Palm Oil (Packed),65.0
2011-12-01,DHARWAD,Palm Oil (Packed),63.0
2011-12-01,T.PURAM,Palm Oil (Packed),74.0
2011-12-01,ERNAKULAM,Palm Oil (Packed),70.0
2011-12-01,CHENNAI,Palm Oil (Packed),66.0
2011-12-01,DINDIGUL,Palm Oil (Packed),60.0
2011-12-01,THIRUCHIRAPALLI,Palm Oil (Packed),60.0
2011-12-01,HYDERABAD,Palm Oil (Packed),62.0
2011-12-02,BENGALURU,Palm Oil (Packed),65.0
2011-12-02,DHARWAD,Palm Oil (Packed),63.0
2011-12-02,T.PURAM,Palm Oil (Packed),74.0
2011-12-02,ERNAKULAM,Palm Oil (Packed),70.0
2011-12-02,CHENNAI,Palm Oil (Packed),66.0
2011-12-02,DINDIGUL,Palm Oil (Packed),60.0
2011-12-02,THIRUCHIRAPALLI,Palm Oil (Packed),60.0
2011-12-02,HYDERABAD,Palm Oil (Packed),62.0
2011-12-05,BENGALURU,Palm Oil (Packed),65.0
2011-12-05,DHARWAD,Palm Oil (Packed),61.0
2011-12-05,T.PURAM,Palm Oil (Packed),
2011-12-05,ERNAKULAM,Palm Oil (Packed),
2011-12-05,CHENNAI,Palm Oil (Packed),66.0
2011-12-05,DINDIGUL,Palm Oil (Packed),60.0
2011-12-05,THIRUCHIRAPALLI,Palm Oil (Packed),60.0
2011-12-05,HYDERABAD,Palm Oil (Packed),62.0
2011-12-07,BENGALURU,Palm Oil (Packed),65.0
2011-12-07,DHARWAD,Palm Oil (Packed),61.0
2011-12-07,T.PURAM,Palm Oil (Packed),74.0
2011-12-07,ERNAKULAM,Palm Oil (Packed),69.0
2011-12-07,CHENNAI,Palm Oil (Packed),66.0
2011-12-07,DINDIGUL,Palm Oil (Packed),60.0
2011-12-07,THIRUCHIRAPALLI,Palm Oil (Packed),60.0
2011-12-07,HYDERABAD,Palm Oil (Packed),62.0
2011-12-08,BENGALURU,Palm Oil (Packed),65.0
2011-12-08,DHARWAD,Palm Oil (Packed),61.0
2011-12-08,T.PURAM,Palm Oil (Packed),74.0
2011-12-08,ERNAKULAM,Palm Oil (Packed),69.0
2011-12-08,CHENNAI,Palm Oil (Packed),66.0
2011-12-08,DINDIGUL,Palm Oil (Packed),60.0
2011-12-08,THIRUCHIRAPALLI,Palm Oil (Packed),60.0
2011-12-08,HYDERABAD,Palm Oil (Packed),62.0
2011-12-09,BENGALURU,Palm Oil (Packed),65.0
2011-12-09,DHARWAD,Palm Oil (Packed),63.0
2011-12-09,T.PURAM,Palm Oil (Packed),74.0
2011-12-09,ERNAKULAM,Palm Oil (Packed),69.0
2011-12-09,CHENNAI,Palm Oil (Packed),66.0
2011-12-09,DINDIGUL,Palm Oil (Packed),60.0
2011-12-09,THIRUCHIRAPALLI,Palm Oil (Packed),60.0
2011-12-09,HYDERABAD,Palm Oil (Packed),62.0
2011-12-12,BENGALURU,Palm Oil (Packed),65.0
2011-12-12,DHARWAD,Palm Oil (Packed),63.0
2011-12-12,T.PURAM,Palm Oil (Packed),74.0
2011-12-12,ERNAKULAM,Palm Oil (Packed),69.0
2011-12-12,CHENNAI,Palm Oil (Packed),66.0
2011-12-12,DINDIGUL,Palm Oil (Packed),60.0
2011-12-12,THIRUCHIRAPALLI,Palm Oil (Packed),60.0
2011-12-12,HYDERABAD,Palm Oil (Packed),60.0
2011-12-13,BENGALURU,Palm Oil (Packed),65.0
2011-12-13,DHARWAD,Palm Oil (Packed),63.0
2011-12-13,T.PURAM,Palm Oil (Packed),74.0
2011-12-13,ERNAKULAM,Palm Oil (Packed),69.0
2011-12-13,CHENNAI,Palm Oil (Packed),66.0
2011-12-13,DINDIGUL,Palm Oil (Packed),60.0
2011-12-13,THIRUCHIRAPALLI,Palm Oil (Packed),60.0
2011-12-13,HYDERABAD,Palm Oil (Packed),58.0
2011-12-14,BENGALURU,Palm Oil (Packed),65.0
2011-12-14,DHARWAD,Palm Oil (Packed),64.0
2011-12-14,T.PURAM,Palm Oil (Packed),74.0
2011-12-14,ERNAKULAM,Palm Oil (Packed),69.0
2011-12-14,CHENNAI,Palm Oil (Packed),66.0
2011-12-14,DINDIGUL,Palm Oil (Packed),60.0
2011-12-14,THIRUCHIRAPALLI,Palm Oil (Packed),60.0
2011-12-14,HYDERABAD,Palm Oil (Packed),58.0
2011-12-15,BENGALURU,Palm Oil (Packed),65.0
2011-12-15,DHARWAD,Palm Oil (Packed),64.0
2011-12-15,T.PURAM,Palm Oil (Packed),74.0
2011-12-15,ERNAKULAM,Palm Oil (Packed),69.0
2011-12-15,CHENNAI,Palm Oil (Packed),67.0
2011-12-15,DINDIGUL,Palm Oil (Packed),60.0
2011-12-15,THIRUCHIRAPALLI,Palm Oil (Packed),60.0
2011-12-15,HYDERABAD,Palm Oil (Packed),57.0
2011-12-16,BENGALURU,Palm Oil (Packed),
2011-12-16,DHARWAD,Palm Oil (Packed),
2011-12-16,T.PURAM,Palm Oil (Packed),74.0
2011-12-16,ERNAKULAM,Palm Oil (Packed),69.0
2011-12-16,CHENNAI,Palm Oil (Packed),67.0
2011-12-16,DINDIGUL,Palm Oil (Packed),60.0
2011-12-16,THIRUCHIRAPALLI,Palm Oil (Packed),60.0
2011-12-16,HYDERABAD,Palm Oil (Packed),57.0
2011-12-19,BENGALURU,Palm Oil (Packed),65.0
2011-12-19,DHARWAD,Palm Oil (Packed),64.0
2011-12-19,T.PURAM,Palm Oil (Packed),74.0
2011-12-19,ERNAKULAM,Palm Oil (Packed),69.0
2011-12-19,CHENNAI,Palm Oil (Packed),67.0
2011-12-19,DINDIGUL,Palm Oil (Packed),60.0
2011-12-19,THIRUCHIRAPALLI,Palm Oil (Packed),60.0
2011-12-19,HYDERABAD,Palm Oil (Packed),57.0
2011-12-20,BENGALURU,Palm Oil (Packed),61.0
2011-12-20,DHARWAD,Palm Oil (Packed),63.0
2011-12-20,T.PURAM,Palm Oil (Packed),74.0
2011-12-20,ERNAKULAM,Palm Oil (Packed),69.0
2011-12-20,CHENNAI,Palm Oil (Packed),67.0
2011-12-20,DINDIGUL,Palm Oil (Packed),60.0
2011-12-20,THIRUCHIRAPALLI,Palm Oil (Packed),60.0
2011-12-20,HYDERABAD,Palm Oil (Packed),57.0
2011-12-21,BENGALURU,Palm Oil (Packed),61.0
2011-12-21,DHARWAD,Palm Oil (Packed),63.0
2011-12-21,T.PURAM,Palm Oil (Packed),74.0
2011-12-21,ERNAKULAM,Palm Oil (Packed),69.0
2011-12-21,CHENNAI,Palm Oil (Packed),67.0
2011-12-21,DINDIGUL,Palm Oil (Packed),60.0
2011-12-21,THIRUCHIRAPALLI,Palm Oil (Packed),60.0
2011-12-21,HYDERABAD,Palm Oil (Packed),57.0
2011-12-22,BENGALURU,Palm Oil (Packed),61.0
2011-12-22,DHARWAD,Palm Oil (Packed),63.0
2011-12-22,T.PURAM,Palm Oil (Packed),71.0
2011-12-22,ERNAKULAM,Palm Oil (Packed),69.0
2011-12-22,CHENNAI,Palm Oil (Packed),67.0
2011-12-22,DINDIGUL,Palm Oil (Packed),60.0
2011-12-22,THIRUCHIRAPALLI,Palm Oil (Packed),60.0
2011-12-22,HYDERABAD,Palm Oil (Packed),57.0
2011-12-23,BENGALURU,Palm Oil (Packed),64.0
2011-12-23,DHARWAD,Palm Oil (Packed),63.0
2011-12-23,T.PURAM,Palm Oil (Packed),70.0
2011-12-23,ERNAKULAM,Palm Oil (Packed),69.0
2011-12-23,CHENNAI,Palm Oil (Packed),67.0
2011-12-23,DINDIGUL,Palm Oil (Packed),60.0
2011-12-23,THIRUCHIRAPALLI,Palm Oil (Packed),60.0
2011-12-23,HYDERABAD,Palm Oil (Packed),57.0
2011-12-26,BENGALURU,Palm Oil (Packed),64.0
2011-12-26,DHARWAD,Palm Oil (Packed),63.0
2011-12-26,T.PURAM,Palm Oil (Packed),69.0
2011-12-26,ERNAKULAM,Palm Oil (Packed),69.0
2011-12-26,CHENNAI,Palm Oil (Packed),66.0
2011-12-26,DINDIGUL,Palm Oil (Packed),60.0
2011-12-26,THIRUCHIRAPALLI,Palm Oil (Packed),60.0
2011-12-26,HYDERABAD,Palm Oil (Packed),57.0
2011-12-27,BENGALURU,Palm Oil (Packed),64.0
2011-12-27,DHARWAD,Palm Oil (Packed),63.0
2011-12-27,T.PURAM,Palm Oil (Packed),69.0
2011-12-27,ERNAKULAM,Palm Oil (Packed),69.0
2011-12-27,CHENNAI,Palm Oil (Packed),68.0
2011-12-27,DINDIGUL,Palm Oil (Packed),60.0
2011-12-27,THIRUCHIRAPALLI,Palm Oil (Packed),60.0
2011-12-27,HYDERABAD,Palm Oil (Packed),57.0
2011-12-28,BENGALURU,Palm Oil (Packed),64.0
2011-12-28,DHARWAD,Palm Oil (Packed),63.0
2011-12-28,T.PURAM,Palm Oil (Packed),69.0
2011-12-28,ERNAKULAM,Palm Oil (Packed),69.0
2011-12-28,CHENNAI,Palm Oil (Packed),68.0
2011-12-28,DINDIGUL,Palm Oil (Packed),60.0
2011-12-28,THIRUCHIRAPALLI,Palm Oil (Packed),60.0
2011-12-28,HYDERABAD,Palm Oil (Packed),57.0
2011-12-29,BENGALURU,Palm Oil (Packed),64.0
2011-12-29,DHARWAD,Palm Oil (Packed),63.0
2011-12-29,T.PURAM,Palm Oil (Packed),68.0
2011-12-29,ERNAKULAM,Palm Oil (Packed),69.0
2011-12-29,CHENNAI,Palm Oil (Packed),68.0
2011-12-29,DINDIGUL,Palm Oil (Packed),60.0
2011-12-29,THIRUCHIRAPALLI,Palm Oil (Packed),60.0
2011-12-29,HYDERABAD,Palm Oil (Packed),57.0
2011-12-30,BENGALURU,Palm Oil (Packed),65.0
2011-12-30,DHARWAD,Palm Oil (Packed),63.0
2011-12-30,T.PURAM,Palm Oil (Packed),68.0
2011-12-30,ERNAKULAM,Palm Oil (Packed),69.0
2011-12-30,CHENNAI,Palm Oil (Packed),68.0
2011-12-30,DINDIGUL,Palm Oil (Packed),60.0
2011-12-30,THIRUCHIRAPALLI,Palm Oil (Packed),60.0
2011-12-30,HYDERABAD,Palm Oil (Packed),57.0
2012-01-02,BENGALURU,Palm Oil (Packed),
2012-01-02,DHARWAD,Palm Oil (Packed),
2012-01-02,T.PURAM,Palm Oil (Packed),68.0
2012-01-02,ERNAKULAM,Palm Oil (Packed),69.0
2012-01-02,CHENNAI,Palm Oil (Packed),68.0
2012-01-02,DINDIGUL,Palm Oil (Packed),60.0
2012-01-02,THIRUCHIRAPALLI,Palm Oil (Packed),60.0
2012-01-02,HYDERABAD,Palm Oil (Packed),57.0
2012-01-03,BENGALURU,Palm Oil (Packed),66.0
2012-01-03,DHARWAD,Palm Oil (Packed),63.0
2012-01-03,T.PURAM,Palm Oil (Packed),69.0
2012-01-03,ERNAKULAM,Palm Oil (Packed),69.0
2012-01-03,CHENNAI,Palm Oil (Packed),68.0
2012-01-03,DINDIGUL,Palm Oil (Packed),60.0
2012-01-03,THIRUCHIRAPALLI,Palm Oil (Packed),60.0
2012-01-03,HYDERABAD,Palm Oil (Packed),58.0
2012-01-04,BENGALURU,Palm Oil (Packed),66.0
2012-01-04,DHARWAD,Palm Oil (Packed),63.0
2012-01-04,T.PURAM,Palm Oil (Packed),69.0
2012-01-04,ERNAKULAM,Palm Oil (Packed),69.0
2012-01-04,CHENNAI,Palm Oil (Packed),68.0
2012-01-04,DINDIGUL,Palm Oil (Packed),60.0
2012-01-04,THIRUCHIRAPALLI,Palm Oil (Packed),65.0
2012-01-04,HYDERABAD,Palm Oil (Packed),58.0
2012-01-05,BENGALURU,Palm Oil (Packed),66.0
2012-01-05,DHARWAD,Palm Oil (Packed),63.0
2012-01-05,T.PURAM,Palm Oil (Packed),69.0
2012-01-05,ERNAKULAM,Palm Oil (Packed),70.0
2012-01-05,CHENNAI,Palm Oil (Packed),68.0
2012-01-05,DINDIGUL,Palm Oil (Packed),60.0
2012-01-05,THIRUCHIRAPALLI,Palm Oil (Packed),65.0
2012-01-05,HYDERABAD,Palm Oil (Packed),58.0
2012-01-06,BENGALURU,Palm Oil (Packed),69.0
2012-01-06,DHARWAD,Palm Oil (Packed),63.0
2012-01-06,T.PURAM,Palm Oil (Packed),69.0
2012-01-06,ERNAKULAM,Palm Oil (Packed),70.0
2012-01-06,CHENNAI,Palm Oil (Packed),69.0
2012-01-06,DINDIGUL,Palm Oil (Packed),60.0
2012-01-06,THIRUCHIRAPALLI,Palm Oil (Packed),65.0
2012-01-06,HYDERABAD,Palm Oil (Packed),58.0
2012-01-09,BENGALURU,Palm Oil (Packed),69.0
2012-01-09,DHARWAD,Palm Oil (Packed),63.0
2012-01-09,T.PURAM,Palm Oil (Packed),69.0
2012-01-09,ERNAKULAM,Palm Oil (Packed),70.0
2012-01-09,CHENNAI,Palm Oil (Packed),69.0
2012-01-09,DINDIGUL,Palm Oil (Packed),65.0
2012-01-09,THIRUCHIRAPALLI,Palm Oil (Packed),65.0
2012-01-09,HYDERABAD,Palm Oil (Packed),58.0
2012-01-10,BENGALURU,Palm Oil (Packed),68.0
2012-01-10,DHARWAD,Palm Oil (Packed),63.0
2012-01-10,T.PURAM,Palm Oil (Packed),69.0
2012-01-10,ERNAKULAM,Palm Oil (Packed),70.0
2012-01-10,CHENNAI,Palm Oil (Packed),69.0
2012-01-10,DINDIGUL,Palm Oil (Packed),65.0
2012-01-10,THIRUCHIRAPALLI,Palm Oil (Packed),65.0
2012-01-10,HYDERABAD,Palm Oil (Packed),58.0
2012-01-11,BENGALURU,Palm Oil (Packed),68.0
2012-01-11,DHARWAD,Palm Oil (Packed),63.0
2012-01-11,T.PURAM,Palm Oil (Packed),69.0
2012-01-11,ERNAKULAM,Palm Oil (Packed),70.0
2012-01-11,CHENNAI,Palm Oil (Packed),69.0
2012-01-11,DINDIGUL,Palm Oil (Packed),70.0
2012-01-11,THIRUCHIRAPALLI,Palm Oil (Packed),71.0
2012-01-11,HYDERABAD,Palm Oil (Packed),58.0
2012-01-12,BENGALURU,Palm Oil (Packed),68.0
2012-01-12,DHARWAD,Palm Oil (Packed),63.0
2012-01-12,T.PURAM,Palm Oil (Packed),69.0
2012-01-12,ERNAKULAM,Palm Oil (Packed),70.0
2012-01-12,CHENNAI,Palm Oil (Packed),69.0
2012-01-12,DINDIGUL,Palm Oil (Packed),70.0
2012-01-12,THIRUCHIRAPALLI,Palm Oil (Packed),71.0
2012-01-12,HYDERABAD,Palm Oil (Packed),58.0
2012-01-13,BENGALURU,Palm Oil (Packed),67.0
2012-01-13,DHARWAD,Palm Oil (Packed),63.0
2012-01-13,T.PURAM,Palm Oil (Packed),69.0
2012-01-13,ERNAKULAM,Palm Oil (Packed),70.0
2012-01-13,CHENNAI,Palm Oil (Packed),69.0
2012-01-13,DINDIGUL,Palm Oil (Packed),70.0
2012-01-13,THIRUCHIRAPALLI,Palm Oil (Packed),71.0
2012-01-13,HYDERABAD,Palm Oil (Packed),57.0
2012-01-16,BENGALURU,Palm Oil (Packed),67.0
2012-01-16,DHARWAD,Palm Oil (Packed),63.0
2012-01-16,T.PURAM,Palm Oil (Packed),69.0
2012-01-16,ERNAKULAM,Palm Oil (Packed),70.0
2012-01-16,CHENNAI,Palm Oil (Packed),
2012-01-16,DINDIGUL,Palm Oil (Packed),
2012-01-16,THIRUCHIRAPALLI,Palm Oil (Packed),
2012-01-16,HYDERABAD,Palm Oil (Packed),57.0
2012-01-17,BENGALURU,Palm Oil (Packed),66.0
2012-01-17,DHARWAD,Palm Oil (Packed),63.0
2012-01-17,T.PURAM,Palm Oil (Packed),69.0
2012-01-17,ERNAKULAM,Palm Oil (Packed),70.0
2012-01-17,CHENNAI,Palm Oil (Packed),
2012-01-17,DINDIGUL,Palm Oil (Packed),73.0
2012-01-17,THIRUCHIRAPALLI,Palm Oil (Packed),
2012-01-17,HYDERABAD,Palm Oil (Packed),57.0
2012-01-18,BENGALURU,Palm Oil (Packed),66.0
2012-01-18,DHARWAD,Palm Oil (Packed),63.0
2012-01-18,T.PURAM,Palm Oil (Packed),69.0
2012-01-18,ERNAKULAM,Palm Oil (Packed),70.0
2012-01-18,CHENNAI,Palm Oil (Packed),68.0
2012-01-18,DINDIGUL,Palm Oil (Packed),73.0
2012-01-18,THIRUCHIRAPALLI,Palm Oil (Packed),71.0
2012-01-18,HYDERABAD,Palm Oil (Packed),57.0
2012-01-19,BENGALURU,Palm Oil (Packed),66.0
2012-01-19,DHARWAD,Palm Oil (Packed),63.0
2012-01-19,T.PURAM,Palm Oil (Packed),69.0
2012-01-19,ERNAKULAM,Palm Oil (Packed),70.0
2012-01-19,CHENNAI,Palm Oil (Packed),66.0
2012-01-19,DINDIGUL,Palm Oil (Packed),72.0
2012-01-19,THIRUCHIRAPALLI,Palm Oil (Packed),71.0
2012-01-19,HYDERABAD,Palm Oil (Packed),57.0
2012-01-20,BENGALURU,Palm Oil (Packed),66.0
2012-01-20,DHARWAD,Palm Oil (Packed),63.0
2012-01-20,T.PURAM,Palm Oil (Packed),69.0
2012-01-20,ERNAKULAM,Palm Oil (Packed),70.0
2012-01-20,CHENNAI,Palm Oil (Packed),66.0
2012-01-20,DINDIGUL,Palm Oil (Packed),72.0
2012-01-20,THIRUCHIRAPALLI,Palm Oil (Packed),71.0
2012-01-20,HYDERABAD,Palm Oil (Packed),57.0
2012-01-23,BENGALURU,Palm Oil (Packed),66.0
2012-01-23,DHARWAD,Palm Oil (Packed),63.0
2012-01-23,T.PURAM,Palm Oil (Packed),69.0
2012-01-23,ERNAKULAM,Palm Oil (Packed),70.0
2012-01-23,CHENNAI,Palm Oil (Packed),66.0
2012-01-23,DINDIGUL,Palm Oil (Packed),72.0
2012-01-23,THIRUCHIRAPALLI,Palm Oil (Packed),71.0
2012-01-23,HYDERABAD,Palm Oil (Packed),56.0
2012-01-24,BENGALURU,Palm Oil (Packed),66.0
2012-01-24,DHARWAD,Palm Oil (Packed),63.0
2012-01-24,T.PURAM,Palm Oil (Packed),69.0
2012-01-24,ERNAKULAM,Palm Oil (Packed),69.0
2012-01-24,CHENNAI,Palm Oil (Packed),66.0
2012-01-24,DINDIGUL,Palm Oil (Packed),72.0
2012-01-24,THIRUCHIRAPALLI,Palm Oil (Packed),71.0
2012-01-24,HYDERABAD,Palm Oil (Packed),56.0
2012-01-25,BENGALURU,Palm Oil (Packed),66.0
2012-01-25,DHARWAD,Palm Oil (Packed),63.0
2012-01-25,T.PURAM,Palm Oil (Packed),69.0
2012-01-25,ERNAKULAM,Palm Oil (Packed),69.0
2012-01-25,CHENNAI,Palm Oil (Packed),66.0
2012-01-25,DINDIGUL,Palm Oil (Packed),72.0
2012-01-25,THIRUCHIRAPALLI,Palm Oil (Packed),71.0
2012-01-25,HYDERABAD,Palm Oil (Packed),56.0
2012-01-27,BENGALURU,Palm Oil (Packed),66.0
2012-01-27,DHARWAD,Palm Oil (Packed),63.0
2012-01-27,T.PURAM,Palm Oil (Packed),
2012-01-27,ERNAKULAM,Palm Oil (Packed),
2012-01-27,CHENNAI,Palm Oil (Packed),66.0
2012-01-27,DINDIGUL,Palm Oil (Packed),72.0
2012-01-27,THIRUCHIRAPALLI,Palm Oil (Packed),66.0
2012-01-27,HYDERABAD,Palm Oil (Packed),56.0
2012-01-30,BENGALURU,Palm Oil (Packed),66.0
2012-01-30,DHARWAD,Palm Oil (Packed),63.0
2012-01-30,T.PURAM,Palm Oil (Packed),69.0
2012-01-30,ERNAKULAM,Palm Oil (Packed),68.0
2012-01-30,CHENNAI,Palm Oil (Packed),65.0
2012-01-30,DINDIGUL,Palm Oil (Packed),65.0
2012-01-30,THIRUCHIRAPALLI,Palm Oil (Packed),66.0
2012-01-30,HYDERABAD,Palm Oil (Packed),55.0
2012-01-31,BENGALURU,Palm Oil (Packed),63.0
2012-01-31,DHARWAD,Palm Oil (Packed),63.0
2012-01-31,T.PURAM,Palm Oil (Packed),69.0
2012-01-31,ERNAKULAM,Palm Oil (Packed),68.0
2012-01-31,CHENNAI,Palm Oil (Packed),65.0
2012-01-31,DINDIGUL,Palm Oil (Packed),65.0
2012-01-31,THIRUCHIRAPALLI,Palm Oil (Packed),66.0
2012-01-31,HYDERABAD,Palm Oil (Packed),55.0
2012-02-01,BENGALURU,Palm Oil (Packed),63.0
2012-02-01,DHARWAD,Palm Oil (Packed),63.0
2012-02-01,T.PURAM,Palm Oil (Packed),69.0
2012-02-01,ERNAKULAM,Palm Oil (Packed),68.0
2012-02-01,CHENNAI,Palm Oil (Packed),65.0
2012-02-01,DINDIGUL,Palm Oil (Packed),65.0
2012-02-01,THIRUCHIRAPALLI,Palm Oil (Packed),66.0
2012-02-01,HYDERABAD,Palm Oil (Packed),55.0
2012-02-02,BENGALURU,Palm Oil (Packed),63.0
2012-02-02,DHARWAD,Palm Oil (Packed),64.0
2012-02-02,T.PURAM,Palm Oil (Packed),69.0
2012-02-02,ERNAKULAM,Palm Oil (Packed),68.0
2012-02-02,CHENNAI,Palm Oil (Packed),65.0
2012-02-02,DINDIGUL,Palm Oil (Packed),65.0
2012-02-02,THIRUCHIRAPALLI,Palm Oil (Packed),66.0
2012-02-02,HYDERABAD,Palm Oil (Packed),55.0
2012-02-03,BENGALURU,Palm Oil (Packed),63.0
2012-02-03,DHARWAD,Palm Oil (Packed),64.0
2012-02-03,T.PURAM,Palm Oil (Packed),69.0
2012-02-03,ERNAKULAM,Palm Oil (Packed),68.0
2012-02-03,CHENNAI,Palm Oil (Packed),65.0
2012-02-03,DINDIGUL,Palm Oil (Packed),65.0
2012-02-03,THIRUCHIRAPALLI,Palm Oil (Packed),66.0
2012-02-03,HYDERABAD,Palm Oil (Packed),55.0
2012-02-06,BENGALURU,Palm Oil (Packed),63.0
2012-02-06,DHARWAD,Palm Oil (Packed),64.0
2012-02-06,T.PURAM,Palm Oil (Packed),69.0
2012-02-06,ERNAKULAM,Palm Oil (Packed),68.0
2012-02-06,CHENNAI,Palm Oil (Packed),65.0
2012-02-06,DINDIGUL,Palm Oil (Packed),65.0
2012-02-06,THIRUCHIRAPALLI,Palm Oil (Packed),66.0
2012-02-06,HYDERABAD,Palm Oil (Packed),55.0
2012-02-07,BENGALURU,Palm Oil (Packed),63.0
2012-02-07,DHARWAD,Palm Oil (Packed),64.0
2012-02-07,T.PURAM,Palm Oil (Packed),69.0
2012-02-07,ERNAKULAM,Palm Oil (Packed),68.0
2012-02-07,CHENNAI,Palm Oil (Packed),65.0
2012-02-07,DINDIGUL,Palm Oil (Packed),65.0
2012-02-07,THIRUCHIRAPALLI,Palm Oil (Packed),66.0
2012-02-07,HYDERABAD,Palm Oil (Packed),55.0
2012-02-08,BENGALURU,Palm Oil (Packed),63.0
2012-02-08,DHARWAD,Palm Oil (Packed),64.0
2012-02-08,T.PURAM,Palm Oil (Packed),69.0
2012-02-08,ERNAKULAM,Palm Oil (Packed),68.0
2012-02-08,CHENNAI,Palm Oil (Packed),65.0
2012-02-08,DINDIGUL,Palm Oil (Packed),65.0
2012-02-08,THIRUCHIRAPALLI,Palm Oil (Packed),66.0
2012-02-08,HYDERABAD,Palm Oil (Packed),55.0
2012-02-09,BENGALURU,Palm Oil (Packed),63.0
2012-02-09,DHARWAD,Palm Oil (Packed),63.0
2012-02-09,T.PURAM,Palm Oil (Packed),69.0
2012-02-09,ERNAKULAM,Palm Oil (Packed),68.0
2012-02-09,CHENNAI,Palm Oil (Packed),65.0
2012-02-09,DINDIGUL,Palm Oil (Packed),65.0
2012-02-09,THIRUCHIRAPALLI,Palm Oil (Packed),66.0
2012-02-09,HYDERABAD,Palm Oil (Packed),55.0
2012-02-10,BENGALURU,Palm Oil (Packed),64.0
2012-02-10,DHARWAD,Palm Oil (Packed),63.0
2012-02-10,T.PURAM,Palm Oil (Packed),69.0
2012-02-10,ERNAKULAM,Palm Oil (Packed),68.0
2012-02-10,CHENNAI,Palm Oil (Packed),65.0
2012-02-10,DINDIGUL,Palm Oil (Packed),65.0
2012-02-10,THIRUCHIRAPALLI,Palm Oil (Packed),66.0
2012-02-10,HYDERABAD,Palm Oil (Packed),55.0
2012-02-13,BENGALURU,Palm Oil (Packed),64.0
2012-02-13,DHARWAD,Palm Oil (Packed),64.0
2012-02-13,T.PURAM,Palm Oil (Packed),69.0
2012-02-13,ERNAKULAM,Palm Oil (Packed),68.0
2012-02-13,CHENNAI,Palm Oil (Packed),65.0
2012-02-13,DINDIGUL,Palm Oil (Packed),65.0
2012-02-13,THIRUCHIRAPALLI,Palm Oil (Packed),66.0
2012-02-13,HYDERABAD,Palm Oil (Packed),55.0
2012-02-14,BENGALURU,Palm Oil (Packed),64.0
2012-02-14,DHARWAD,Palm Oil (Packed),64.0
2012-02-14,T.PURAM,Palm Oil (Packed),69.0
2012-02-14,ERNAKULAM,Palm Oil (Packed),68.0
2012-02-14,CHENNAI,Palm Oil (Packed),65.0
2012-02-14,DINDIGUL,Palm Oil (Packed),65.0
2012-02-14,THIRUCHIRAPALLI,Palm Oil (Packed),66.0
2012-02-14,HYDERABAD,Palm Oil (Packed),55.0
2012-02-15,BENGALURU,Palm Oil (Packed),64.0
2012-02-15,DHARWAD,Palm Oil (Packed),64.0
2012-02-15,T.PURAM,Palm Oil (Packed),69.0
2012-02-15,ERNAKULAM,Palm Oil (Packed),68.0
2012-02-15,CHENNAI,Palm Oil (Packed),65.0
2012-02-15,DINDIGUL,Palm Oil (Packed),65.0
2012-02-15,THIRUCHIRAPALLI,Palm Oil (Packed),66.0
2012-02-15,HYDERABAD,Palm Oil (Packed),55.0
2012-02-16,BENGALURU,Palm Oil (Packed),64.0
2012-02-16,DHARWAD,Palm Oil (Packed),64.0
2012-02-16,T.PURAM,Palm Oil (Packed),69.0
2012-02-16,ERNAKULAM,Palm Oil (Packed),68.0
2012-02-16,CHENNAI,Palm Oil (Packed),65.0
2012-02-16,DINDIGUL,Palm Oil (Packed),65.0
2012-02-16,THIRUCHIRAPALLI,Palm Oil (Packed),66.0
2012-02-16,HYDERABAD,Palm Oil (Packed),55.0
2012-02-17,BENGALURU,Palm Oil (Packed),64.0
2012-02-17,DHARWAD,Palm Oil (Packed),64.0
2012-02-17,T.PURAM,Palm Oil (Packed),69.0
2012-02-17,ERNAKULAM,Palm Oil (Packed),68.0
2012-02-17,CHENNAI,Palm Oil (Packed),65.0
2012-02-17,DINDIGUL,Palm Oil (Packed),65.0
2012-02-17,THIRUCHIRAPALLI,Palm Oil (Packed),66.0
2012-02-17,HYDERABAD,Palm Oil (Packed),55.0
2012-02-21,BENGALURU,Palm Oil (Packed),
2012-02-21,DHARWAD,Palm Oil (Packed),
2012-02-21,T.PURAM,Palm Oil (Packed),69.0
2012-02-21,ERNAKULAM,Palm Oil (Packed),68.0
2012-02-21,CHENNAI,Palm Oil (Packed),66.0
2012-02-21,DINDIGUL,Palm Oil (Packed),65.0
2012-02-21,THIRUCHIRAPALLI,Palm Oil (Packed),66.0
2012-02-21,HYDERABAD,Palm Oil (Packed),55.0
2012-02-22,BENGALURU,Palm Oil (Packed),65.0
2012-02-22,DHARWAD,Palm Oil (Packed),64.0
2012-02-22,T.PURAM,Palm Oil (Packed),69.0
2012-02-22,ERNAKULAM,Palm Oil (Packed),68.0
2012-02-22,CHENNAI,Palm Oil (Packed),66.0
2012-02-22,DINDIGUL,Palm Oil (Packed),65.0
2012-02-22,THIRUCHIRAPALLI,Palm Oil (Packed),67.0
2012-02-22,HYDERABAD,Palm Oil (Packed),56.0
2012-02-23,BENGALURU,Palm Oil (Packed),65.0
2012-02-23,DHARWAD,Palm Oil (Packed),64.0
2012-02-23,T.PURAM,Palm Oil (Packed),69.0
2012-02-23,ERNAKULAM,Palm Oil (Packed),68.0
2012-02-23,CHENNAI,Palm Oil (Packed),66.0
2012-02-23,DINDIGUL,Palm Oil (Packed),65.0
2012-02-23,THIRUCHIRAPALLI,Palm Oil (Packed),67.0
2012-02-23,HYDERABAD,Palm Oil (Packed),56.0
2012-02-24,BENGALURU,Palm Oil (Packed),64.0
2012-02-24,DHARWAD,Palm Oil (Packed),64.0
2012-02-24,T.PURAM,Palm Oil (Packed),69.0
2012-02-24,ERNAKULAM,Palm Oil (Packed),68.0
2012-02-24,CHENNAI,Palm Oil (Packed),66.0
2012-02-24,DINDIGUL,Palm Oil (Packed),65.0
2012-02-24,THIRUCHIRAPALLI,Palm Oil (Packed),67.0
2012-02-24,HYDERABAD,Palm Oil (Packed),56.0
2012-02-27,BENGALURU,Palm Oil (Packed),64.0
2012-02-27,DHARWAD,Palm Oil (Packed),64.0
2012-02-27,T.PURAM,Palm Oil (Packed),69.0
2012-02-27,ERNAKULAM,Palm Oil (Packed),68.0
2012-02-27,CHENNAI,Palm Oil (Packed),66.0
2012-02-27,DINDIGUL,Palm Oil (Packed),65.0
2012-02-27,THIRUCHIRAPALLI,Palm Oil (Packed),67.0
2012-02-27,HYDERABAD,Palm Oil (Packed),56.0
2012-02-28,BENGALURU,Palm Oil (Packed),64.0
2012-02-28,DHARWAD,Palm Oil (Packed),63.0
2012-02-28,T.PURAM,Palm Oil (Packed),
2012-02-28,ERNAKULAM,Palm Oil (Packed),
2012-02-28,CHENNAI,Palm Oil (Packed),66.0
2012-02-28,DINDIGUL,Palm Oil (Packed),65.0
2012-02-28,THIRUCHIRAPALLI,Palm Oil (Packed),67.0
2012-02-28,HYDERABAD,Palm Oil (Packed),56.0
2012-02-29,BENGALURU,Palm Oil (Packed),64.0
2012-02-29,DHARWAD,Palm Oil (Packed),63.0
2012-02-29,T.PURAM,Palm Oil (Packed),69.0
2012-02-29,ERNAKULAM,Palm Oil (Packed),68.0
2012-02-29,CHENNAI,Palm Oil (Packed),66.0
2012-02-29,DINDIGUL,Palm Oil (Packed),65.0
2012-02-29,THIRUCHIRAPALLI,Palm Oil (Packed),67.0
2012-02-29,HYDERABAD,Palm Oil (Packed),56.0
2012-03-01,BENGALURU,Palm Oil (Packed),64.0
2012-03-01,DHARWAD,Palm Oil (Packed),63.0
2012-03-01,T.PURAM,Palm Oil (Packed),69.0
2012-03-01,ERNAKULAM,Palm Oil (Packed),68.0
2012-03-01,CHENNAI,Palm Oil (Packed),66.0
2012-03-01,DINDIGUL,Palm Oil (Packed),65.0
2012-03-01,THIRUCHIRAPALLI,Palm Oil (Packed),67.0
2012-03-01,HYDERABAD,Palm Oil (Packed),56.0
2012-03-02,BENGALURU,Palm Oil (Packed),64.0
2012-03-02,DHARWAD,Palm Oil (Packed),63.0
2012-03-02,T.PURAM,Palm Oil (Packed),69.0
2012-03-02,ERNAKULAM,Palm Oil (Packed),68.0
2012-03-02,CHENNAI,Palm Oil (Packed),66.0
2012-03-02,DINDIGUL,Palm Oil (Packed),65.0
2012-03-02,THIRUCHIRAPALLI,Palm Oil (Packed),67.0
2012-03-02,HYDERABAD,Palm Oil (Packed),57.0
2012-03-05,BENGALURU,Palm Oil (Packed),64.0
2012-03-05,DHARWAD,Palm Oil (Packed),63.0
2012-03-05,T.PURAM,Palm Oil (Packed),69.0
2012-03-05,ERNAKULAM,Palm Oil (Packed),68.0
2012-03-05,CHENNAI,Palm Oil (Packed),66.0
2012-03-05,DINDIGUL,Palm Oil (Packed),65.0
2012-03-05,THIRUCHIRAPALLI,Palm Oil (Packed),67.0
2012-03-05,HYDERABAD,Palm Oil (Packed),57.0
2012-03-06,BENGALURU,Palm Oil (Packed),65.0
2012-03-06,DHARWAD,Palm Oil (Packed),63.0
2012-03-06,T.PURAM,Palm Oil (Packed),69.0
2012-03-06,ERNAKULAM,Palm Oil (Packed),68.0
2012-03-06,CHENNAI,Palm Oil (Packed),66.0
2012-03-06,DINDIGUL,Palm Oil (Packed),65.0
2012-03-06,THIRUCHIRAPALLI,Palm Oil (Packed),67.0
2012-03-06,HYDERABAD,Palm Oil (Packed),57.0
2012-03-07,BENGALURU,Palm Oil (Packed),65.0
2012-03-07,DHARWAD,Palm Oil (Packed),63.0
2012-03-07,T.PURAM,Palm Oil (Packed),
2012-03-07,ERNAKULAM,Palm Oil (Packed),
2012-03-07,CHENNAI,Palm Oil (Packed),66.0
2012-03-07,DINDIGUL,Palm Oil (Packed),65.0
2012-03-07,THIRUCHIRAPALLI,Palm Oil (Packed),67.0
2012-03-07,HYDERABAD,Palm Oil (Packed),57.0
2012-03-09,BENGALURU,Palm Oil (Packed),65.0
2012-03-09,DHARWAD,Palm Oil (Packed),63.0
2012-03-09,T.PURAM,Palm Oil (Packed),69.0
2012-03-09,ERNAKULAM,Palm Oil (Packed),68.0
2012-03-09,CHENNAI,Palm Oil (Packed),66.0
2012-03-09,DINDIGUL,Palm Oil (Packed),65.0
2012-03-09,THIRUCHIRAPALLI,Palm Oil (Packed),67.0
2012-03-09,HYDERABAD,Palm Oil (Packed),57.0
2012-03-12,BENGALURU,Palm Oil (Packed),65.0
2012-03-12,DHARWAD,Palm Oil (Packed),63.0
2012-03-12,T.PURAM,Palm Oil (Packed),69.0
2012-03-12,ERNAKULAM,Palm Oil (Packed),68.0
2012-03-12,CHENNAI,Palm Oil (Packed),66.0
2012-03-12,DINDIGUL,Palm Oil (Packed),65.0
2012-03-12,THIRUCHIRAPALLI,Palm Oil (Packed),67.0
2012-03-12,HYDERABAD,Palm Oil (Packed),57.0
2012-03-13,BENGALURU,Palm Oil (Packed),65.0
2012-03-13,DHARWAD,Palm Oil (Packed),63.0
2012-03-13,T.PURAM,Palm Oil (Packed),69.0
2012-03-13,ERNAKULAM,Palm Oil (Packed),68.0
2012-03-13,CHENNAI,Palm Oil (Packed),66.0
2012-03-13,DINDIGUL,Palm Oil (Packed),65.0
2012-03-13,THIRUCHIRAPALLI,Palm Oil (Packed),67.0
2012-03-13,HYDERABAD,Palm Oil (Packed),57.0
2012-03-14,BENGALURU,Palm Oil (Packed),65.0
2012-03-14,DHARWAD,Palm Oil (Packed),63.0
2012-03-14,T.PURAM,Palm Oil (Packed),69.0
2012-03-14,ERNAKULAM,Palm Oil (Packed),68.0
2012-03-14,CHENNAI,Palm Oil (Packed),66.0
2012-03-14,DINDIGUL,Palm Oil (Packed),64.0
2012-03-14,THIRUCHIRAPALLI,Palm Oil (Packed),67.0
2012-03-14,HYDERABAD,Palm Oil (Packed),57.0
2012-03-15,BENGALURU,Palm Oil (Packed),
2012-03-15,DHARWAD,Palm Oil (Packed),
2012-03-15,T.PURAM,Palm Oil (Packed),69.0
2012-03-15,ERNAKULAM,Palm Oil (Packed),68.0
2012-03-15,CHENNAI,Palm Oil (Packed),66.0
2012-03-15,DINDIGUL,Palm Oil (Packed),64.0
2012-03-15,THIRUCHIRAPALLI,Palm Oil (Packed),67.0
2012-03-15,HYDERABAD,Palm Oil (Packed),57.0
2012-03-16,BENGALURU,Palm Oil (Packed),67.0
2012-03-16,DHARWAD,Palm Oil (Packed),63.0
2012-03-16,T.PURAM,Palm Oil (Packed),69.0
2012-03-16,ERNAKULAM,Palm Oil (Packed),68.0
2012-03-16,CHENNAI,Palm Oil (Packed),66.0
2012-03-16,DINDIGUL,Palm Oil (Packed),64.0
2012-03-16,THIRUCHIRAPALLI,Palm Oil (Packed),67.0
2012-03-16,HYDERABAD,Palm Oil (Packed),57.0
2012-03-19,BENGALURU,Palm Oil (Packed),67.0
2012-03-19,DHARWAD,Palm Oil (Packed),64.0
2012-03-19,T.PURAM,Palm Oil (Packed),69.0
2012-03-19,ERNAKULAM,Palm Oil (Packed),68.0
2012-03-19,CHENNAI,Palm Oil (Packed),66.0
2012-03-19,DINDIGUL,Palm Oil (Packed),64.0
2012-03-19,THIRUCHIRAPALLI,Palm Oil (Packed),67.0
2012-03-19,HYDERABAD,Palm Oil (Packed),57.0
2012-03-20,BENGALURU,Palm Oil (Packed),67.0
2012-03-20,DHARWAD,Palm Oil (Packed),64.0
2012-03-20,T.PURAM,Palm Oil (Packed),69.0
2012-03-20,ERNAKULAM,Palm Oil (Packed),68.0
2012-03-20,CHENNAI,Palm Oil (Packed),68.0
2012-03-20,DINDIGUL,Palm Oil (Packed),64.0
2012-03-20,THIRUCHIRAPALLI,Palm Oil (Packed),68.0
2012-03-20,HYDERABAD,Palm Oil (Packed),57.0
2012-03-21,BENGALURU,Palm Oil (Packed),67.0
2012-03-21,DHARWAD,Palm Oil (Packed),64.0
2012-03-21,T.PURAM,Palm Oil (Packed),69.0
2012-03-21,ERNAKULAM,Palm Oil (Packed),68.0
2012-03-21,CHENNAI,Palm Oil (Packed),68.0
2012-03-21,DINDIGUL,Palm Oil (Packed),64.0
2012-03-21,THIRUCHIRAPALLI,Palm Oil (Packed),68.0
2012-03-21,HYDERABAD,Palm Oil (Packed),57.0
2012-03-22,BENGALURU,Palm Oil (Packed),67.0
2012-03-22,DHARWAD,Palm Oil (Packed),64.0
2012-03-22,T.PURAM,Palm Oil (Packed),69.0
2012-03-22,ERNAKULAM,Palm Oil (Packed),68.0
2012-03-22,CHENNAI,Palm Oil (Packed),68.0
2012-03-22,DINDIGUL,Palm Oil (Packed),64.0
2012-03-22,THIRUCHIRAPALLI,Palm Oil (Packed),68.0
2012-03-22,HYDERABAD,Palm Oil (Packed),57.0
2012-03-23,BENGALURU,Palm Oil (Packed),
2012-03-23,DHARWAD,Palm Oil (Packed),
2012-03-23,T.PURAM,Palm Oil (Packed),69.0
2012-03-23,ERNAKULAM,Palm Oil (Packed),68.0
2012-03-23,CHENNAI,Palm Oil (Packed),
2012-03-23,DINDIGUL,Palm Oil (Packed),64.0
2012-03-23,THIRUCHIRAPALLI,Palm Oil (Packed),
2012-03-23,HYDERABAD,Palm Oil (Packed),
2012-03-26,BENGALURU,Palm Oil (Packed),68.0
2012-03-26,DHARWAD,Palm Oil (Packed),64.0
2012-03-26,T.PURAM,Palm Oil (Packed),69.0
2012-03-26,ERNAKULAM,Palm Oil (Packed),68.0
2012-03-26,CHENNAI,Palm Oil (Packed),68.0
2012-03-26,DINDIGUL,Palm Oil (Packed),64.0
2012-03-26,THIRUCHIRAPALLI,Palm Oil (Packed),
2012-03-26,HYDERABAD,Palm Oil (Packed),57.0
2012-03-27,BENGALURU,Palm Oil (Packed),68.0
2012-03-27,DHARWAD,Palm Oil (Packed),64.0
2012-03-27,T.PURAM,Palm Oil (Packed),69.0
2012-03-27,ERNAKULAM,Palm Oil (Packed),68.0
2012-03-27,CHENNAI,Palm Oil (Packed),68.0
2012-03-27,DINDIGUL,Palm Oil (Packed),64.0
2012-03-27,THIRUCHIRAPALLI,Palm Oil (Packed),68.0
2012-03-27,HYDERABAD,Palm Oil (Packed),60.0
2012-03-28,BENGALURU,Palm Oil (Packed),67.0
2012-03-28,DHARWAD,Palm Oil (Packed),64.0
2012-03-28,T.PURAM,Palm Oil (Packed),69.0
2012-03-28,ERNAKULAM,Palm Oil (Packed),70.0
2012-03-28,CHENNAI,Palm Oil (Packed),68.0
2012-03-28,DINDIGUL,Palm Oil (Packed),64.0
2012-03-28,THIRUCHIRAPALLI,Palm Oil (Packed),71.0
2012-03-28,HYDERABAD,Palm Oil (Packed),63.0
2012-03-29,BENGALURU,Palm Oil (Packed),67.0
2012-03-29,DHARWAD,Palm Oil (Packed),64.0
2012-03-29,T.PURAM,Palm Oil (Packed),69.0
2012-03-29,ERNAKULAM,Palm Oil (Packed),70.0
2012-03-29,CHENNAI,Palm Oil (Packed),68.0
2012-03-29,DINDIGUL,Palm Oil (Packed),64.0
2012-03-29,THIRUCHIRAPALLI,Palm Oil (Packed),71.0
2012-03-29,HYDERABAD,Palm Oil (Packed),63.0
2012-03-30,BENGALURU,Palm Oil (Packed),69.0
2012-03-30,DHARWAD,Palm Oil (Packed),64.0
2012-03-30,T.PURAM,Palm Oil (Packed),69.0
2012-03-30,ERNAKULAM,Palm Oil (Packed),70.0
2012-03-30,CHENNAI,Palm Oil (Packed),68.0
2012-03-30,DINDIGUL,Palm Oil (Packed),64.0
2012-03-30,THIRUCHIRAPALLI,Palm Oil (Packed),71.0
2012-03-30,HYDERABAD,Palm Oil (Packed),63.0
2012-04-02,BENGALURU,Palm Oil (Packed),69.0
2012-04-02,DHARWAD,Palm Oil (Packed),64.0
2012-04-02,T.PURAM,Palm Oil (Packed),69.0
2012-04-02,ERNAKULAM,Palm Oil (Packed),70.0
2012-04-02,CHENNAI,Palm Oil (Packed),68.0
2012-04-02,DINDIGUL,Palm Oil (Packed),65.0
2012-04-02,THIRUCHIRAPALLI,Palm Oil (Packed),71.0
2012-04-02,HYDERABAD,Palm Oil (Packed),63.0
2012-04-03,BENGALURU,Palm Oil (Packed),69.0
2012-04-03,DHARWAD,Palm Oil (Packed),64.0
2012-04-03,T.PURAM,Palm Oil (Packed),69.0
2012-04-03,ERNAKULAM,Palm Oil (Packed),70.0
2012-04-03,CHENNAI,Palm Oil (Packed),70.0
2012-04-03,DINDIGUL,Palm Oil (Packed),65.0
2012-04-03,THIRUCHIRAPALLI,Palm Oil (Packed),73.0
2012-04-03,HYDERABAD,Palm Oil (Packed),63.0
2012-04-04,BENGALURU,Palm Oil (Packed),
2012-04-04,DHARWAD,Palm Oil (Packed),
2012-04-04,T.PURAM,Palm Oil (Packed),69.0
2012-04-04,ERNAKULAM,Palm Oil (Packed),70.0
2012-04-04,CHENNAI,Palm Oil (Packed),70.0
2012-04-04,DINDIGUL,Palm Oil (Packed),68.0
2012-04-04,THIRUCHIRAPALLI,Palm Oil (Packed),73.0
2012-04-04,HYDERABAD,Palm Oil (Packed),63.0
2012-04-09,BENGALURU,Palm Oil (Packed),71.0
2012-04-09,DHARWAD,Palm Oil (Packed),64.0
2012-04-09,T.PURAM,Palm Oil (Packed),69.0
2012-04-09,ERNAKULAM,Palm Oil (Packed),70.0
2012-04-09,CHENNAI,Palm Oil (Packed),73.0
2012-04-09,DINDIGUL,Palm Oil (Packed),68.0
2012-04-09,THIRUCHIRAPALLI,Palm Oil (Packed),73.0
2012-04-09,HYDERABAD,Palm Oil (Packed),63.0
2012-04-10,BENGALURU,Palm Oil (Packed),71.0
2012-04-10,DHARWAD,Palm Oil (Packed),64.0
2012-04-10,T.PURAM,Palm Oil (Packed),69.0
2012-04-10,ERNAKULAM,Palm Oil (Packed),70.0
2012-04-10,CHENNAI,Palm Oil (Packed),73.0
2012-04-10,DINDIGUL,Palm Oil (Packed),75.0
2012-04-10,THIRUCHIRAPALLI,Palm Oil (Packed),75.0
2012-04-10,HYDERABAD,Palm Oil (Packed),63.0
2012-04-11,BENGALURU,Palm Oil (Packed),71.0
2012-04-11,DHARWAD,Palm Oil (Packed),64.0
2012-04-11,T.PURAM,Palm Oil (Packed),69.0
2012-04-11,ERNAKULAM,Palm Oil (Packed),70.0
2012-04-11,CHENNAI,Palm Oil (Packed),73.0
2012-04-11,DINDIGUL,Palm Oil (Packed),75.0
2012-04-11,THIRUCHIRAPALLI,Palm Oil (Packed),75.0
2012-04-11,HYDERABAD,Palm Oil (Packed),63.0
2012-04-12,BENGALURU,Palm Oil (Packed),71.0
2012-04-12,DHARWAD,Palm Oil (Packed),64.0
2012-04-12,T.PURAM,Palm Oil (Packed),69.0
2012-04-12,ERNAKULAM,Palm Oil (Packed),70.0
2012-04-12,CHENNAI,Palm Oil (Packed),73.0
2012-04-12,DINDIGUL,Palm Oil (Packed),75.0
2012-04-12,THIRUCHIRAPALLI,Palm Oil (Packed),75.0
2012-04-12,HYDERABAD,Palm Oil (Packed),63.0
2012-04-13,BENGALURU,Palm Oil (Packed),74.0
2012-04-13,DHARWAD,Palm Oil (Packed),64.0
2012-04-13,T.PURAM,Palm Oil (Packed),69.0
2012-04-13,ERNAKULAM,Palm Oil (Packed),70.0
2012-04-13,CHENNAI,Palm Oil (Packed),
2012-04-13,DINDIGUL,Palm Oil (Packed),
2012-04-13,THIRUCHIRAPALLI,Palm Oil (Packed),
2012-04-13,HYDERABAD,Palm Oil (Packed),63.0
2012-04-16,BENGALURU,Palm Oil (Packed),74.0
2012-04-16,DHARWAD,Palm Oil (Packed),64.0
2012-04-16,T.PURAM,Palm Oil (Packed),69.0
2012-04-16,ERNAKULAM,Palm Oil (Packed),70.0
2012-04-16,CHENNAI,Palm Oil (Packed),73.0
2012-04-16,DINDIGUL,Palm Oil (Packed),73.0
2012-04-16,THIRUCHIRAPALLI,Palm Oil (Packed),75.0
2012-04-16,HYDERABAD,Palm Oil (Packed),63.0
2012-04-17,BENGALURU,Palm Oil (Packed),74.0
2012-04-17,DHARWAD,Palm Oil (Packed),64.0
2012-04-17,T.PURAM,Palm Oil (Packed),69.0
2012-04-17,ERNAKULAM,Palm Oil (Packed),71.0
2012-04-17,CHENNAI,Palm Oil (Packed),73.0
2012-04-17,DINDIGUL,Palm Oil (Packed),73.0
2012-04-17,THIRUCHIRAPALLI,Palm Oil (Packed),75.0
2012-04-17,HYDERABAD,Palm Oil (Packed),63.0
2012-04-18,BENGALURU,Palm Oil (Packed),74.0
2012-04-18,DHARWAD,Palm Oil (Packed),64.0
2012-04-18,T.PURAM,Palm Oil (Packed),69.0
2012-04-18,ERNAKULAM,Palm Oil (Packed),73.0
2012-04-18,CHENNAI,Palm Oil (Packed),73.0
2012-04-18,DINDIGUL,Palm Oil (Packed),73.0
2012-04-18,THIRUCHIRAPALLI,Palm Oil (Packed),75.0
2012-04-18,HYDERABAD,Palm Oil (Packed),63.0
2012-04-19,BENGALURU,Palm Oil (Packed),74.0
2012-04-19,DHARWAD,Palm Oil (Packed),64.0
2012-04-19,T.PURAM,Palm Oil (Packed),69.0
2012-04-19,ERNAKULAM,Palm Oil (Packed),73.0
2012-04-19,CHENNAI,Palm Oil (Packed),73.0
2012-04-19,DINDIGUL,Palm Oil (Packed),73.0
2012-04-19,THIRUCHIRAPALLI,Palm Oil (Packed),75.0
2012-04-19,HYDERABAD,Palm Oil (Packed),63.0
2012-04-20,BENGALURU,Palm Oil (Packed),73.0
2012-04-20,DHARWAD,Palm Oil (Packed),64.0
2012-04-20,T.PURAM,Palm Oil (Packed),69.0
2012-04-20,ERNAKULAM,Palm Oil (Packed),73.0
2012-04-20,CHENNAI,Palm Oil (Packed),74.0
2012-04-20,DINDIGUL,Palm Oil (Packed),73.0
2012-04-20,THIRUCHIRAPALLI,Palm Oil (Packed),75.0
2012-04-20,HYDERABAD,Palm Oil (Packed),63.0
2012-04-23,BENGALURU,Palm Oil (Packed),73.0
2012-04-23,DHARWAD,Palm Oil (Packed),64.0
2012-04-23,T.PURAM,Palm Oil (Packed),
2012-04-23,ERNAKULAM,Palm Oil (Packed),
2012-04-23,CHENNAI,Palm Oil (Packed),74.0
2012-04-23,DINDIGUL,Palm Oil (Packed),73.0
2012-04-23,THIRUCHIRAPALLI,Palm Oil (Packed),75.0
2012-04-23,HYDERABAD,Palm Oil (Packed),63.0
2012-04-24,BENGALURU,Palm Oil (Packed),
2012-04-24,DHARWAD,Palm Oil (Packed),
2012-04-24,T.PURAM,Palm Oil (Packed),69.0
2012-04-24,ERNAKULAM,Palm Oil (Packed),73.0
2012-04-24,CHENNAI,Palm Oil (Packed),74.0
2012-04-24,DINDIGUL,Palm Oil (Packed),73.0
2012-04-24,THIRUCHIRAPALLI,Palm Oil (Packed),75.0
2012-04-24,HYDERABAD,Palm Oil (Packed),63.0
2012-04-25,BENGALURU,Palm Oil (Packed),73.0
2012-04-25,DHARWAD,Palm Oil (Packed),64.0
2012-04-25,T.PURAM,Palm Oil (Packed),69.0
2012-04-25,ERNAKULAM,Palm Oil (Packed),73.0
2012-04-25,CHENNAI,Palm Oil (Packed),74.0
2012-04-25,DINDIGUL,Palm Oil (Packed),73.0
2012-04-25,THIRUCHIRAPALLI,Palm Oil (Packed),77.0
2012-04-25,HYDERABAD,Palm Oil (Packed),63.0
2012-04-26,BENGALURU,Palm Oil (Packed),
2012-04-26,DHARWAD,Palm Oil (Packed),
2012-04-26,T.PURAM,Palm Oil (Packed),69.0
2012-04-26,ERNAKULAM,Palm Oil (Packed),73.0
2012-04-26,CHENNAI,Palm Oil (Packed),74.0
2012-04-26,DINDIGUL,Palm Oil (Packed),73.0
2012-04-26,THIRUCHIRAPALLI,Palm Oil (Packed),77.0
2012-04-26,HYDERABAD,Palm Oil (Packed),63.0
2012-04-27,BENGALURU,Palm Oil (Packed),
2012-04-27,DHARWAD,Palm Oil (Packed),
2012-04-27,T.PURAM,Palm Oil (Packed),69.0
2012-04-27,ERNAKULAM,Palm Oil (Packed),73.0
2012-04-27,CHENNAI,Palm Oil (Packed),74.0
2012-04-27,DINDIGUL,Palm Oil (Packed),73.0
2012-04-27,THIRUCHIRAPALLI,Palm Oil (Packed),77.0
2012-04-27,HYDERABAD,Palm Oil (Packed),63.0
2012-04-30,BENGALURU,Palm Oil (Packed),73.0
2012-04-30,DHARWAD,Palm Oil (Packed),64.0
2012-04-30,T.PURAM,Palm Oil (Packed),69.0
2012-04-30,ERNAKULAM,Palm Oil (Packed),73.0
2012-04-30,CHENNAI,Palm Oil (Packed),74.0
2012-04-30,DINDIGUL,Palm Oil (Packed),73.0
2012-04-30,THIRUCHIRAPALLI,Palm Oil (Packed),77.0
2012-04-30,HYDERABAD,Palm Oil (Packed),63.0
2012-05-01,BENGALURU,Palm Oil (Packed),
2012-05-01,DHARWAD,Palm Oil (Packed),
2012-05-01,T.PURAM,Palm Oil (Packed),
2012-05-01,ERNAKULAM,Palm Oil (Packed),
2012-05-01,CHENNAI,Palm Oil (Packed),
2012-05-01,DINDIGUL,Palm Oil (Packed),73.0
2012-05-01,THIRUCHIRAPALLI,Palm Oil (Packed),
2012-05-01,HYDERABAD,Palm Oil (Packed),63.0
2012-05-02,BENGALURU,Palm Oil (Packed),73.0
2012-05-02,DHARWAD,Palm Oil (Packed),64.0
2012-05-02,T.PURAM,Palm Oil (Packed),69.0
2012-05-02,ERNAKULAM,Palm Oil (Packed),71.0
2012-05-02,CHENNAI,Palm Oil (Packed),74.0
2012-05-02,DINDIGUL,Palm Oil (Packed),73.0
2012-05-02,THIRUCHIRAPALLI,Palm Oil (Packed),77.0
2012-05-02,HYDERABAD,Palm Oil (Packed),63.0
2012-05-03,BENGALURU,Palm Oil (Packed),73.0
2012-05-03,DHARWAD,Palm Oil (Packed),64.0
2012-05-03,T.PURAM,Palm Oil (Packed),69.0
2012-05-03,ERNAKULAM,Palm Oil (Packed),71.0
2012-05-03,CHENNAI,Palm Oil (Packed),74.0
2012-05-03,DINDIGUL,Palm Oil (Packed),73.0
2012-05-03,THIRUCHIRAPALLI,Palm Oil (Packed),77.0
2012-05-03,HYDERABAD,Palm Oil (Packed),63.0
2012-05-04,BENGALURU,Palm Oil (Packed),73.0
2012-05-04,DHARWAD,Palm Oil (Packed),64.0
2012-05-04,T.PURAM,Palm Oil (Packed),69.0
2012-05-04,ERNAKULAM,Palm Oil (Packed),71.0
2012-05-04,CHENNAI,Palm Oil (Packed),74.0
2012-05-04,DINDIGUL,Palm Oil (Packed),73.0
2012-05-04,THIRUCHIRAPALLI,Palm Oil (Packed),77.0
2012-05-04,HYDERABAD,Palm Oil (Packed),63.0
2012-05-07,BENGALURU,Palm Oil (Packed),73.0
2012-05-07,DHARWAD,Palm Oil (Packed),64.0
2012-05-07,T.PURAM,Palm Oil (Packed),69.0
2012-05-07,ERNAKULAM,Palm Oil (Packed),71.0
2012-05-07,CHENNAI,Palm Oil (Packed),74.0
2012-05-07,DINDIGUL,Palm Oil (Packed),73.0
2012-05-07,THIRUCHIRAPALLI,Palm Oil (Packed),77.0
2012-05-07,HYDERABAD,Palm Oil (Packed),63.0
2012-05-08,BENGALURU,Palm Oil (Packed),
2012-05-08,DHARWAD,Palm Oil (Packed),
2012-05-08,T.PURAM,Palm Oil (Packed),69.0
2012-05-08,ERNAKULAM,Palm Oil (Packed),71.0
2012-05-08,CHENNAI,Palm Oil (Packed),74.0
2012-05-08,DINDIGUL,Palm Oil (Packed),73.0
2012-05-08,THIRUCHIRAPALLI,Palm Oil (Packed),79.0
2012-05-08,HYDERABAD,Palm Oil (Packed),63.0
2012-05-09,BENGALURU,Palm Oil (Packed),73.0
2012-05-09,DHARWAD,Palm Oil (Packed),64.0
2012-05-09,T.PURAM,Palm Oil (Packed),69.0
2012-05-09,ERNAKULAM,Palm Oil (Packed),71.0
2012-05-09,CHENNAI,Palm Oil (Packed),74.0
2012-05-09,DINDIGUL,Palm Oil (Packed),73.0
2012-05-09,THIRUCHIRAPALLI,Palm Oil (Packed),79.0
2012-05-09,HYDERABAD,Palm Oil (Packed),63.0
2012-05-10,BENGALURU,Palm Oil (Packed),73.0
2012-05-10,DHARWAD,Palm Oil (Packed),66.0
2012-05-10,T.PURAM,Palm Oil (Packed),69.0
2012-05-10,ERNAKULAM,Palm Oil (Packed),71.0
2012-05-10,CHENNAI,Palm Oil (Packed),74.0
2012-05-10,DINDIGUL,Palm Oil (Packed),73.0
2012-05-10,THIRUCHIRAPALLI,Palm Oil (Packed),79.0
2012-05-10,HYDERABAD,Palm Oil (Packed),63.0
2012-05-11,BENGALURU,Palm Oil (Packed),73.0
2012-05-11,DHARWAD,Palm Oil (Packed),66.0
2012-05-11,T.PURAM,Palm Oil (Packed),69.0
2012-05-11,ERNAKULAM,Palm Oil (Packed),71.0
2012-05-11,CHENNAI,Palm Oil (Packed),74.0
2012-05-11,DINDIGUL,Palm Oil (Packed),73.0
2012-05-11,THIRUCHIRAPALLI,Palm Oil (Packed),79.0
2012-05-11,HYDERABAD,Palm Oil (Packed),63.0
2012-05-14,BENGALURU,Palm Oil (Packed),73.0
2012-05-14,DHARWAD,Palm Oil (Packed),68.0
2012-05-14,T.PURAM,Palm Oil (Packed),69.0
2012-05-14,ERNAKULAM,Palm Oil (Packed),71.0
2012-05-14,CHENNAI,Palm Oil (Packed),74.0
2012-05-14,DINDIGUL,Palm Oil (Packed),73.0
2012-05-14,THIRUCHIRAPALLI,Palm Oil (Packed),79.0
2012-05-14,HYDERABAD,Palm Oil (Packed),64.0
2012-05-15,BENGALURU,Palm Oil (Packed),73.0
2012-05-15,DHARWAD,Palm Oil (Packed),68.0
2012-05-15,T.PURAM,Palm Oil (Packed),69.0
2012-05-15,ERNAKULAM,Palm Oil (Packed),71.0
2012-05-15,CHENNAI,Palm Oil (Packed),74.0
2012-05-15,DINDIGUL,Palm Oil (Packed),73.0
2012-05-15,THIRUCHIRAPALLI,Palm Oil (Packed),77.0
2012-05-15,HYDERABAD,Palm Oil (Packed),64.0
2012-05-16,BENGALURU,Palm Oil (Packed),73.0
2012-05-16,DHARWAD,Palm Oil (Packed),68.0
2012-05-16,T.PURAM,Palm Oil (Packed),69.0
2012-05-16,ERNAKULAM,Palm Oil (Packed),69.0
2012-05-16,CHENNAI,Palm Oil (Packed),74.0
2012-05-16,DINDIGUL,Palm Oil (Packed),73.0
2012-05-16,THIRUCHIRAPALLI,Palm Oil (Packed),77.0
2012-05-16,HYDERABAD,Palm Oil (Packed),64.0
2012-05-17,BENGALURU,Palm Oil (Packed),73.0
2012-05-17,DHARWAD,Palm Oil (Packed),68.0
2012-05-17,T.PURAM,Palm Oil (Packed),69.0
2012-05-17,ERNAKULAM,Palm Oil (Packed),69.0
2012-05-17,CHENNAI,Palm Oil (Packed),74.0
2012-05-17,DINDIGUL,Palm Oil (Packed),73.0
2012-05-17,THIRUCHIRAPALLI,Palm Oil (Packed),77.0
2012-05-17,HYDERABAD,Palm Oil (Packed),64.0
2012-05-18,BENGALURU,Palm Oil (Packed),73.0
2012-05-18,DHARWAD,Palm Oil (Packed),68.0
2012-05-18,T.PURAM,Palm Oil (Packed),69.0
2012-05-18,ERNAKULAM,Palm Oil (Packed),71.0
2012-05-18,CHENNAI,Palm Oil (Packed),74.0
2012-05-18,DINDIGUL,Palm Oil (Packed),73.0
2012-05-18,THIRUCHIRAPALLI,Palm Oil (Packed),77.0
2012-05-18,HYDERABAD,Palm Oil (Packed),64.0
2012-05-21,BENGALURU,Palm Oil (Packed),73.0
2012-05-21,DHARWAD,Palm Oil (Packed),68.0
2012-05-21,T.PURAM,Palm Oil (Packed),69.0
2012-05-21,ERNAKULAM,Palm Oil (Packed),73.0
2012-05-21,CHENNAI,Palm Oil (Packed),74.0
2012-05-21,DINDIGUL,Palm Oil (Packed),73.0
2012-05-21,THIRUCHIRAPALLI,Palm Oil (Packed),77.0
2012-05-21,HYDERABAD,Palm Oil (Packed),66.0
2012-05-22,BENGALURU,Palm Oil (Packed),71.0
2012-05-22,DHARWAD,Palm Oil (Packed),68.0
2012-05-22,T.PURAM,Palm Oil (Packed),69.0
2012-05-22,ERNAKULAM,Palm Oil (Packed),73.0
2012-05-22,CHENNAI,Palm Oil (Packed),74.0
2012-05-22,DINDIGUL,Palm Oil (Packed),73.0
2012-05-22,THIRUCHIRAPALLI,Palm Oil (Packed),77.0
2012-05-22,HYDERABAD,Palm Oil (Packed),66.0
2012-05-23,BENGALURU,Palm Oil (Packed),71.0
2012-05-23,DHARWAD,Palm Oil (Packed),68.0
2012-05-23,T.PURAM,Palm Oil (Packed),69.0
2012-05-23,ERNAKULAM,Palm Oil (Packed),74.0
2012-05-23,CHENNAI,Palm Oil (Packed),74.0
2012-05-23,DINDIGUL,Palm Oil (Packed),73.0
2012-05-23,THIRUCHIRAPALLI,Palm Oil (Packed),74.0
2012-05-23,HYDERABAD,Palm Oil (Packed),66.0
2012-05-24,BENGALURU,Palm Oil (Packed),71.0
2012-05-24,DHARWAD,Palm Oil (Packed),68.0
2012-05-24,T.PURAM,Palm Oil (Packed),
2012-05-24,ERNAKULAM,Palm Oil (Packed),
2012-05-24,CHENNAI,Palm Oil (Packed),74.0
2012-05-24,DINDIGUL,Palm Oil (Packed),73.0
2012-05-24,THIRUCHIRAPALLI,Palm Oil (Packed),74.0
2012-05-24,HYDERABAD,Palm Oil (Packed),66.0
2012-05-25,BENGALURU,Palm Oil (Packed),71.0
2012-05-25,DHARWAD,Palm Oil (Packed),70.0
2012-05-25,T.PURAM,Palm Oil (Packed),69.0
2012-05-25,ERNAKULAM,Palm Oil (Packed),73.0
2012-05-25,CHENNAI,Palm Oil (Packed),74.0
2012-05-25,DINDIGUL,Palm Oil (Packed),73.0
2012-05-25,THIRUCHIRAPALLI,Palm Oil (Packed),74.0
2012-05-25,HYDERABAD,Palm Oil (Packed),66.0
2012-05-28,BENGALURU,Palm Oil (Packed),71.0
2012-05-28,DHARWAD,Palm Oil (Packed),70.0
2012-05-28,T.PURAM,Palm Oil (Packed),69.0
2012-05-28,ERNAKULAM,Palm Oil (Packed),73.0
2012-05-28,CHENNAI,Palm Oil (Packed),74.0
2012-05-28,DINDIGUL,Palm Oil (Packed),73.0
2012-05-28,THIRUCHIRAPALLI,Palm Oil (Packed),74.0
2012-05-28,HYDERABAD,Palm Oil (Packed),66.0
2012-05-29,BENGALURU,Palm Oil (Packed),71.0
2012-05-29,DHARWAD,Palm Oil (Packed),70.0
2012-05-29,T.PURAM,Palm Oil (Packed),69.0
2012-05-29,ERNAKULAM,Palm Oil (Packed),73.0
2012-05-29,CHENNAI,Palm Oil (Packed),74.0
2012-05-29,DINDIGUL,Palm Oil (Packed),73.0
2012-05-29,THIRUCHIRAPALLI,Palm Oil (Packed),74.0
2012-05-29,HYDERABAD,Palm Oil (Packed),66.0
2012-05-30,BENGALURU,Palm Oil (Packed),
2012-05-30,DHARWAD,Palm Oil (Packed),
2012-05-30,T.PURAM,Palm Oil (Packed),69.0
2012-05-30,ERNAKULAM,Palm Oil (Packed),73.0
2012-05-30,CHENNAI,Palm Oil (Packed),74.0
2012-05-30,DINDIGUL,Palm Oil (Packed),73.0
2012-05-30,THIRUCHIRAPALLI,Palm Oil (Packed),74.0
2012-05-30,HYDERABAD,Palm Oil (Packed),66.0
2012-05-31,BENGALURU,Palm Oil (Packed),
2012-05-31,DHARWAD,Palm Oil (Packed),
2012-05-31,T.PURAM,Palm Oil (Packed),69.0
2012-05-31,ERNAKULAM,Palm Oil (Packed),73.0
2012-05-31,CHENNAI,Palm Oil (Packed),74.0
2012-05-31,DINDIGUL,Palm Oil (Packed),73.0
2012-05-31,THIRUCHIRAPALLI,Palm Oil (Packed),74.0
2012-05-31,HYDERABAD,Palm Oil (Packed),66.0
2012-06-01,BENGALURU,Palm Oil (Packed),71.0
2012-06-01,DHARWAD,Palm Oil (Packed),70.0
2012-06-01,T.PURAM,Palm Oil (Packed),69.0
2012-06-01,ERNAKULAM,Palm Oil (Packed),73.0
2012-06-01,CHENNAI,Palm Oil (Packed),74.0
2012-06-01,DINDIGUL,Palm Oil (Packed),73.0
2012-06-01,THIRUCHIRAPALLI,Palm Oil (Packed),74.0
2012-06-01,HYDERABAD,Palm Oil (Packed),66.0
2012-06-04,BENGALURU,Palm Oil (Packed),71.0
2012-06-04,DHARWAD,Palm Oil (Packed),70.0
2012-06-04,T.PURAM,Palm Oil (Packed),69.0
2012-06-04,ERNAKULAM,Palm Oil (Packed),73.0
2012-06-04,CHENNAI,Palm Oil (Packed),74.0
2012-06-04,DINDIGUL,Palm Oil (Packed),73.0
2012-06-04,THIRUCHIRAPALLI,Palm Oil (Packed),74.0
2012-06-04,HYDERABAD,Palm Oil (Packed),66.0
2012-06-05,BENGALURU,Palm Oil (Packed),74.0
2012-06-05,DHARWAD,Palm Oil (Packed),70.0
2012-06-05,T.PURAM,Palm Oil (Packed),69.0
2012-06-05,ERNAKULAM,Palm Oil (Packed),70.0
2012-06-05,PUDUCHERRY,Palm Oil (Packed),
2012-06-05,CHENNAI,Palm Oil (Packed),74.0
2012-06-05,DINDIGUL,Palm Oil (Packed),73.0
2012-06-05,THIRUCHIRAPALLI,Palm Oil (Packed),74.0
2012-06-05,HYDERABAD,Palm Oil (Packed),66.0
2012-06-06,PANAJI,Palm Oil (Packed),
2012-06-06,BENGALURU,Palm Oil (Packed),74.0
2012-06-06,DHARWAD,Palm Oil (Packed),70.0
2012-06-06,T.PURAM,Palm Oil (Packed),
2012-06-06,ERNAKULAM,Palm Oil (Packed),70.0
2012-06-06,PUDUCHERRY,Palm Oil (Packed),
2012-06-06,CHENNAI,Palm Oil (Packed),74.0
2012-06-06,DINDIGUL,Palm Oil (Packed),73.0
2012-06-06,THIRUCHIRAPALLI,Palm Oil (Packed),74.0
2012-06-06,HYDERABAD,Palm Oil (Packed),66.0
2012-06-07,PANAJI,Palm Oil (Packed),
2012-06-07,BENGALURU,Palm Oil (Packed),74.0
2012-06-07,DHARWAD,Palm Oil (Packed),70.0
2012-06-07,T.PURAM,Palm Oil (Packed),67.0
2012-06-07,ERNAKULAM,Palm Oil (Packed),69.0
2012-06-07,PUDUCHERRY,Palm Oil (Packed),
2012-06-07,CHENNAI,Palm Oil (Packed),74.0
2012-06-07,DINDIGUL,Palm Oil (Packed),73.0
2012-06-07,THIRUCHIRAPALLI,Palm Oil (Packed),74.0
2012-06-07,HYDERABAD,Palm Oil (Packed),66.0
2012-06-08,PANAJI,Palm Oil (Packed),
2012-06-08,BENGALURU,Palm Oil (Packed),74.0
2012-06-08,DHARWAD,Palm Oil (Packed),70.0
2012-06-08,T.PURAM,Palm Oil (Packed),67.0
2012-06-08,ERNAKULAM,Palm Oil (Packed),69.0
2012-06-08,PUDUCHERRY,Palm Oil (Packed),
2012-06-08,CHENNAI,Palm Oil (Packed),74.0
2012-06-08,DINDIGUL,Palm Oil (Packed),73.0
2012-06-08,THIRUCHIRAPALLI,Palm Oil (Packed),74.0
2012-06-08,HYDERABAD,Palm Oil (Packed),66.0
2012-06-11,PANAJI,Palm Oil (Packed),
2012-06-11,BENGALURU,Palm Oil (Packed),74.0
2012-06-11,DHARWAD,Palm Oil (Packed),70.0
2012-06-11,T.PURAM,Palm Oil (Packed),67.0
2012-06-11,ERNAKULAM,Palm Oil (Packed),69.0
2012-06-11,PUDUCHERRY,Palm Oil (Packed),
2012-06-11,CHENNAI,Palm Oil (Packed),71.0
2012-06-11,DINDIGUL,Palm Oil (Packed),72.0
2012-06-11,THIRUCHIRAPALLI,Palm Oil (Packed),74.0
2012-06-11,HYDERABAD,Palm Oil (Packed),66.0
2012-06-12,PANAJI,Palm Oil (Packed),
2012-06-12,BENGALURU,Palm Oil (Packed),74.0
2012-06-12,DHARWAD,Palm Oil (Packed),70.0
2012-06-12,T.PURAM,Palm Oil (Packed),67.0
2012-06-12,ERNAKULAM,Palm Oil (Packed),69.0
2012-06-12,PUDUCHERRY,Palm Oil (Packed),68.0
2012-06-12,CHENNAI,Palm Oil (Packed),71.0
2012-06-12,DINDIGUL,Palm Oil (Packed),72.0
2012-06-12,THIRUCHIRAPALLI,Palm Oil (Packed),71.0
2012-06-12,HYDERABAD,Palm Oil (Packed),66.0
2012-06-13,PANAJI,Palm Oil (Packed),
2012-06-13,BENGALURU,Palm Oil (Packed),
2012-06-13,DHARWAD,Palm Oil (Packed),
2012-06-13,T.PURAM,Palm Oil (Packed),67.0
2012-06-13,ERNAKULAM,Palm Oil (Packed),69.0
2012-06-13,PUDUCHERRY,Palm Oil (Packed),68.0
2012-06-13,CHENNAI,Palm Oil (Packed),71.0
2012-06-13,DINDIGUL,Palm Oil (Packed),72.0
2012-06-13,THIRUCHIRAPALLI,Palm Oil (Packed),71.0
2012-06-13,HYDERABAD,Palm Oil (Packed),66.0
2012-06-14,PANAJI,Palm Oil (Packed),
2012-06-14,BENGALURU,Palm Oil (Packed),
2012-06-14,DHARWAD,Palm Oil (Packed),
2012-06-14,T.PURAM,Palm Oil (Packed),67.0
2012-06-14,ERNAKULAM,Palm Oil (Packed),69.0
2012-06-14,PUDUCHERRY,Palm Oil (Packed),68.0
2012-06-14,CHENNAI,Palm Oil (Packed),71.0
2012-06-14,DINDIGUL,Palm Oil (Packed),72.0
2012-06-14,THIRUCHIRAPALLI,Palm Oil (Packed),71.0
2012-06-14,HYDERABAD,Palm Oil (Packed),66.0
2012-06-15,PANAJI,Palm Oil (Packed),
2012-06-15,BENGALURU,Palm Oil (Packed),69.0
2012-06-15,DHARWAD,Palm Oil (Packed),70.0
2012-06-15,T.PURAM,Palm Oil (Packed),67.0
2012-06-15,ERNAKULAM,Palm Oil (Packed),69.0
2012-06-15,PUDUCHERRY,Palm Oil (Packed),68.0
2012-06-15,CHENNAI,Palm Oil (Packed),71.0
2012-06-15,DINDIGUL,Palm Oil (Packed),72.0
2012-06-15,THIRUCHIRAPALLI,Palm Oil (Packed),71.0
2012-06-15,HYDERABAD,Palm Oil (Packed),66.0
2012-06-18,PANAJI,Palm Oil (Packed),
2012-06-18,BENGALURU,Palm Oil (Packed),
2012-06-18,DHARWAD,Palm Oil (Packed),
2012-06-18,T.PURAM,Palm Oil (Packed),67.0
2012-06-18,ERNAKULAM,Palm Oil (Packed),71.0
2012-06-18,PUDUCHERRY,Palm Oil (Packed),67.0
2012-06-18,CHENNAI,Palm Oil (Packed),71.0
2012-06-18,DINDIGUL,Palm Oil (Packed),70.0
2012-06-18,THIRUCHIRAPALLI,Palm Oil (Packed),71.0
2012-06-18,HYDERABAD,Palm Oil (Packed),66.0
2012-06-19,PANAJI,Palm Oil (Packed),
2012-06-19,BENGALURU,Palm Oil (Packed),
2012-06-19,DHARWAD,Palm Oil (Packed),
2012-06-19,T.PURAM,Palm Oil (Packed),67.0
2012-06-19,ERNAKULAM,Palm Oil (Packed),71.0
2012-06-19,PUDUCHERRY,Palm Oil (Packed),67.0
2012-06-19,CHENNAI,Palm Oil (Packed),71.0
2012-06-19,DINDIGUL,Palm Oil (Packed),70.0
2012-06-19,THIRUCHIRAPALLI,Palm Oil (Packed),71.0
2012-06-19,HYDERABAD,Palm Oil (Packed),66.0
2012-06-20,PANAJI,Palm Oil (Packed),
2012-06-20,BENGALURU,Palm Oil (Packed),
2012-06-20,DHARWAD,Palm Oil (Packed),
2012-06-20,T.PURAM,Palm Oil (Packed),67.0
2012-06-20,ERNAKULAM,Palm Oil (Packed),71.0
2012-06-20,PUDUCHERRY,Palm Oil (Packed),67.0
2012-06-20,CHENNAI,Palm Oil (Packed),71.0
2012-06-20,DINDIGUL,Palm Oil (Packed),70.0
2012-06-20,THIRUCHIRAPALLI,Palm Oil (Packed),69.0
2012-06-20,HYDERABAD,Palm Oil (Packed),66.0
2012-06-21,PANAJI,Palm Oil (Packed),
2012-06-21,BENGALURU,Palm Oil (Packed),
2012-06-21,DHARWAD,Palm Oil (Packed),
2012-06-21,T.PURAM,Palm Oil (Packed),68.0
2012-06-21,ERNAKULAM,Palm Oil (Packed),71.0
2012-06-21,PUDUCHERRY,Palm Oil (Packed),67.0
2012-06-21,CHENNAI,Palm Oil (Packed),71.0
2012-06-21,DINDIGUL,Palm Oil (Packed),70.0
2012-06-21,THIRUCHIRAPALLI,Palm Oil (Packed),69.0
2012-06-21,HYDERABAD,Palm Oil (Packed),66.0
2012-06-22,PANAJI,Palm Oil (Packed),
2012-06-22,BENGALURU,Palm Oil (Packed),69.0
2012-06-22,DHARWAD,Palm Oil (Packed),70.0
2012-06-22,T.PURAM,Palm Oil (Packed),68.0
2012-06-22,ERNAKULAM,Palm Oil (Packed),71.0
2012-06-22,PUDUCHERRY,Palm Oil (Packed),67.0
2012-06-22,CHENNAI,Palm Oil (Packed),71.0
2012-06-22,DINDIGUL,Palm Oil (Packed),70.0
2012-06-22,THIRUCHIRAPALLI,Palm Oil (Packed),69.0
2012-06-22,HYDERABAD,Palm Oil (Packed),66.0
2012-06-25,PANAJI,Palm Oil (Packed),
2012-06-25,BENGALURU,Palm Oil (Packed),67.0
2012-06-25,DHARWAD,Palm Oil (Packed),70.0
2012-06-25,T.PURAM,Palm Oil (Packed),68.0
2012-06-25,ERNAKULAM,Palm Oil (Packed),71.0
2012-06-25,PUDUCHERRY,Palm Oil (Packed),67.0
2012-06-25,CHENNAI,Palm Oil (Packed),71.0
2012-06-25,DINDIGUL,Palm Oil (Packed),70.0
2012-06-25,THIRUCHIRAPALLI,Palm Oil (Packed),69.0
2012-06-25,HYDERABAD,Palm Oil (Packed),66.0
2012-06-26,PANAJI,Palm Oil (Packed),
2012-06-26,BENGALURU,Palm Oil (Packed),
2012-06-26,DHARWAD,Palm Oil (Packed),
2012-06-26,T.PURAM,Palm Oil (Packed),68.0
2012-06-26,ERNAKULAM,Palm Oil (Packed),71.0
2012-06-26,PUDUCHERRY,Palm Oil (Packed),67.0
2012-06-26,CHENNAI,Palm Oil (Packed),71.0
2012-06-26,DINDIGUL,Palm Oil (Packed),70.0
2012-06-26,THIRUCHIRAPALLI,Palm Oil (Packed),69.0
2012-06-26,HYDERABAD,Palm Oil (Packed),66.0
2012-06-27,PANAJI,Palm Oil (Packed),
2012-06-27,BENGALURU,Palm Oil (Packed),68.0
2012-06-27,DHARWAD,Palm Oil (Packed),70.0
2012-06-27,T.PURAM,Palm Oil (Packed),68.0
2012-06-27,ERNAKULAM,Palm Oil (Packed),71.0
2012-06-27,PUDUCHERRY,Palm Oil (Packed),67.0
2012-06-27,CHENNAI,Palm Oil (Packed),71.0
2012-06-27,DINDIGUL,Palm Oil (Packed),70.0
2012-06-27,THIRUCHIRAPALLI,Palm Oil (Packed),69.0
2012-06-27,HYDERABAD,Palm Oil (Packed),66.0
2012-06-28,PANAJI,Palm Oil (Packed),
2012-06-28,BENGALURU,Palm Oil (Packed),68.0
2012-06-28,DHARWAD,Palm Oil (Packed),70.0
2012-06-28,T.PURAM,Palm Oil (Packed),68.0
2012-06-28,ERNAKULAM,Palm Oil (Packed),
2012-06-28,PUDUCHERRY,Palm Oil (Packed),67.0
2012-06-28,CHENNAI,Palm Oil (Packed),71.0
2012-06-28,DINDIGUL,Palm Oil (Packed),70.0
2012-06-28,THIRUCHIRAPALLI,Palm Oil (Packed),69.0
2012-06-28,HYDERABAD,Palm Oil (Packed),66.0
2012-06-29,PANAJI,Palm Oil (Packed),
2012-06-29,BENGALURU,Palm Oil (Packed),68.0
2012-06-29,DHARWAD,Palm Oil (Packed),70.0
2012-06-29,T.PURAM,Palm Oil (Packed),68.0
2012-06-29,ERNAKULAM,Palm Oil (Packed),71.0
2012-06-29,PUDUCHERRY,Palm Oil (Packed),67.0
2012-06-29,CHENNAI,Palm Oil (Packed),71.0
2012-06-29,DINDIGUL,Palm Oil (Packed),70.0
2012-06-29,THIRUCHIRAPALLI,Palm Oil (Packed),69.0
2012-06-29,HYDERABAD,Palm Oil (Packed),66.0
2012-07-02,PANAJI,Palm Oil (Packed),
2012-07-02,BENGALURU,Palm Oil (Packed),68.0
2012-07-02,DHARWAD,Palm Oil (Packed),70.0
2012-07-02,T.PURAM,Palm Oil (Packed),68.0
2012-07-02,ERNAKULAM,Palm Oil (Packed),71.0
2012-07-02,PUDUCHERRY,Palm Oil (Packed),68.0
2012-07-02,CHENNAI,Palm Oil (Packed),70.0
2012-07-02,DINDIGUL,Palm Oil (Packed),68.0
2012-07-02,THIRUCHIRAPALLI,Palm Oil (Packed),69.0
2012-07-02,HYDERABAD,Palm Oil (Packed),66.0
2012-07-03,PANAJI,Palm Oil (Packed),
2012-07-03,BENGALURU,Palm Oil (Packed),68.0
2012-07-03,DHARWAD,Palm Oil (Packed),70.0
2012-07-03,T.PURAM,Palm Oil (Packed),68.0
2012-07-03,ERNAKULAM,Palm Oil (Packed),71.0
2012-07-03,PUDUCHERRY,Palm Oil (Packed),68.0
2012-07-03,CHENNAI,Palm Oil (Packed),70.0
2012-07-03,DINDIGUL,Palm Oil (Packed),68.0
2012-07-03,THIRUCHIRAPALLI,Palm Oil (Packed),69.0
2012-07-03,HYDERABAD,Palm Oil (Packed),66.0
2012-07-04,PANAJI,Palm Oil (Packed),
2012-07-04,BENGALURU,Palm Oil (Packed),68.0
2012-07-04,DHARWAD,Palm Oil (Packed),70.0
2012-07-04,T.PURAM,Palm Oil (Packed),68.0
2012-07-04,ERNAKULAM,Palm Oil (Packed),71.0
2012-07-04,PUDUCHERRY,Palm Oil (Packed),68.0
2012-07-04,CHENNAI,Palm Oil (Packed),70.0
2012-07-04,DINDIGUL,Palm Oil (Packed),68.0
2012-07-04,THIRUCHIRAPALLI,Palm Oil (Packed),69.0
2012-07-04,HYDERABAD,Palm Oil (Packed),66.0
2012-07-05,PANAJI,Palm Oil (Packed),
2012-07-05,BENGALURU,Palm Oil (Packed),
2012-07-05,DHARWAD,Palm Oil (Packed),
2012-07-05,T.PURAM,Palm Oil (Packed),68.0
2012-07-05,ERNAKULAM,Palm Oil (Packed),71.0
2012-07-05,PUDUCHERRY,Palm Oil (Packed),68.0
2012-07-05,CHENNAI,Palm Oil (Packed),70.0
2012-07-05,DINDIGUL,Palm Oil (Packed),68.0
2012-07-05,THIRUCHIRAPALLI,Palm Oil (Packed),69.0
2012-07-05,HYDERABAD,Palm Oil (Packed),66.0
2012-07-06,PANAJI,Palm Oil (Packed),
2012-07-06,BENGALURU,Palm Oil (Packed),70.0
2012-07-06,DHARWAD,Palm Oil (Packed),70.0
2012-07-06,T.PURAM,Palm Oil (Packed),68.0
2012-07-06,ERNAKULAM,Palm Oil (Packed),71.0
2012-07-06,PUDUCHERRY,Palm Oil (Packed),68.0
2012-07-06,CHENNAI,Palm Oil (Packed),70.0
2012-07-06,DINDIGUL,Palm Oil (Packed),68.0
2012-07-06,THIRUCHIRAPALLI,Palm Oil (Packed),69.0
2012-07-06,HYDERABAD,Palm Oil (Packed),66.0
2012-07-09,PANAJI,Palm Oil (Packed),
2012-07-09,BENGALURU,Palm Oil (Packed),70.0
2012-07-09,DHARWAD,Palm Oil (Packed),68.0
2012-07-09,T.PURAM,Palm Oil (Packed),68.0
2012-07-09,ERNAKULAM,Palm Oil (Packed),71.0
2012-07-09,PUDUCHERRY,Palm Oil (Packed),68.0
2012-07-09,CHENNAI,Palm Oil (Packed),70.0
2012-07-09,DINDIGUL,Palm Oil (Packed),68.0
2012-07-09,THIRUCHIRAPALLI,Palm Oil (Packed),69.0
2012-07-09,HYDERABAD,Palm Oil (Packed),66.0
2012-07-10,PANAJI,Palm Oil (Packed),
2012-07-10,BENGALURU,Palm Oil (Packed),70.0
2012-07-10,DHARWAD,Palm Oil (Packed),68.0
2012-07-10,T.PURAM,Palm Oil (Packed),68.0
2012-07-10,ERNAKULAM,Palm Oil (Packed),71.0
2012-07-10,PUDUCHERRY,Palm Oil (Packed),68.0
2012-07-10,CHENNAI,Palm Oil (Packed),70.0
2012-07-10,DINDIGUL,Palm Oil (Packed),68.0
2012-07-10,THIRUCHIRAPALLI,Palm Oil (Packed),69.0
2012-07-10,HYDERABAD,Palm Oil (Packed),66.0
2012-07-11,PANAJI,Palm Oil (Packed),
2012-07-11,BENGALURU,Palm Oil (Packed),70.0
2012-07-11,DHARWAD,Palm Oil (Packed),68.0
2012-07-11,T.PURAM,Palm Oil (Packed),68.0
2012-07-11,ERNAKULAM,Palm Oil (Packed),71.0
2012-07-11,PUDUCHERRY,Palm Oil (Packed),68.0
2012-07-11,CHENNAI,Palm Oil (Packed),70.0
2012-07-11,DINDIGUL,Palm Oil (Packed),68.0
2012-07-11,THIRUCHIRAPALLI,Palm Oil (Packed),71.0
2012-07-11,HYDERABAD,Palm Oil (Packed),66.0
2012-07-12,PANAJI,Palm Oil (Packed),
2012-07-12,BENGALURU,Palm Oil (Packed),70.0
2012-07-12,DHARWAD,Palm Oil (Packed),68.0
2012-07-12,T.PURAM,Palm Oil (Packed),68.0
2012-07-12,ERNAKULAM,Palm Oil (Packed),71.0
2012-07-12,PUDUCHERRY,Palm Oil (Packed),68.0
2012-07-12,CHENNAI,Palm Oil (Packed),70.0
2012-07-12,DINDIGUL,Palm Oil (Packed),70.0
2012-07-12,THIRUCHIRAPALLI,Palm Oil (Packed),71.0
2012-07-12,HYDERABAD,Palm Oil (Packed),66.0
2012-07-13,PANAJI,Palm Oil (Packed),
2012-07-13,BENGALURU,Palm Oil (Packed),70.0
2012-07-13,DHARWAD,Palm Oil (Packed),68.0
2012-07-13,T.PURAM,Palm Oil (Packed),68.0
2012-07-13,ERNAKULAM,Palm Oil (Packed),71.0
2012-07-13,PUDUCHERRY,Palm Oil (Packed),69.0
2012-07-13,CHENNAI,Palm Oil (Packed),70.0
2012-07-13,DINDIGUL,Palm Oil (Packed),70.0
2012-07-13,THIRUCHIRAPALLI,Palm Oil (Packed),71.0
2012-07-13,HYDERABAD,Palm Oil (Packed),66.0
2012-07-16,PANAJI,Palm Oil (Packed),
2012-07-16,BENGALURU,Palm Oil (Packed),70.0
2012-07-16,DHARWAD,Palm Oil (Packed),68.0
2012-07-16,T.PURAM,Palm Oil (Packed),68.0
2012-07-16,ERNAKULAM,Palm Oil (Packed),71.0
2012-07-16,PUDUCHERRY,Palm Oil (Packed),69.0
2012-07-16,CHENNAI,Palm Oil (Packed),70.0
2012-07-16,DINDIGUL,Palm Oil (Packed),70.0
2012-07-16,THIRUCHIRAPALLI,Palm Oil (Packed),71.0
2012-07-16,HYDERABAD,Palm Oil (Packed),66.0
2012-07-17,PANAJI,Palm Oil (Packed),
2012-07-17,BENGALURU,Palm Oil (Packed),70.0
2012-07-17,DHARWAD,Palm Oil (Packed),66.0
2012-07-17,T.PURAM,Palm Oil (Packed),68.0
2012-07-17,ERNAKULAM,Palm Oil (Packed),73.0
2012-07-17,PUDUCHERRY,Palm Oil (Packed),69.0
2012-07-17,CHENNAI,Palm Oil (Packed),70.0
2012-07-17,DINDIGUL,Palm Oil (Packed),70.0
2012-07-17,THIRUCHIRAPALLI,Palm Oil (Packed),71.0
2012-07-17,HYDERABAD,Palm Oil (Packed),66.0
2012-07-18,PANAJI,Palm Oil (Packed),
2012-07-18,BENGALURU,Palm Oil (Packed),
2012-07-18,DHARWAD,Palm Oil (Packed),
2012-07-18,T.PURAM,Palm Oil (Packed),
2012-07-18,ERNAKULAM,Palm Oil (Packed),
2012-07-18,PUDUCHERRY,Palm Oil (Packed),68.0
2012-07-18,CHENNAI,Palm Oil (Packed),70.0
2012-07-18,DINDIGUL,Palm Oil (Packed),70.0
2012-07-18,THIRUCHIRAPALLI,Palm Oil (Packed),71.0
2012-07-18,HYDERABAD,Palm Oil (Packed),66.0
2012-07-19,PANAJI,Palm Oil (Packed),
2012-07-19,BENGALURU,Palm Oil (Packed),70.0
2012-07-19,DHARWAD,Palm Oil (Packed),66.0
2012-07-19,T.PURAM,Palm Oil (Packed),68.0
2012-07-19,ERNAKULAM,Palm Oil (Packed),73.0
2012-07-19,PUDUCHERRY,Palm Oil (Packed),68.0
2012-07-19,CHENNAI,Palm Oil (Packed),70.0
2012-07-19,DINDIGUL,Palm Oil (Packed),70.0
2012-07-19,THIRUCHIRAPALLI,Palm Oil (Packed),71.0
2012-07-19,HYDERABAD,Palm Oil (Packed),66.0
2012-07-20,PANAJI,Palm Oil (Packed),
2012-07-20,BENGALURU,Palm Oil (Packed),70.0
2012-07-20,DHARWAD,Palm Oil (Packed),66.0
2012-07-20,T.PURAM,Palm Oil (Packed),68.0
2012-07-20,ERNAKULAM,Palm Oil (Packed),73.0
2012-07-20,PUDUCHERRY,Palm Oil (Packed),69.0
2012-07-20,CHENNAI,Palm Oil (Packed),70.0
2012-07-20,DINDIGUL,Palm Oil (Packed),70.0
2012-07-20,THIRUCHIRAPALLI,Palm Oil (Packed),71.0
2012-07-20,HYDERABAD,Palm Oil (Packed),66.0
2012-07-23,PANAJI,Palm Oil (Packed),
2012-07-23,BENGALURU,Palm Oil (Packed),70.0
2012-07-23,DHARWAD,Palm Oil (Packed),66.0
2012-07-23,T.PURAM,Palm Oil (Packed),68.0
2012-07-23,ERNAKULAM,Palm Oil (Packed),74.0
2012-07-23,PUDUCHERRY,Palm Oil (Packed),70.0
2012-07-23,CHENNAI,Palm Oil (Packed),70.0
2012-07-23,DINDIGUL,Palm Oil (Packed),68.0
2012-07-23,THIRUCHIRAPALLI,Palm Oil (Packed),71.0
2012-07-23,HYDERABAD,Palm Oil (Packed),66.0
2012-07-24,PANAJI,Palm Oil (Packed),
2012-07-24,BENGALURU,Palm Oil (Packed),70.0
2012-07-24,DHARWAD,Palm Oil (Packed),66.0
2012-07-24,T.PURAM,Palm Oil (Packed),68.0
2012-07-24,ERNAKULAM,Palm Oil (Packed),74.0
2012-07-24,PUDUCHERRY,Palm Oil (Packed),70.0
2012-07-24,CHENNAI,Palm Oil (Packed),70.0
2012-07-24,DINDIGUL,Palm Oil (Packed),68.0
2012-07-24,THIRUCHIRAPALLI,Palm Oil (Packed),71.0
2012-07-24,HYDERABAD,Palm Oil (Packed),66.0
2012-07-25,PANAJI,Palm Oil (Packed),
2012-07-25,BENGALURU,Palm Oil (Packed),70.0
2012-07-25,DHARWAD,Palm Oil (Packed),66.0
2012-07-25,T.PURAM,Palm Oil (Packed),68.0
2012-07-25,ERNAKULAM,Palm Oil (Packed),74.0
2012-07-25,PUDUCHERRY,Palm Oil (Packed),69.0
2012-07-25,CHENNAI,Palm Oil (Packed),70.0
2012-07-25,DINDIGUL,Palm Oil (Packed),68.0
2012-07-25,THIRUCHIRAPALLI,Palm Oil (Packed),71.0
2012-07-25,HYDERABAD,Palm Oil (Packed),66.0
2012-07-26,PANAJI,Palm Oil (Packed),
2012-07-26,BENGALURU,Palm Oil (Packed),70.0
2012-07-26,DHARWAD,Palm Oil (Packed),66.0
2012-07-26,T.PURAM,Palm Oil (Packed),68.0
2012-07-26,ERNAKULAM,Palm Oil (Packed),74.0
2012-07-26,PUDUCHERRY,Palm Oil (Packed),69.0
2012-07-26,CHENNAI,Palm Oil (Packed),70.0
2012-07-26,DINDIGUL,Palm Oil (Packed),68.0
2012-07-26,THIRUCHIRAPALLI,Palm Oil (Packed),71.0
2012-07-26,HYDERABAD,Palm Oil (Packed),66.0
2012-07-27,PANAJI,Palm Oil (Packed),
2012-07-27,BENGALURU,Palm Oil (Packed),
2012-07-27,DHARWAD,Palm Oil (Packed),
2012-07-27,T.PURAM,Palm Oil (Packed),68.0
2012-07-27,ERNAKULAM,Palm Oil (Packed),74.0
2012-07-27,PUDUCHERRY,Palm Oil (Packed),69.0
2012-07-27,CHENNAI,Palm Oil (Packed),70.0
2012-07-27,DINDIGUL,Palm Oil (Packed),68.0
2012-07-27,THIRUCHIRAPALLI,Palm Oil (Packed),71.0
2012-07-27,HYDERABAD,Palm Oil (Packed),66.0
2012-07-30,PANAJI,Palm Oil (Packed),
2012-07-30,BENGALURU,Palm Oil (Packed),70.0
2012-07-30,DHARWAD,Palm Oil (Packed),67.0
2012-07-30,T.PURAM,Palm Oil (Packed),68.0
2012-07-30,ERNAKULAM,Palm Oil (Packed),74.0
2012-07-30,PUDUCHERRY,Palm Oil (Packed),69.0
2012-07-30,CHENNAI,Palm Oil (Packed),70.0
2012-07-30,DINDIGUL,Palm Oil (Packed),68.0
2012-07-30,THIRUCHIRAPALLI,Palm Oil (Packed),71.0
2012-07-30,HYDERABAD,Palm Oil (Packed),66.0
2012-07-31,PANAJI,Palm Oil (Packed),
2012-07-31,BENGALURU,Palm Oil (Packed),70.0
2012-07-31,DHARWAD,Palm Oil (Packed),67.0
2012-07-31,T.PURAM,Palm Oil (Packed),68.0
2012-07-31,ERNAKULAM,Palm Oil (Packed),74.0
2012-07-31,PUDUCHERRY,Palm Oil (Packed),69.0
2012-07-31,CHENNAI,Palm Oil (Packed),70.0
2012-07-31,DINDIGUL,Palm Oil (Packed),68.0
2012-07-31,THIRUCHIRAPALLI,Palm Oil (Packed),71.0
2012-07-31,HYDERABAD,Palm Oil (Packed),66.0
2012-08-01,PANAJI,Palm Oil (Packed),
2012-08-01,BENGALURU,Palm Oil (Packed),70.0
2012-08-01,DHARWAD,Palm Oil (Packed),67.0
2012-08-01,T.PURAM,Palm Oil (Packed),68.0
2012-08-01,ERNAKULAM,Palm Oil (Packed),74.0
2012-08-01,PUDUCHERRY,Palm Oil (Packed),69.0
2012-08-01,CHENNAI,Palm Oil (Packed),70.0
2012-08-01,DINDIGUL,Palm Oil (Packed),68.0
2012-08-01,THIRUCHIRAPALLI,Palm Oil (Packed),71.0
2012-08-01,HYDERABAD,Palm Oil (Packed),63.0
2012-08-02,PANAJI,Palm Oil (Packed),
2012-08-02,BENGALURU,Palm Oil (Packed),
2012-08-02,DHARWAD,Palm Oil (Packed),
2012-08-02,T.PURAM,Palm Oil (Packed),
2012-08-02,ERNAKULAM,Palm Oil (Packed),
2012-08-02,PUDUCHERRY,Palm Oil (Packed),69.0
2012-08-02,CHENNAI,Palm Oil (Packed),70.0
2012-08-02,DINDIGUL,Palm Oil (Packed),68.0
2012-08-02,THIRUCHIRAPALLI,Palm Oil (Packed),71.0
2012-08-02,HYDERABAD,Palm Oil (Packed),63.0
2012-08-03,PANAJI,Palm Oil (Packed),
2012-08-03,BENGALURU,Palm Oil (Packed),
2012-08-03,DHARWAD,Palm Oil (Packed),
2012-08-03,T.PURAM,Palm Oil (Packed),68.0
2012-08-03,ERNAKULAM,Palm Oil (Packed),74.0
2012-08-03,PUDUCHERRY,Palm Oil (Packed),69.0
2012-08-03,CHENNAI,Palm Oil (Packed),70.0
2012-08-03,DINDIGUL,Palm Oil (Packed),68.0
2012-08-03,THIRUCHIRAPALLI,Palm Oil (Packed),71.0
2012-08-03,HYDERABAD,Palm Oil (Packed),63.0
2012-08-06,PANAJI,Palm Oil (Packed),
2012-08-06,BENGALURU,Palm Oil (Packed),70.0
2012-08-06,DHARWAD,Palm Oil (Packed),67.0
2012-08-06,T.PURAM,Palm Oil (Packed),68.0
2012-08-06,ERNAKULAM,Palm Oil (Packed),74.0
2012-08-06,PUDUCHERRY,Palm Oil (Packed),69.0
2012-08-06,CHENNAI,Palm Oil (Packed),70.0
2012-08-06,DINDIGUL,Palm Oil (Packed),68.0
2012-08-06,THIRUCHIRAPALLI,Palm Oil (Packed),71.0
2012-08-06,HYDERABAD,Palm Oil (Packed),63.0
2012-08-07,PANAJI,Palm Oil (Packed),
2012-08-07,BENGALURU,Palm Oil (Packed),70.0
2012-08-07,DHARWAD,Palm Oil (Packed),65.0
2012-08-07,T.PURAM,Palm Oil (Packed),71.0
2012-08-07,ERNAKULAM,Palm Oil (Packed),74.0
2012-08-07,PUDUCHERRY,Palm Oil (Packed),69.0
2012-08-07,CHENNAI,Palm Oil (Packed),70.0
2012-08-07,DINDIGUL,Palm Oil (Packed),68.0
2012-08-07,THIRUCHIRAPALLI,Palm Oil (Packed),71.0
2012-08-07,HYDERABAD,Palm Oil (Packed),63.0
2012-08-08,PANAJI,Palm Oil (Packed),
2012-08-08,BENGALURU,Palm Oil (Packed),70.0
2012-08-08,DHARWAD,Palm Oil (Packed),65.0
2012-08-08,T.PURAM,Palm Oil (Packed),71.0
2012-08-08,ERNAKULAM,Palm Oil (Packed),74.0
2012-08-08,PUDUCHERRY,Palm Oil (Packed),69.0
2012-08-08,CHENNAI,Palm Oil (Packed),70.0
2012-08-08,DINDIGUL,Palm Oil (Packed),68.0
2012-08-08,THIRUCHIRAPALLI,Palm Oil (Packed),71.0
2012-08-08,HYDERABAD,Palm Oil (Packed),63.0
2012-08-09,PANAJI,Palm Oil (Packed),
2012-08-09,BENGALURU,Palm Oil (Packed),70.0
2012-08-09,DHARWAD,Palm Oil (Packed),65.0
2012-08-09,T.PURAM,Palm Oil (Packed),71.0
2012-08-09,ERNAKULAM,Palm Oil (Packed),74.0
2012-08-09,PUDUCHERRY,Palm Oil (Packed),69.0
2012-08-09,CHENNAI,Palm Oil (Packed),
2012-08-09,DINDIGUL,Palm Oil (Packed),68.0
2012-08-09,THIRUCHIRAPALLI,Palm Oil (Packed),
2012-08-09,HYDERABAD,Palm Oil (Packed),63.0
2012-08-13,PANAJI,Palm Oil (Packed),
2012-08-13,BENGALURU,Palm Oil (Packed),70.0
2012-08-13,DHARWAD,Palm Oil (Packed),65.0
2012-08-13,T.PURAM,Palm Oil (Packed),73.0
2012-08-13,ERNAKULAM,Palm Oil (Packed),73.0
2012-08-13,PUDUCHERRY,Palm Oil (Packed),69.0
2012-08-13,CHENNAI,Palm Oil (Packed),70.0
2012-08-13,DINDIGUL,Palm Oil (Packed),68.0
2012-08-13,THIRUCHIRAPALLI,Palm Oil (Packed),75.0
2012-08-13,HYDERABAD,Palm Oil (Packed),63.0
2012-08-14,PANAJI,Palm Oil (Packed),
2012-08-14,BENGALURU,Palm Oil (Packed),70.0
2012-08-14,DHARWAD,Palm Oil (Packed),65.0
2012-08-14,T.PURAM,Palm Oil (Packed),73.0
2012-08-14,ERNAKULAM,Palm Oil (Packed),73.0
2012-08-14,PUDUCHERRY,Palm Oil (Packed),69.0
2012-08-14,CHENNAI,Palm Oil (Packed),70.0
2012-08-14,DINDIGUL,Palm Oil (Packed),68.0
2012-08-14,THIRUCHIRAPALLI,Palm Oil (Packed),75.0
2012-08-14,HYDERABAD,Palm Oil (Packed),63.0
2012-08-16,PANAJI,Palm Oil (Packed),
2012-08-16,BENGALURU,Palm Oil (Packed),70.0
2012-08-16,DHARWAD,Palm Oil (Packed),65.0
2012-08-16,T.PURAM,Palm Oil (Packed),73.0
2012-08-16,ERNAKULAM,Palm Oil (Packed),73.0
2012-08-16,PUDUCHERRY,Palm Oil (Packed),
2012-08-16,CHENNAI,Palm Oil (Packed),70.0
2012-08-16,DINDIGUL,Palm Oil (Packed),68.0
2012-08-16,THIRUCHIRAPALLI,Palm Oil (Packed),75.0
2012-08-16,HYDERABAD,Palm Oil (Packed),65.0
2012-08-17,PANAJI,Palm Oil (Packed),
2012-08-17,BENGALURU,Palm Oil (Packed),70.0
2012-08-17,DHARWAD,Palm Oil (Packed),65.0
2012-08-17,T.PURAM,Palm Oil (Packed),73.0
2012-08-17,ERNAKULAM,Palm Oil (Packed),73.0
2012-08-17,PUDUCHERRY,Palm Oil (Packed),69.0
2012-08-17,CHENNAI,Palm Oil (Packed),70.0
2012-08-17,DINDIGUL,Palm Oil (Packed),68.0
2012-08-17,THIRUCHIRAPALLI,Palm Oil (Packed),75.0
2012-08-17,HYDERABAD,Palm Oil (Packed),65.0
2012-08-21,PANAJI,Palm Oil (Packed),
2012-08-21,BENGALURU,Palm Oil (Packed),
2012-08-21,DHARWAD,Palm Oil (Packed),
2012-08-21,T.PURAM,Palm Oil (Packed),
2012-08-21,ERNAKULAM,Palm Oil (Packed),
2012-08-21,PUDUCHERRY,Palm Oil (Packed),69.0
2012-08-21,CHENNAI,Palm Oil (Packed),70.0
2012-08-21,DINDIGUL,Palm Oil (Packed),68.0
2012-08-21,THIRUCHIRAPALLI,Palm Oil (Packed),75.0
2012-08-21,HYDERABAD,Palm Oil (Packed),65.0
2012-08-22,PANAJI,Palm Oil (Packed),
2012-08-22,BENGALURU,Palm Oil (Packed),70.0
2012-08-22,DHARWAD,Palm Oil (Packed),66.0
2012-08-22,T.PURAM,Palm Oil (Packed),73.0
2012-08-22,ERNAKULAM,Palm Oil (Packed),73.0
2012-08-22,PUDUCHERRY,Palm Oil (Packed),69.0
2012-08-22,CHENNAI,Palm Oil (Packed),70.0
2012-08-22,DINDIGUL,Palm Oil (Packed),70.0
2012-08-22,THIRUCHIRAPALLI,Palm Oil (Packed),75.0
2012-08-22,HYDERABAD,Palm Oil (Packed),65.0
2012-08-23,PANAJI,Palm Oil (Packed),
2012-08-23,BENGALURU,Palm Oil (Packed),
2012-08-23,DHARWAD,Palm Oil (Packed),
2012-08-23,T.PURAM,Palm Oil (Packed),73.0
2012-08-23,ERNAKULAM,Palm Oil (Packed),73.0
2012-08-23,PUDUCHERRY,Palm Oil (Packed),69.0
2012-08-23,CHENNAI,Palm Oil (Packed),70.0
2012-08-23,DINDIGUL,Palm Oil (Packed),70.0
2012-08-23,THIRUCHIRAPALLI,Palm Oil (Packed),71.0
2012-08-23,HYDERABAD,Palm Oil (Packed),65.0
2012-08-24,PANAJI,Palm Oil (Packed),
2012-08-24,BENGALURU,Palm Oil (Packed),71.0
2012-08-24,DHARWAD,Palm Oil (Packed),66.0
2012-08-24,T.PURAM,Palm Oil (Packed),73.0
2012-08-24,ERNAKULAM,Palm Oil (Packed),73.0
2012-08-24,PUDUCHERRY,Palm Oil (Packed),69.0
2012-08-24,CHENNAI,Palm Oil (Packed),70.0
2012-08-24,DINDIGUL,Palm Oil (Packed),70.0
2012-08-24,THIRUCHIRAPALLI,Palm Oil (Packed),71.0
2012-08-24,HYDERABAD,Palm Oil (Packed),65.0
2012-08-27,PANAJI,Palm Oil (Packed),
2012-08-27,BENGALURU,Palm Oil (Packed),
2012-08-27,DHARWAD,Palm Oil (Packed),
2012-08-27,T.PURAM,Palm Oil (Packed),73.0
2012-08-27,ERNAKULAM,Palm Oil (Packed),73.0
2012-08-27,PUDUCHERRY,Palm Oil (Packed),69.0
2012-08-27,CHENNAI,Palm Oil (Packed),70.0
2012-08-27,DINDIGUL,Palm Oil (Packed),70.0
2012-08-27,THIRUCHIRAPALLI,Palm Oil (Packed),71.0
2012-08-27,HYDERABAD,Palm Oil (Packed),66.0
2012-08-28,PANAJI,Palm Oil (Packed),
2012-08-28,BENGALURU,Palm Oil (Packed),71.0
2012-08-28,DHARWAD,Palm Oil (Packed),65.0
2012-08-28,T.PURAM,Palm Oil (Packed),
2012-08-28,ERNAKULAM,Palm Oil (Packed),
2012-08-28,PUDUCHERRY,Palm Oil (Packed),69.0
2012-08-28,CHENNAI,Palm Oil (Packed),71.0
2012-08-28,DINDIGUL,Palm Oil (Packed),70.0
2012-08-28,THIRUCHIRAPALLI,Palm Oil (Packed),71.0
2012-08-28,HYDERABAD,Palm Oil (Packed),66.0
2012-08-29,PANAJI,Palm Oil (Packed),
2012-08-29,BENGALURU,Palm Oil (Packed),71.0
2012-08-29,DHARWAD,Palm Oil (Packed),65.0
2012-08-29,T.PURAM,Palm Oil (Packed),
2012-08-29,ERNAKULAM,Palm Oil (Packed),
2012-08-29,PUDUCHERRY,Palm Oil (Packed),69.0
2012-08-29,CHENNAI,Palm Oil (Packed),
2012-08-29,DINDIGUL,Palm Oil (Packed),70.0
2012-08-29,THIRUCHIRAPALLI,Palm Oil (Packed),71.0
2012-08-29,HYDERABAD,Palm Oil (Packed),66.0
2012-08-30,PANAJI,Palm Oil (Packed),
2012-08-30,BENGALURU,Palm Oil (Packed),
2012-08-30,DHARWAD,Palm Oil (Packed),
2012-08-30,T.PURAM,Palm Oil (Packed),
2012-08-30,ERNAKULAM,Palm Oil (Packed),
2012-08-30,PUDUCHERRY,Palm Oil (Packed),70.0
2012-08-30,CHENNAI,Palm Oil (Packed),71.0
2012-08-30,DINDIGUL,Palm Oil (Packed),70.0
2012-08-30,THIRUCHIRAPALLI,Palm Oil (Packed),71.0
2012-08-30,HYDERABAD,Palm Oil (Packed),66.0
2012-08-31,PANAJI,Palm Oil (Packed),
2012-08-31,BENGALURU,Palm Oil (Packed),
2012-08-31,DHARWAD,Palm Oil (Packed),
2012-08-31,T.PURAM,Palm Oil (Packed),
2012-08-31,ERNAKULAM,Palm Oil (Packed),
2012-08-31,PUDUCHERRY,Palm Oil (Packed),70.0
2012-08-31,CHENNAI,Palm Oil (Packed),71.0
2012-08-31,DINDIGUL,Palm Oil (Packed),70.0
2012-08-31,THIRUCHIRAPALLI,Palm Oil (Packed),71.0
2012-08-31,HYDERABAD,Palm Oil (Packed),66.0
2012-09-03,PANAJI,Palm Oil (Packed),
2012-09-03,BENGALURU,Palm Oil (Packed),71.0
2012-09-03,DHARWAD,Palm Oil (Packed),65.0
2012-09-03,T.PURAM,Palm Oil (Packed),73.0
2012-09-03,ERNAKULAM,Palm Oil (Packed),73.0
2012-09-03,PUDUCHERRY,Palm Oil (Packed),70.0
2012-09-03,CHENNAI,Palm Oil (Packed),71.0
2012-09-03,DINDIGUL,Palm Oil (Packed),70.0
2012-09-03,THIRUCHIRAPALLI,Palm Oil (Packed),71.0
2012-09-03,HYDERABAD,Palm Oil (Packed),67.0
2012-09-04,PANAJI,Palm Oil (Packed),
2012-09-04,BENGALURU,Palm Oil (Packed),71.0
2012-09-04,DHARWAD,Palm Oil (Packed),65.0
2012-09-04,T.PURAM,Palm Oil (Packed),73.0
2012-09-04,ERNAKULAM,Palm Oil (Packed),73.0
2012-09-04,PUDUCHERRY,Palm Oil (Packed),70.0
2012-09-04,CHENNAI,Palm Oil (Packed),71.0
2012-09-04,DINDIGUL,Palm Oil (Packed),70.0
2012-09-04,THIRUCHIRAPALLI,Palm Oil (Packed),71.0
2012-09-04,HYDERABAD,Palm Oil (Packed),67.0
2012-09-05,PANAJI,Palm Oil (Packed),
2012-09-05,BENGALURU,Palm Oil (Packed),71.0
2012-09-05,DHARWAD,Palm Oil (Packed),65.0
2012-09-05,T.PURAM,Palm Oil (Packed),73.0
2012-09-05,ERNAKULAM,Palm Oil (Packed),73.0
2012-09-05,PUDUCHERRY,Palm Oil (Packed),70.0
2012-09-05,CHENNAI,Palm Oil (Packed),71.0
2012-09-05,DINDIGUL,Palm Oil (Packed),70.0
2012-09-05,THIRUCHIRAPALLI,Palm Oil (Packed),71.0
2012-09-05,HYDERABAD,Palm Oil (Packed),67.0
2012-09-06,PANAJI,Palm Oil (Packed),
2012-09-06,BENGALURU,Palm Oil (Packed),71.0
2012-09-06,DHARWAD,Palm Oil (Packed),66.0
2012-09-06,T.PURAM,Palm Oil (Packed),73.0
2012-09-06,ERNAKULAM,Palm Oil (Packed),73.0
2012-09-06,PUDUCHERRY,Palm Oil (Packed),70.0
2012-09-06,CHENNAI,Palm Oil (Packed),71.0
2012-09-06,DINDIGUL,Palm Oil (Packed),70.0
2012-09-06,THIRUCHIRAPALLI,Palm Oil (Packed),71.0
2012-09-06,HYDERABAD,Palm Oil (Packed),67.0
2012-09-07,PANAJI,Palm Oil (Packed),
2012-09-07,BENGALURU,Palm Oil (Packed),71.0
2012-09-07,DHARWAD,Palm Oil (Packed),66.0
2012-09-07,T.PURAM,Palm Oil (Packed),73.0
2012-09-07,ERNAKULAM,Palm Oil (Packed),73.0
2012-09-07,PUDUCHERRY,Palm Oil (Packed),70.0
2012-09-07,CHENNAI,Palm Oil (Packed),71.0
2012-09-07,DINDIGUL,Palm Oil (Packed),70.0
2012-09-07,THIRUCHIRAPALLI,Palm Oil (Packed),71.0
2012-09-07,HYDERABAD,Palm Oil (Packed),67.0
2012-09-10,PANAJI,Palm Oil (Packed),
2012-09-10,BENGALURU,Palm Oil (Packed),
2012-09-10,DHARWAD,Palm Oil (Packed),
2012-09-10,T.PURAM,Palm Oil (Packed),73.0
2012-09-10,ERNAKULAM,Palm Oil (Packed),73.0
2012-09-10,PUDUCHERRY,Palm Oil (Packed),70.0
2012-09-10,CHENNAI,Palm Oil (Packed),71.0
2012-09-10,DINDIGUL,Palm Oil (Packed),69.0
2012-09-10,THIRUCHIRAPALLI,Palm Oil (Packed),71.0
2012-09-10,HYDERABAD,Palm Oil (Packed),67.0
2012-09-11,PANAJI,Palm Oil (Packed),
2012-09-11,BENGALURU,Palm Oil (Packed),
2012-09-11,DHARWAD,Palm Oil (Packed),
2012-09-11,T.PURAM,Palm Oil (Packed),73.0
2012-09-11,ERNAKULAM,Palm Oil (Packed),73.0
2012-09-11,PUDUCHERRY,Palm Oil (Packed),69.0
2012-09-11,CHENNAI,Palm Oil (Packed),71.0
2012-09-11,DINDIGUL,Palm Oil (Packed),69.0
2012-09-11,THIRUCHIRAPALLI,Palm Oil (Packed),
2012-09-11,HYDERABAD,Palm Oil (Packed),67.0
2012-09-12,PANAJI,Palm Oil (Packed),
2012-09-12,BENGALURU,Palm Oil (Packed),
2012-09-12,DHARWAD,Palm Oil (Packed),
2012-09-12,T.PURAM,Palm Oil (Packed),73.0
2012-09-12,ERNAKULAM,Palm Oil (Packed),73.0
2012-09-12,PUDUCHERRY,Palm Oil (Packed),69.0
2012-09-12,CHENNAI,Palm Oil (Packed),71.0
2012-09-12,DINDIGUL,Palm Oil (Packed),69.0
2012-09-12,THIRUCHIRAPALLI,Palm Oil (Packed),71.0
2012-09-12,HYDERABAD,Palm Oil (Packed),67.0
2012-09-13,PANAJI,Palm Oil (Packed),
2012-09-13,BENGALURU,Palm Oil (Packed),
2012-09-13,DHARWAD,Palm Oil (Packed),
2012-09-13,T.PURAM,Palm Oil (Packed),75.0
2012-09-13,ERNAKULAM,Palm Oil (Packed),73.0
2012-09-13,PUDUCHERRY,Palm Oil (Packed),69.0
2012-09-13,CHENNAI,Palm Oil (Packed),71.0
2012-09-13,DINDIGUL,Palm Oil (Packed),69.0
2012-09-13,THIRUCHIRAPALLI,Palm Oil (Packed),71.0
2012-09-13,HYDERABAD,Palm Oil (Packed),67.0
2012-09-14,PANAJI,Palm Oil (Packed),
2012-09-14,BENGALURU,Palm Oil (Packed),
2012-09-14,DHARWAD,Palm Oil (Packed),
2012-09-14,T.PURAM,Palm Oil (Packed),75.0
2012-09-14,ERNAKULAM,Palm Oil (Packed),73.0
2012-09-14,PUDUCHERRY,Palm Oil (Packed),69.0
2012-09-14,CHENNAI,Palm Oil (Packed),70.0
2012-09-14,DINDIGUL,Palm Oil (Packed),66.0
2012-09-14,THIRUCHIRAPALLI,Palm Oil (Packed),71.0
2012-09-14,HYDERABAD,Palm Oil (Packed),67.0
2012-09-17,PANAJI,Palm Oil (Packed),
2012-09-17,BENGALURU,Palm Oil (Packed),70.0
2012-09-17,DHARWAD,Palm Oil (Packed),66.0
2012-09-17,T.PURAM,Palm Oil (Packed),
2012-09-17,ERNAKULAM,Palm Oil (Packed),73.0
2012-09-17,PUDUCHERRY,Palm Oil (Packed),69.0
2012-09-17,CHENNAI,Palm Oil (Packed),70.0
2012-09-17,DINDIGUL,Palm Oil (Packed),66.0
2012-09-17,THIRUCHIRAPALLI,Palm Oil (Packed),71.0
2012-09-17,HYDERABAD,Palm Oil (Packed),67.0
2012-09-18,PANAJI,Palm Oil (Packed),
2012-09-18,BENGALURU,Palm Oil (Packed),70.0
2012-09-18,DHARWAD,Palm Oil (Packed),66.0
2012-09-18,T.PURAM,Palm Oil (Packed),75.0
2012-09-18,ERNAKULAM,Palm Oil (Packed),73.0
2012-09-18,PUDUCHERRY,Palm Oil (Packed),69.0
2012-09-18,CHENNAI,Palm Oil (Packed),70.0
2012-09-18,DINDIGUL,Palm Oil (Packed),66.0
2012-09-18,THIRUCHIRAPALLI,Palm Oil (Packed),71.0
2012-09-18,HYDERABAD,Palm Oil (Packed),67.0
2012-09-19,PANAJI,Palm Oil (Packed),
2012-09-19,BENGALURU,Palm Oil (Packed),
2012-09-19,DHARWAD,Palm Oil (Packed),
2012-09-19,T.PURAM,Palm Oil (Packed),75.0
2012-09-19,ERNAKULAM,Palm Oil (Packed),73.0
2012-09-19,PUDUCHERRY,Palm Oil (Packed),
2012-09-19,CHENNAI,Palm Oil (Packed),
2012-09-19,DINDIGUL,Palm Oil (Packed),
2012-09-19,THIRUCHIRAPALLI,Palm Oil (Packed),
2012-09-19,HYDERABAD,Palm Oil (Packed),
2012-09-20,PANAJI,Palm Oil (Packed),
2012-09-20,BENGALURU,Palm Oil (Packed),
2012-09-20,DHARWAD,Palm Oil (Packed),
2012-09-20,T.PURAM,Palm Oil (Packed),77.0
2012-09-20,ERNAKULAM,Palm Oil (Packed),73.0
2012-09-20,PUDUCHERRY,Palm Oil (Packed),69.0
2012-09-20,CHENNAI,Palm Oil (Packed),
2012-09-20,DINDIGUL,Palm Oil (Packed),70.0
2012-09-20,THIRUCHIRAPALLI,Palm Oil (Packed),
2012-09-20,HYDERABAD,Palm Oil (Packed),65.0
2012-09-21,PANAJI,Palm Oil (Packed),
2012-09-21,BENGALURU,Palm Oil (Packed),
2012-09-21,DHARWAD,Palm Oil (Packed),
2012-09-21,T.PURAM,Palm Oil (Packed),
2012-09-21,ERNAKULAM,Palm Oil (Packed),
2012-09-21,PUDUCHERRY,Palm Oil (Packed),69.0
2012-09-21,CHENNAI,Palm Oil (Packed),70.0
2012-09-21,DINDIGUL,Palm Oil (Packed),70.0
2012-09-21,THIRUCHIRAPALLI,Palm Oil (Packed),71.0
2012-09-21,HYDERABAD,Palm Oil (Packed),65.0
2012-09-24,PANAJI,Palm Oil (Packed),
2012-09-24,BENGALURU,Palm Oil (Packed),
2012-09-24,DHARWAD,Palm Oil (Packed),
2012-09-24,T.PURAM,Palm Oil (Packed),77.0
2012-09-24,ERNAKULAM,Palm Oil (Packed),73.0
2012-09-24,PUDUCHERRY,Palm Oil (Packed),69.0
2012-09-24,CHENNAI,Palm Oil (Packed),68.0
2012-09-24,DINDIGUL,Palm Oil (Packed),70.0
2012-09-24,THIRUCHIRAPALLI,Palm Oil (Packed),71.0
2012-09-24,HYDERABAD,Palm Oil (Packed),65.0
2012-09-25,PANAJI,Palm Oil (Packed),
2012-09-25,BENGALURU,Palm Oil (Packed),70.0
2012-09-25,DHARWAD,Palm Oil (Packed),66.0
2012-09-25,T.PURAM,Palm Oil (Packed),77.0
2012-09-25,ERNAKULAM,Palm Oil (Packed),73.0
2012-09-25,PUDUCHERRY,Palm Oil (Packed),69.0
2012-09-25,CHENNAI,Palm Oil (Packed),68.0
2012-09-25,DINDIGUL,Palm Oil (Packed),70.0
2012-09-25,THIRUCHIRAPALLI,Palm Oil (Packed),71.0
2012-09-25,HYDERABAD,Palm Oil (Packed),65.0
2012-09-26,PANAJI,Palm Oil (Packed),
2012-09-26,BENGALURU,Palm Oil (Packed),70.0
2012-09-26,DHARWAD,Palm Oil (Packed),66.0
2012-09-26,T.PURAM,Palm Oil (Packed),77.0
2012-09-26,ERNAKULAM,Palm Oil (Packed),73.0
2012-09-26,PUDUCHERRY,Palm Oil (Packed),69.0
2012-09-26,CHENNAI,Palm Oil (Packed),68.0
2012-09-26,DINDIGUL,Palm Oil (Packed),70.0
2012-09-26,THIRUCHIRAPALLI,Palm Oil (Packed),79.0
2012-09-26,HYDERABAD,Palm Oil (Packed),65.0
2012-09-27,PANAJI,Palm Oil (Packed),
2012-09-27,BENGALURU,Palm Oil (Packed),70.0
2012-09-27,DHARWAD,Palm Oil (Packed),66.0
2012-09-27,T.PURAM,Palm Oil (Packed),77.0
2012-09-27,ERNAKULAM,Palm Oil (Packed),73.0
2012-09-27,PUDUCHERRY,Palm Oil (Packed),66.0
2012-09-27,CHENNAI,Palm Oil (Packed),68.0
2012-09-27,DINDIGUL,Palm Oil (Packed),
2012-09-27,THIRUCHIRAPALLI,Palm Oil (Packed),71.0
2012-09-27,HYDERABAD,Palm Oil (Packed),65.0
2012-09-28,PANAJI,Palm Oil (Packed),
2012-09-28,BENGALURU,Palm Oil (Packed),68.0
2012-09-28,DHARWAD,Palm Oil (Packed),66.0
2012-09-28,T.PURAM,Palm Oil (Packed),77.0
2012-09-28,ERNAKULAM,Palm Oil (Packed),73.0
2012-09-28,PUDUCHERRY,Palm Oil (Packed),66.0
2012-09-28,CHENNAI,Palm Oil (Packed),68.0
2012-09-28,DINDIGUL,Palm Oil (Packed),70.0
2012-09-28,THIRUCHIRAPALLI,Palm Oil (Packed),71.0
2012-09-28,HYDERABAD,Palm Oil (Packed),65.0
2012-10-01,PANAJI,Palm Oil (Packed),
2012-10-01,BENGALURU,Palm Oil (Packed),68.0
2012-10-01,DHARWAD,Palm Oil (Packed),65.0
2012-10-01,T.PURAM,Palm Oil (Packed),77.0
2012-10-01,ERNAKULAM,Palm Oil (Packed),73.0
2012-10-01,PUDUCHERRY,Palm Oil (Packed),66.0
2012-10-01,CHENNAI,Palm Oil (Packed),68.0
2012-10-01,DINDIGUL,Palm Oil (Packed),70.0
2012-10-01,THIRUCHIRAPALLI,Palm Oil (Packed),71.0
2012-10-01,HYDERABAD,Palm Oil (Packed),65.0
2012-10-03,PANAJI,Palm Oil (Packed),
2012-10-03,BENGALURU,Palm Oil (Packed),68.0
2012-10-03,DHARWAD,Palm Oil (Packed),65.0
2012-10-03,T.PURAM,Palm Oil (Packed),77.0
2012-10-03,ERNAKULAM,Palm Oil (Packed),
2012-10-03,PUDUCHERRY,Palm Oil (Packed),66.0
2012-10-03,CHENNAI,Palm Oil (Packed),68.0
2012-10-03,DINDIGUL,Palm Oil (Packed),70.0
2012-10-03,THIRUCHIRAPALLI,Palm Oil (Packed),71.0
2012-10-03,HYDERABAD,Palm Oil (Packed),65.0
2012-10-04,PANAJI,Palm Oil (Packed),
2012-10-04,BENGALURU,Palm Oil (Packed),68.0
2012-10-04,DHARWAD,Palm Oil (Packed),65.0
2012-10-04,T.PURAM,Palm Oil (Packed),77.0
2012-10-04,ERNAKULAM,Palm Oil (Packed),73.0
2012-10-04,PUDUCHERRY,Palm Oil (Packed),60.0
2012-10-04,CHENNAI,Palm Oil (Packed),68.0
2012-10-04,DINDIGUL,Palm Oil (Packed),59.0
2012-10-04,THIRUCHIRAPALLI,Palm Oil (Packed),71.0
2012-10-04,HYDERABAD,Palm Oil (Packed),65.0
2012-10-05,PANAJI,Palm Oil (Packed),
2012-10-05,BENGALURU,Palm Oil (Packed),62.0
2012-10-05,DHARWAD,Palm Oil (Packed),65.0
2012-10-05,T.PURAM,Palm Oil (Packed),77.0
2012-10-05,ERNAKULAM,Palm Oil (Packed),73.0
2012-10-05,PUDUCHERRY,Palm Oil (Packed),60.0
2012-10-05,CHENNAI,Palm Oil (Packed),64.0
2012-10-05,DINDIGUL,Palm Oil (Packed),59.0
2012-10-05,THIRUCHIRAPALLI,Palm Oil (Packed),71.0
2012-10-05,HYDERABAD,Palm Oil (Packed),65.0
2012-10-08,PANAJI,Palm Oil (Packed),
2012-10-08,BENGALURU,Palm Oil (Packed),62.0
2012-10-08,DHARWAD,Palm Oil (Packed),65.0
2012-10-08,T.PURAM,Palm Oil (Packed),77.0
2012-10-08,ERNAKULAM,Palm Oil (Packed),73.0
2012-10-08,PUDUCHERRY,Palm Oil (Packed),58.0
2012-10-08,CHENNAI,Palm Oil (Packed),64.0
2012-10-08,DINDIGUL,Palm Oil (Packed),59.0
2012-10-08,THIRUCHIRAPALLI,Palm Oil (Packed),71.0
2012-10-08,HYDERABAD,Palm Oil (Packed),62.0
2012-10-09,PANAJI,Palm Oil (Packed),
2012-10-09,BENGALURU,Palm Oil (Packed),62.0
2012-10-09,DHARWAD,Palm Oil (Packed),65.0
2012-10-09,T.PURAM,Palm Oil (Packed),77.0
2012-10-09,ERNAKULAM,Palm Oil (Packed),73.0
2012-10-09,PUDUCHERRY,Palm Oil (Packed),58.0
2012-10-09,CHENNAI,Palm Oil (Packed),59.0
2012-10-09,DINDIGUL,Palm Oil (Packed),59.0
2012-10-09,THIRUCHIRAPALLI,Palm Oil (Packed),71.0
2012-10-09,HYDERABAD,Palm Oil (Packed),62.0
2012-10-10,PANAJI,Palm Oil (Packed),
2012-10-10,BENGALURU,Palm Oil (Packed),62.0
2012-10-10,DHARWAD,Palm Oil (Packed),65.0
2012-10-10,T.PURAM,Palm Oil (Packed),74.0
2012-10-10,ERNAKULAM,Palm Oil (Packed),73.0
2012-10-10,PUDUCHERRY,Palm Oil (Packed),57.0
2012-10-10,CHENNAI,Palm Oil (Packed),59.0
2012-10-10,DINDIGUL,Palm Oil (Packed),59.0
2012-10-10,THIRUCHIRAPALLI,Palm Oil (Packed),59.0
2012-10-10,HYDERABAD,Palm Oil (Packed),60.0
2012-10-11,PANAJI,Palm Oil (Packed),
2012-10-11,BENGALURU,Palm Oil (Packed),
2012-10-11,DHARWAD,Palm Oil (Packed),
2012-10-11,T.PURAM,Palm Oil (Packed),74.0
2012-10-11,ERNAKULAM,Palm Oil (Packed),73.0
2012-10-11,PUDUCHERRY,Palm Oil (Packed),57.0
2012-10-11,CHENNAI,Palm Oil (Packed),59.0
2012-10-11,DINDIGUL,Palm Oil (Packed),59.0
2012-10-11,THIRUCHIRAPALLI,Palm Oil (Packed),59.0
2012-10-11,HYDERABAD,Palm Oil (Packed),62.0
2012-10-12,PANAJI,Palm Oil (Packed),
2012-10-12,BENGALURU,Palm Oil (Packed),
2012-10-12,DHARWAD,Palm Oil (Packed),
2012-10-12,T.PURAM,Palm Oil (Packed),74.0
2012-10-12,ERNAKULAM,Palm Oil (Packed),73.0
2012-10-12,PUDUCHERRY,Palm Oil (Packed),57.0
2012-10-12,CHENNAI,Palm Oil (Packed),59.0
2012-10-12,DINDIGUL,Palm Oil (Packed),59.0
2012-10-12,THIRUCHIRAPALLI,Palm Oil (Packed),59.0
2012-10-12,HYDERABAD,Palm Oil (Packed),60.0
2012-10-15,PANAJI,Palm Oil (Packed),
2012-10-15,BENGALURU,Palm Oil (Packed),
2012-10-15,DHARWAD,Palm Oil (Packed),
2012-10-15,T.PURAM,Palm Oil (Packed),74.0
2012-10-15,ERNAKULAM,Palm Oil (Packed),
2012-10-15,PUDUCHERRY,Palm Oil (Packed),57.0
2012-10-15,CHENNAI,Palm Oil (Packed),59.0
2012-10-15,DINDIGUL,Palm Oil (Packed),59.0
2012-10-15,THIRUCHIRAPALLI,Palm Oil (Packed),59.0
2012-10-15,HYDERABAD,Palm Oil (Packed),60.0
2012-10-16,PANAJI,Palm Oil (Packed),
2012-10-16,BENGALURU,Palm Oil (Packed),60.0
2012-10-16,DHARWAD,Palm Oil (Packed),65.0
2012-10-16,T.PURAM,Palm Oil (Packed),
2012-10-16,ERNAKULAM,Palm Oil (Packed),
2012-10-16,PUDUCHERRY,Palm Oil (Packed),57.0
2012-10-16,CHENNAI,Palm Oil (Packed),59.0
2012-10-16,DINDIGUL,Palm Oil (Packed),59.0
2012-10-16,THIRUCHIRAPALLI,Palm Oil (Packed),59.0
2012-10-16,HYDERABAD,Palm Oil (Packed),60.0
2012-10-17,PANAJI,Palm Oil (Packed),
2012-10-17,BENGALURU,Palm Oil (Packed),60.0
2012-10-17,DHARWAD,Palm Oil (Packed),65.0
2012-10-17,T.PURAM,Palm Oil (Packed),74.0
2012-10-17,ERNAKULAM,Palm Oil (Packed),73.0
2012-10-17,PUDUCHERRY,Palm Oil (Packed),57.0
2012-10-17,CHENNAI,Palm Oil (Packed),59.0
2012-10-17,DINDIGUL,Palm Oil (Packed),59.0
2012-10-17,THIRUCHIRAPALLI,Palm Oil (Packed),59.0
2012-10-17,HYDERABAD,Palm Oil (Packed),60.0
2012-10-18,PANAJI,Palm Oil (Packed),
2012-10-18,BENGALURU,Palm Oil (Packed),60.0
2012-10-18,DHARWAD,Palm Oil (Packed),65.0
2012-10-18,T.PURAM,Palm Oil (Packed),74.0
2012-10-18,ERNAKULAM,Palm Oil (Packed),73.0
2012-10-18,PUDUCHERRY,Palm Oil (Packed),57.0
2012-10-18,CHENNAI,Palm Oil (Packed),59.0
2012-10-18,DINDIGUL,Palm Oil (Packed),59.0
2012-10-18,THIRUCHIRAPALLI,Palm Oil (Packed),59.0
2012-10-18,HYDERABAD,Palm Oil (Packed),60.0
2012-10-19,PANAJI,Palm Oil (Packed),
2012-10-19,BENGALURU,Palm Oil (Packed),60.0
2012-10-19,DHARWAD,Palm Oil (Packed),65.0
2012-10-19,T.PURAM,Palm Oil (Packed),74.0
2012-10-19,ERNAKULAM,Palm Oil (Packed),73.0
2012-10-19,PUDUCHERRY,Palm Oil (Packed),58.0
2012-10-19,CHENNAI,Palm Oil (Packed),59.0
2012-10-19,DINDIGUL,Palm Oil (Packed),59.0
2012-10-19,THIRUCHIRAPALLI,Palm Oil (Packed),59.0
2012-10-19,HYDERABAD,Palm Oil (Packed),62.0
2012-10-22,PANAJI,Palm Oil (Packed),
2012-10-22,BENGALURU,Palm Oil (Packed),
2012-10-22,DHARWAD,Palm Oil (Packed),
2012-10-22,T.PURAM,Palm Oil (Packed),71.0
2012-10-22,ERNAKULAM,Palm Oil (Packed),73.0
2012-10-22,PUDUCHERRY,Palm Oil (Packed),58.0
2012-10-22,CHENNAI,Palm Oil (Packed),59.0
2012-10-22,DINDIGUL,Palm Oil (Packed),59.0
2012-10-22,THIRUCHIRAPALLI,Palm Oil (Packed),59.0
2012-10-22,HYDERABAD,Palm Oil (Packed),
2012-10-23,PANAJI,Palm Oil (Packed),
2012-10-23,BENGALURU,Palm Oil (Packed),
2012-10-23,DHARWAD,Palm Oil (Packed),
2012-10-23,T.PURAM,Palm Oil (Packed),
2012-10-23,ERNAKULAM,Palm Oil (Packed),
2012-10-23,PUDUCHERRY,Palm Oil (Packed),
2012-10-23,CHENNAI,Palm Oil (Packed),
2012-10-23,DINDIGUL,Palm Oil (Packed),
2012-10-23,THIRUCHIRAPALLI,Palm Oil (Packed),
2012-10-23,HYDERABAD,Palm Oil (Packed),62.0
2012-10-25,PANAJI,Palm Oil (Packed),
2012-10-25,BENGALURU,Palm Oil (Packed),
2012-10-25,DHARWAD,Palm Oil (Packed),
2012-10-25,T.PURAM,Palm Oil (Packed),71.0
2012-10-25,ERNAKULAM,Palm Oil (Packed),73.0
2012-10-25,PUDUCHERRY,Palm Oil (Packed),58.0
2012-10-25,CHENNAI,Palm Oil (Packed),60.0
2012-10-25,DINDIGUL,Palm Oil (Packed),59.0
2012-10-25,THIRUCHIRAPALLI,Palm Oil (Packed),59.0
2012-10-25,HYDERABAD,Palm Oil (Packed),62.0
2012-10-26,PANAJI,Palm Oil (Packed),
2012-10-26,BENGALURU,Palm Oil (Packed),59.0
2012-10-26,DHARWAD,Palm Oil (Packed),65.0
2012-10-26,T.PURAM,Palm Oil (Packed),
2012-10-26,ERNAKULAM,Palm Oil (Packed),
2012-10-26,PUDUCHERRY,Palm Oil (Packed),58.0
2012-10-26,CHENNAI,Palm Oil (Packed),60.0
2012-10-26,DINDIGUL,Palm Oil (Packed),59.0
2012-10-26,THIRUCHIRAPALLI,Palm Oil (Packed),59.0
2012-10-26,HYDERABAD,Palm Oil (Packed),62.0
2012-10-29,PANAJI,Palm Oil (Packed),
2012-10-29,BENGALURU,Palm Oil (Packed),
2012-10-29,DHARWAD,Palm Oil (Packed),
2012-10-29,T.PURAM,Palm Oil (Packed),71.0
2012-10-29,ERNAKULAM,Palm Oil (Packed),73.0
2012-10-29,PUDUCHERRY,Palm Oil (Packed),58.0
2012-10-29,CHENNAI,Palm Oil (Packed),60.0
2012-10-29,DINDIGUL,Palm Oil (Packed),58.0
2012-10-29,THIRUCHIRAPALLI,Palm Oil (Packed),59.0
2012-10-29,HYDERABAD,Palm Oil (Packed),62.0
2012-10-30,PANAJI,Palm Oil (Packed),
2012-10-30,BENGALURU,Palm Oil (Packed),59.0
2012-10-30,DHARWAD,Palm Oil (Packed),
2012-10-30,T.PURAM,Palm Oil (Packed),71.0
2012-10-30,ERNAKULAM,Palm Oil (Packed),73.0
2012-10-30,PUDUCHERRY,Palm Oil (Packed),58.0
2012-10-30,CHENNAI,Palm Oil (Packed),60.0
2012-10-30,DINDIGUL,Palm Oil (Packed),58.0
2012-10-30,THIRUCHIRAPALLI,Palm Oil (Packed),59.0
2012-10-30,HYDERABAD,Palm Oil (Packed),62.0
2012-10-31,PANAJI,Palm Oil (Packed),
2012-10-31,BENGALURU,Palm Oil (Packed),59.0
2012-10-31,DHARWAD,Palm Oil (Packed),65.0
2012-10-31,T.PURAM,Palm Oil (Packed),71.0
2012-10-31,ERNAKULAM,Palm Oil (Packed),73.0
2012-10-31,PUDUCHERRY,Palm Oil (Packed),58.0
2012-10-31,CHENNAI,Palm Oil (Packed),60.0
2012-10-31,DINDIGUL,Palm Oil (Packed),58.0
2012-10-31,THIRUCHIRAPALLI,Palm Oil (Packed),59.0
2012-10-31,HYDERABAD,Palm Oil (Packed),63.0
2012-11-01,PANAJI,Palm Oil (Packed),
2012-11-01,BENGALURU,Palm Oil (Packed),
2012-11-01,DHARWAD,Palm Oil (Packed),
2012-11-01,T.PURAM,Palm Oil (Packed),71.0
2012-11-01,ERNAKULAM,Palm Oil (Packed),73.0
2012-11-01,KOZHIKODE,Palm Oil (Packed),69.0
2012-11-01,PUDUCHERRY,Palm Oil (Packed),58.0
2012-11-01,CHENNAI,Palm Oil (Packed),60.0
2012-11-01,DINDIGUL,Palm Oil (Packed),58.0
2012-11-01,THIRUCHIRAPALLI,Palm Oil (Packed),59.0
2012-11-01,HYDERABAD,Palm Oil (Packed),63.0
2012-11-02,PANAJI,Palm Oil (Packed),
2012-11-02,BENGALURU,Palm Oil (Packed),59.0
2012-11-02,DHARWAD,Palm Oil (Packed),66.0
2012-11-02,T.PURAM,Palm Oil (Packed),71.0
2012-11-02,ERNAKULAM,Palm Oil (Packed),73.0
2012-11-02,KOZHIKODE,Palm Oil (Packed),69.0
2012-11-02,PUDUCHERRY,Palm Oil (Packed),58.0
2012-11-02,CHENNAI,Palm Oil (Packed),60.0
2012-11-02,DINDIGUL,Palm Oil (Packed),58.0
2012-11-02,THIRUCHIRAPALLI,Palm Oil (Packed),59.0
2012-11-02,HYDERABAD,Palm Oil (Packed),63.0
2012-11-05,PANAJI,Palm Oil (Packed),
2012-11-05,BENGALURU,Palm Oil (Packed),59.0
2012-11-05,DHARWAD,Palm Oil (Packed),66.0
2012-11-05,T.PURAM,Palm Oil (Packed),69.0
2012-11-05,ERNAKULAM,Palm Oil (Packed),73.0
2012-11-05,KOZHIKODE,Palm Oil (Packed),69.0
2012-11-05,PUDUCHERRY,Palm Oil (Packed),58.0
2012-11-05,CHENNAI,Palm Oil (Packed),60.0
2012-11-05,DINDIGUL,Palm Oil (Packed),58.0
2012-11-05,THIRUCHIRAPALLI,Palm Oil (Packed),59.0
2012-11-05,HYDERABAD,Palm Oil (Packed),63.0
2012-11-06,PANAJI,Palm Oil (Packed),
2012-11-06,BENGALURU,Palm Oil (Packed),59.0
2012-11-06,DHARWAD,Palm Oil (Packed),66.0
2012-11-06,T.PURAM,Palm Oil (Packed),68.0
2012-11-06,ERNAKULAM,Palm Oil (Packed),
2012-11-06,KOZHIKODE,Palm Oil (Packed),69.0
2012-11-06,PUDUCHERRY,Palm Oil (Packed),58.0
2012-11-06,CHENNAI,Palm Oil (Packed),60.0
2012-11-06,DINDIGUL,Palm Oil (Packed),58.0
2012-11-06,THIRUCHIRAPALLI,Palm Oil (Packed),59.0
2012-11-06,HYDERABAD,Palm Oil (Packed),63.0
2012-11-07,PANAJI,Palm Oil (Packed),
2012-11-07,BENGALURU,Palm Oil (Packed),59.0
2012-11-07,DHARWAD,Palm Oil (Packed),66.0
2012-11-07,T.PURAM,Palm Oil (Packed),68.0
2012-11-07,ERNAKULAM,Palm Oil (Packed),73.0
2012-11-07,KOZHIKODE,Palm Oil (Packed),69.0
2012-11-07,PUDUCHERRY,Palm Oil (Packed),58.0
2012-11-07,CHENNAI,Palm Oil (Packed),60.0
2012-11-07,DINDIGUL,Palm Oil (Packed),58.0
2012-11-07,THIRUCHIRAPALLI,Palm Oil (Packed),59.0
2012-11-07,HYDERABAD,Palm Oil (Packed),63.0
2012-11-08,PANAJI,Palm Oil (Packed),
2012-11-08,BENGALURU,Palm Oil (Packed),59.0
2012-11-08,DHARWAD,Palm Oil (Packed),66.0
2012-11-08,T.PURAM,Palm Oil (Packed),68.0
2012-11-08,ERNAKULAM,Palm Oil (Packed),73.0
2012-11-08,KOZHIKODE,Palm Oil (Packed),69.0
2012-11-08,PUDUCHERRY,Palm Oil (Packed),59.0
2012-11-08,CHENNAI,Palm Oil (Packed),60.0
2012-11-08,DINDIGUL,Palm Oil (Packed),58.0
2012-11-08,THIRUCHIRAPALLI,Palm Oil (Packed),59.0
2012-11-08,HYDERABAD,Palm Oil (Packed),63.0
2012-11-09,PANAJI,Palm Oil (Packed),
2012-11-09,BENGALURU,Palm Oil (Packed),59.0
2012-11-09,DHARWAD,Palm Oil (Packed),66.0
2012-11-09,T.PURAM,Palm Oil (Packed),68.0
2012-11-09,ERNAKULAM,Palm Oil (Packed),73.0
2012-11-09,KOZHIKODE,Palm Oil (Packed),69.0
2012-11-09,PUDUCHERRY,Palm Oil (Packed),58.0
2012-11-09,CHENNAI,Palm Oil (Packed),60.0
2012-11-09,DINDIGUL,Palm Oil (Packed),58.0
2012-11-09,THIRUCHIRAPALLI,Palm Oil (Packed),59.0
2012-11-09,HYDERABAD,Palm Oil (Packed),63.0
2012-11-12,PANAJI,Palm Oil (Packed),
2012-11-12,BENGALURU,Palm Oil (Packed),
2012-11-12,DHARWAD,Palm Oil (Packed),
2012-11-12,T.PURAM,Palm Oil (Packed),68.0
2012-11-12,ERNAKULAM,Palm Oil (Packed),73.0
2012-11-12,KOZHIKODE,Palm Oil (Packed),69.0
2012-11-12,PUDUCHERRY,Palm Oil (Packed),58.0
2012-11-12,CHENNAI,Palm Oil (Packed),62.0
2012-11-12,DINDIGUL,Palm Oil (Packed),58.0
2012-11-12,THIRUCHIRAPALLI,Palm Oil (Packed),59.0
2012-11-12,HYDERABAD,Palm Oil (Packed),63.0
2012-11-14,PANAJI,Palm Oil (Packed),
2012-11-14,BENGALURU,Palm Oil (Packed),
2012-11-14,DHARWAD,Palm Oil (Packed),
2012-11-14,T.PURAM,Palm Oil (Packed),68.0
2012-11-14,ERNAKULAM,Palm Oil (Packed),73.0
2012-11-14,KOZHIKODE,Palm Oil (Packed),70.0
2012-11-14,PUDUCHERRY,Palm Oil (Packed),58.0
2012-11-14,CHENNAI,Palm Oil (Packed),62.0
2012-11-14,DINDIGUL,Palm Oil (Packed),58.0
2012-11-14,THIRUCHIRAPALLI,Palm Oil (Packed),59.0
2012-11-14,HYDERABAD,Palm Oil (Packed),63.0
2012-11-15,PANAJI,Palm Oil (Packed),
2012-11-15,BENGALURU,Palm Oil (Packed),59.0
2012-11-15,DHARWAD,Palm Oil (Packed),67.0
2012-11-15,T.PURAM,Palm Oil (Packed),68.0
2012-11-15,ERNAKULAM,Palm Oil (Packed),73.0
2012-11-15,KOZHIKODE,Palm Oil (Packed),62.0
2012-11-15,PUDUCHERRY,Palm Oil (Packed),58.0
2012-11-15,CHENNAI,Palm Oil (Packed),62.0
2012-11-15,DINDIGUL,Palm Oil (Packed),58.0
2012-11-15,THIRUCHIRAPALLI,Palm Oil (Packed),59.0
2012-11-15,HYDERABAD,Palm Oil (Packed),63.0
2012-11-16,PANAJI,Palm Oil (Packed),
2012-11-16,BENGALURU,Palm Oil (Packed),59.0
2012-11-16,DHARWAD,Palm Oil (Packed),67.0
2012-11-16,T.PURAM,Palm Oil (Packed),68.0
2012-11-16,ERNAKULAM,Palm Oil (Packed),73.0
2012-11-16,KOZHIKODE,Palm Oil (Packed),62.0
2012-11-16,PUDUCHERRY,Palm Oil (Packed),58.0
2012-11-16,CHENNAI,Palm Oil (Packed),62.0
2012-11-16,DINDIGUL,Palm Oil (Packed),58.0
2012-11-16,THIRUCHIRAPALLI,Palm Oil (Packed),59.0
2012-11-16,HYDERABAD,Palm Oil (Packed),63.0
2012-11-19,PANAJI,Palm Oil (Packed),
2012-11-19,BENGALURU,Palm Oil (Packed),
2012-11-19,DHARWAD,Palm Oil (Packed),
2012-11-19,T.PURAM,Palm Oil (Packed),68.0
2012-11-19,ERNAKULAM,Palm Oil (Packed),73.0
2012-11-19,KOZHIKODE,Palm Oil (Packed),62.0
2012-11-19,PUDUCHERRY,Palm Oil (Packed),58.0
2012-11-19,CHENNAI,Palm Oil (Packed),62.0
2012-11-19,DINDIGUL,Palm Oil (Packed),58.0
2012-11-19,THIRUCHIRAPALLI,Palm Oil (Packed),59.0
2012-11-19,HYDERABAD,Palm Oil (Packed),62.0
2012-11-20,PANAJI,Palm Oil (Packed),
2012-11-20,BENGALURU,Palm Oil (Packed),59.0
2012-11-20,DHARWAD,Palm Oil (Packed),65.0
2012-11-20,T.PURAM,Palm Oil (Packed),68.0
2012-11-20,ERNAKULAM,Palm Oil (Packed),73.0
2012-11-20,KOZHIKODE,Palm Oil (Packed),62.0
2012-11-20,PUDUCHERRY,Palm Oil (Packed),58.0
2012-11-20,CHENNAI,Palm Oil (Packed),59.0
2012-11-20,DINDIGUL,Palm Oil (Packed),58.0
2012-11-20,THIRUCHIRAPALLI,Palm Oil (Packed),59.0
2012-11-20,HYDERABAD,Palm Oil (Packed),60.0
2012-11-21,PANAJI,Palm Oil (Packed),
2012-11-21,BENGALURU,Palm Oil (Packed),59.0
2012-11-21,DHARWAD,Palm Oil (Packed),65.0
2012-11-21,T.PURAM,Palm Oil (Packed),68.0
2012-11-21,ERNAKULAM,Palm Oil (Packed),73.0
2012-11-21,KOZHIKODE,Palm Oil (Packed),62.0
2012-11-21,PUDUCHERRY,Palm Oil (Packed),58.0
2012-11-21,CHENNAI,Palm Oil (Packed),59.0
2012-11-21,DINDIGUL,Palm Oil (Packed),58.0
2012-11-21,THIRUCHIRAPALLI,Palm Oil (Packed),59.0
2012-11-21,HYDERABAD,Palm Oil (Packed),62.0
2012-11-22,PANAJI,Palm Oil (Packed),
2012-11-22,BENGALURU,Palm Oil (Packed),59.0
2012-11-22,DHARWAD,Palm Oil (Packed),65.0
2012-11-22,T.PURAM,Palm Oil (Packed),68.0
2012-11-22,ERNAKULAM,Palm Oil (Packed),73.0
2012-11-22,KOZHIKODE,Palm Oil (Packed),62.0
2012-11-22,PUDUCHERRY,Palm Oil (Packed),58.0
2012-11-22,CHENNAI,Palm Oil (Packed),59.0
2012-11-22,DINDIGUL,Palm Oil (Packed),58.0
2012-11-22,THIRUCHIRAPALLI,Palm Oil (Packed),59.0
2012-11-22,HYDERABAD,Palm Oil (Packed),62.0
2012-11-23,PANAJI,Palm Oil (Packed),
2012-11-23,BENGALURU,Palm Oil (Packed),59.0
2012-11-23,DHARWAD,Palm Oil (Packed),65.0
2012-11-23,T.PURAM,Palm Oil (Packed),68.0
2012-11-23,ERNAKULAM,Palm Oil (Packed),73.0
2012-11-23,KOZHIKODE,Palm Oil (Packed),67.0
2012-11-23,PUDUCHERRY,Palm Oil (Packed),58.0
2012-11-23,CHENNAI,Palm Oil (Packed),59.0
2012-11-23,DINDIGUL,Palm Oil (Packed),58.0
2012-11-23,THIRUCHIRAPALLI,Palm Oil (Packed),59.0
2012-11-23,HYDERABAD,Palm Oil (Packed),62.0
2012-11-26,PANAJI,Palm Oil (Packed),
2012-11-26,BENGALURU,Palm Oil (Packed),59.0
2012-11-26,DHARWAD,Palm Oil (Packed),66.0
2012-11-26,T.PURAM,Palm Oil (Packed),68.0
2012-11-26,ERNAKULAM,Palm Oil (Packed),73.0
2012-11-26,KOZHIKODE,Palm Oil (Packed),67.0
2012-11-26,PUDUCHERRY,Palm Oil (Packed),59.0
2012-11-26,CHENNAI,Palm Oil (Packed),59.0
2012-11-26,DINDIGUL,Palm Oil (Packed),58.0
2012-11-26,THIRUCHIRAPALLI,Palm Oil (Packed),59.0
2012-11-26,HYDERABAD,Palm Oil (Packed),62.0
2012-11-27,PANAJI,Palm Oil (Packed),
2012-11-27,BENGALURU,Palm Oil (Packed),59.0
2012-11-27,DHARWAD,Palm Oil (Packed),66.0
2012-11-27,T.PURAM,Palm Oil (Packed),68.0
2012-11-27,ERNAKULAM,Palm Oil (Packed),73.0
2012-11-27,KOZHIKODE,Palm Oil (Packed),67.0
2012-11-27,PUDUCHERRY,Palm Oil (Packed),59.0
2012-11-27,CHENNAI,Palm Oil (Packed),59.0
2012-11-27,DINDIGUL,Palm Oil (Packed),58.0
2012-11-27,THIRUCHIRAPALLI,Palm Oil (Packed),59.0
2012-11-27,HYDERABAD,Palm Oil (Packed),62.0
2012-11-29,PANAJI,Palm Oil (Packed),
2012-11-29,BENGALURU,Palm Oil (Packed),59.0
2012-11-29,DHARWAD,Palm Oil (Packed),66.0
2012-11-29,T.PURAM,Palm Oil (Packed),64.0
2012-11-29,ERNAKULAM,Palm Oil (Packed),73.0
2012-11-29,KOZHIKODE,Palm Oil (Packed),67.0
2012-11-29,PUDUCHERRY,Palm Oil (Packed),59.0
2012-11-29,CHENNAI,Palm Oil (Packed),59.0
2012-11-29,DINDIGUL,Palm Oil (Packed),58.0
2012-11-29,THIRUCHIRAPALLI,Palm Oil (Packed),59.0
2012-11-29,HYDERABAD,Palm Oil (Packed),62.0
2012-11-30,PANAJI,Palm Oil (Packed),
2012-11-30,BENGALURU,Palm Oil (Packed),
2012-11-30,DHARWAD,Palm Oil (Packed),
2012-11-30,T.PURAM,Palm Oil (Packed),64.0
2012-11-30,ERNAKULAM,Palm Oil (Packed),73.0
2012-11-30,KOZHIKODE,Palm Oil (Packed),67.0
2012-11-30,PUDUCHERRY,Palm Oil (Packed),58.0
2012-11-30,CHENNAI,Palm Oil (Packed),59.0
2012-11-30,DINDIGUL,Palm Oil (Packed),58.0
2012-11-30,THIRUCHIRAPALLI,Palm Oil (Packed),59.0
2012-11-30,HYDERABAD,Palm Oil (Packed),62.0
2012-12-03,PANAJI,Palm Oil (Packed),
2012-12-03,BENGALURU,Palm Oil (Packed),59.0
2012-12-03,DHARWAD,Palm Oil (Packed),66.0
2012-12-03,T.PURAM,Palm Oil (Packed),64.0
2012-12-03,ERNAKULAM,Palm Oil (Packed),73.0
2012-12-03,KOZHIKODE,Palm Oil (Packed),67.0
2012-12-03,PUDUCHERRY,Palm Oil (Packed),58.0
2012-12-03,CHENNAI,Palm Oil (Packed),59.0
2012-12-03,DINDIGUL,Palm Oil (Packed),58.0
2012-12-03,THIRUCHIRAPALLI,Palm Oil (Packed),59.0
2012-12-03,HYDERABAD,Palm Oil (Packed),62.0
2012-12-04,PANAJI,Palm Oil (Packed),
2012-12-04,BENGALURU,Palm Oil (Packed),57.0
2012-12-04,DHARWAD,Palm Oil (Packed),66.0
2012-12-04,T.PURAM,Palm Oil (Packed),64.0
2012-12-04,ERNAKULAM,Palm Oil (Packed),73.0
2012-12-04,KOZHIKODE,Palm Oil (Packed),67.0
2012-12-04,PUDUCHERRY,Palm Oil (Packed),58.0
2012-12-04,CHENNAI,Palm Oil (Packed),59.0
2012-12-04,DINDIGUL,Palm Oil (Packed),58.0
2012-12-04,THIRUCHIRAPALLI,Palm Oil (Packed),59.0
2012-12-04,HYDERABAD,Palm Oil (Packed),62.0
2012-12-05,PANAJI,Palm Oil (Packed),
2012-12-05,BENGALURU,Palm Oil (Packed),57.0
2012-12-05,DHARWAD,Palm Oil (Packed),66.0
2012-12-05,T.PURAM,Palm Oil (Packed),64.0
2012-12-05,ERNAKULAM,Palm Oil (Packed),73.0
2012-12-05,KOZHIKODE,Palm Oil (Packed),67.0
2012-12-05,PUDUCHERRY,Palm Oil (Packed),58.0
2012-12-05,CHENNAI,Palm Oil (Packed),59.0
2012-12-05,DINDIGUL,Palm Oil (Packed),58.0
2012-12-05,THIRUCHIRAPALLI,Palm Oil (Packed),59.0
2012-12-05,HYDERABAD,Palm Oil (Packed),62.0
2012-12-06,PANAJI,Palm Oil (Packed),
2012-12-06,BENGALURU,Palm Oil (Packed),57.0
2012-12-06,DHARWAD,Palm Oil (Packed),66.0
2012-12-06,T.PURAM,Palm Oil (Packed),64.0
2012-12-06,ERNAKULAM,Palm Oil (Packed),73.0
2012-12-06,KOZHIKODE,Palm Oil (Packed),67.0
2012-12-06,PUDUCHERRY,Palm Oil (Packed),57.0
2012-12-06,CHENNAI,Palm Oil (Packed),60.0
2012-12-06,DINDIGUL,Palm Oil (Packed),58.0
2012-12-06,THIRUCHIRAPALLI,Palm Oil (Packed),59.0
2012-12-06,HYDERABAD,Palm Oil (Packed),62.0
2012-12-07,PANAJI,Palm Oil (Packed),
2012-12-07,BENGALURU,Palm Oil (Packed),57.0
2012-12-07,DHARWAD,Palm Oil (Packed),66.0
2012-12-07,T.PURAM,Palm Oil (Packed),64.0
2012-12-07,ERNAKULAM,Palm Oil (Packed),73.0
2012-12-07,KOZHIKODE,Palm Oil (Packed),67.0
2012-12-07,PUDUCHERRY,Palm Oil (Packed),57.0
2012-12-07,CHENNAI,Palm Oil (Packed),60.0
2012-12-07,DINDIGUL,Palm Oil (Packed),58.0
2012-12-07,THIRUCHIRAPALLI,Palm Oil (Packed),59.0
2012-12-07,HYDERABAD,Palm Oil (Packed),62.0
2012-12-10,PANAJI,Palm Oil (Packed),
2012-12-10,BENGALURU,Palm Oil (Packed),57.0
2012-12-10,DHARWAD,Palm Oil (Packed),66.0
2012-12-10,T.PURAM,Palm Oil (Packed),64.0
2012-12-10,ERNAKULAM,Palm Oil (Packed),73.0
2012-12-10,KOZHIKODE,Palm Oil (Packed),67.0
2012-12-10,PUDUCHERRY,Palm Oil (Packed),57.0
2012-12-10,CHENNAI,Palm Oil (Packed),60.0
2012-12-10,DINDIGUL,Palm Oil (Packed),58.0
2012-12-10,THIRUCHIRAPALLI,Palm Oil (Packed),59.0
2012-12-10,HYDERABAD,Palm Oil (Packed),62.0
2012-12-11,PANAJI,Palm Oil (Packed),
2012-12-11,BENGALURU,Palm Oil (Packed),57.0
2012-12-11,DHARWAD,Palm Oil (Packed),66.0
2012-12-11,T.PURAM,Palm Oil (Packed),64.0
2012-12-11,ERNAKULAM,Palm Oil (Packed),73.0
2012-12-11,KOZHIKODE,Palm Oil (Packed),67.0
2012-12-11,PUDUCHERRY,Palm Oil (Packed),56.0
2012-12-11,CHENNAI,Palm Oil (Packed),60.0
2012-12-11,DINDIGUL,Palm Oil (Packed),58.0
2012-12-11,THIRUCHIRAPALLI,Palm Oil (Packed),59.0
2012-12-11,HYDERABAD,Palm Oil (Packed),62.0
2012-12-12,PANAJI,Palm Oil (Packed),
2012-12-12,BENGALURU,Palm Oil (Packed),57.0
2012-12-12,DHARWAD,Palm Oil (Packed),66.0
2012-12-12,T.PURAM,Palm Oil (Packed),64.0
2012-12-12,ERNAKULAM,Palm Oil (Packed),73.0
2012-12-12,KOZHIKODE,Palm Oil (Packed),67.0
2012-12-12,PUDUCHERRY,Palm Oil (Packed),56.0
2012-12-12,CHENNAI,Palm Oil (Packed),58.0
2012-12-12,DINDIGUL,Palm Oil (Packed),58.0
2012-12-12,THIRUCHIRAPALLI,Palm Oil (Packed),58.0
2012-12-12,HYDERABAD,Palm Oil (Packed),62.0
2012-12-13,PANAJI,Palm Oil (Packed),
2012-12-13,BENGALURU,Palm Oil (Packed),57.0
2012-12-13,DHARWAD,Palm Oil (Packed),66.0
2012-12-13,T.PURAM,Palm Oil (Packed),64.0
2012-12-13,ERNAKULAM,Palm Oil (Packed),73.0
2012-12-13,KOZHIKODE,Palm Oil (Packed),67.0
2012-12-13,PUDUCHERRY,Palm Oil (Packed),56.0
2012-12-13,CHENNAI,Palm Oil (Packed),58.0
2012-12-13,DINDIGUL,Palm Oil (Packed),58.0
2012-12-13,THIRUCHIRAPALLI,Palm Oil (Packed),57.0
2012-12-13,HYDERABAD,Palm Oil (Packed),62.0
2012-12-14,PANAJI,Palm Oil (Packed),
2012-12-14,BENGALURU,Palm Oil (Packed),57.0
2012-12-14,DHARWAD,Palm Oil (Packed),66.0
2012-12-14,T.PURAM,Palm Oil (Packed),64.0
2012-12-14,ERNAKULAM,Palm Oil (Packed),73.0
2012-12-14,KOZHIKODE,Palm Oil (Packed),67.0
2012-12-14,PUDUCHERRY,Palm Oil (Packed),56.0
2012-12-14,CHENNAI,Palm Oil (Packed),58.0
2012-12-14,DINDIGUL,Palm Oil (Packed),58.0
2012-12-14,THIRUCHIRAPALLI,Palm Oil (Packed),58.0
2012-12-14,HYDERABAD,Palm Oil (Packed),62.0
2012-12-17,PANAJI,Palm Oil (Packed),
2012-12-17,BENGALURU,Palm Oil (Packed),57.0
2012-12-17,DHARWAD,Palm Oil (Packed),66.0
2012-12-17,T.PURAM,Palm Oil (Packed),64.0
2012-12-17,ERNAKULAM,Palm Oil (Packed),73.0
2012-12-17,KOZHIKODE,Palm Oil (Packed),67.0
2012-12-17,PUDUCHERRY,Palm Oil (Packed),56.0
2012-12-17,CHENNAI,Palm Oil (Packed),58.0
2012-12-17,DINDIGUL,Palm Oil (Packed),58.0
2012-12-17,THIRUCHIRAPALLI,Palm Oil (Packed),57.0
2012-12-17,HYDERABAD,Palm Oil (Packed),62.0
2012-12-18,PANAJI,Palm Oil (Packed),
2012-12-18,BENGALURU,Palm Oil (Packed),55.0
2012-12-18,DHARWAD,Palm Oil (Packed),66.0
2012-12-18,T.PURAM,Palm Oil (Packed),
2012-12-18,ERNAKULAM,Palm Oil (Packed),
2012-12-18,KOZHIKODE,Palm Oil (Packed),
2012-12-18,PUDUCHERRY,Palm Oil (Packed),55.0
2012-12-18,CHENNAI,Palm Oil (Packed),58.0
2012-12-18,DINDIGUL,Palm Oil (Packed),55.0
2012-12-18,THIRUCHIRAPALLI,Palm Oil (Packed),57.0
2012-12-18,HYDERABAD,Palm Oil (Packed),62.0
2012-12-19,PANAJI,Palm Oil (Packed),
2012-12-19,BENGALURU,Palm Oil (Packed),55.0
2012-12-19,DHARWAD,Palm Oil (Packed),66.0
2012-12-19,T.PURAM,Palm Oil (Packed),
2012-12-19,ERNAKULAM,Palm Oil (Packed),
2012-12-19,KOZHIKODE,Palm Oil (Packed),
2012-12-19,PUDUCHERRY,Palm Oil (Packed),55.0
2012-12-19,CHENNAI,Palm Oil (Packed),56.0
2012-12-19,DINDIGUL,Palm Oil (Packed),55.0
2012-12-19,THIRUCHIRAPALLI,Palm Oil (Packed),58.0
2012-12-19,HYDERABAD,Palm Oil (Packed),62.0
2012-12-20,PANAJI,Palm Oil (Packed),
2012-12-20,BENGALURU,Palm Oil (Packed),55.0
2012-12-20,DHARWAD,Palm Oil (Packed),67.0
2012-12-20,T.PURAM,Palm Oil (Packed),
2012-12-20,ERNAKULAM,Palm Oil (Packed),
2012-12-20,KOZHIKODE,Palm Oil (Packed),
2012-12-20,PUDUCHERRY,Palm Oil (Packed),54.0
2012-12-20,CHENNAI,Palm Oil (Packed),56.0
2012-12-20,DINDIGUL,Palm Oil (Packed),55.0
2012-12-20,THIRUCHIRAPALLI,Palm Oil (Packed),
2012-12-20,HYDERABAD,Palm Oil (Packed),62.0
2012-12-21,PANAJI,Palm Oil (Packed),
2012-12-21,BENGALURU,Palm Oil (Packed),55.0
2012-12-21,DHARWAD,Palm Oil (Packed),67.0
2012-12-21,T.PURAM,Palm Oil (Packed),64.0
2012-12-21,ERNAKULAM,Palm Oil (Packed),73.0
2012-12-21,KOZHIKODE,Palm Oil (Packed),64.0
2012-12-21,PUDUCHERRY,Palm Oil (Packed),54.0
2012-12-21,CHENNAI,Palm Oil (Packed),56.0
2012-12-21,DINDIGUL,Palm Oil (Packed),55.0
2012-12-21,THIRUCHIRAPALLI,Palm Oil (Packed),57.0
2012-12-21,HYDERABAD,Palm Oil (Packed),62.0
2012-12-24,PANAJI,Palm Oil (Packed),
2012-12-24,BENGALURU,Palm Oil (Packed),
2012-12-24,DHARWAD,Palm Oil (Packed),
2012-12-24,T.PURAM,Palm Oil (Packed),64.0
2012-12-24,ERNAKULAM,Palm Oil (Packed),73.0
2012-12-24,KOZHIKODE,Palm Oil (Packed),64.0
2012-12-24,PUDUCHERRY,Palm Oil (Packed),55.0
2012-12-24,CHENNAI,Palm Oil (Packed),56.0
2012-12-24,DINDIGUL,Palm Oil (Packed),55.0
2012-12-24,THIRUCHIRAPALLI,Palm Oil (Packed),
2012-12-24,HYDERABAD,Palm Oil (Packed),62.0
2012-12-26,PANAJI,Palm Oil (Packed),
2012-12-26,BENGALURU,Palm Oil (Packed),55.0
2012-12-26,DHARWAD,Palm Oil (Packed),67.0
2012-12-26,T.PURAM,Palm Oil (Packed),63.0
2012-12-26,ERNAKULAM,Palm Oil (Packed),73.0
2012-12-26,KOZHIKODE,Palm Oil (Packed),64.0
2012-12-26,PUDUCHERRY,Palm Oil (Packed),55.0
2012-12-26,CHENNAI,Palm Oil (Packed),56.0
2012-12-26,DINDIGUL,Palm Oil (Packed),55.0
2012-12-26,THIRUCHIRAPALLI,Palm Oil (Packed),57.0
2012-12-26,HYDERABAD,Palm Oil (Packed),60.0
2012-12-27,PANAJI,Palm Oil (Packed),
2012-12-27,BENGALURU,Palm Oil (Packed),55.0
2012-12-27,DHARWAD,Palm Oil (Packed),67.0
2012-12-27,T.PURAM,Palm Oil (Packed),63.0
2012-12-27,ERNAKULAM,Palm Oil (Packed),73.0
2012-12-27,KOZHIKODE,Palm Oil (Packed),64.0
2012-12-27,PUDUCHERRY,Palm Oil (Packed),55.0
2012-12-27,CHENNAI,Palm Oil (Packed),56.0
2012-12-27,DINDIGUL,Palm Oil (Packed),55.0
2012-12-27,THIRUCHIRAPALLI,Palm Oil (Packed),57.0
2012-12-27,HYDERABAD,Palm Oil (Packed),60.0
2012-12-28,PANAJI,Palm Oil (Packed),
2012-12-28,BENGALURU,Palm Oil (Packed),55.0
2012-12-28,DHARWAD,Palm Oil (Packed),67.0
2012-12-28,T.PURAM,Palm Oil (Packed),63.0
2012-12-28,ERNAKULAM,Palm Oil (Packed),73.0
2012-12-28,KOZHIKODE,Palm Oil (Packed),64.0
2012-12-28,PUDUCHERRY,Palm Oil (Packed),55.0
2012-12-28,CHENNAI,Palm Oil (Packed),56.0
2012-12-28,DINDIGUL,Palm Oil (Packed),55.0
2012-12-28,THIRUCHIRAPALLI,Palm Oil (Packed),57.0
2012-12-28,HYDERABAD,Palm Oil (Packed),60.0
2012-12-31,PANAJI,Palm Oil (Packed),
2012-12-31,BENGALURU,Palm Oil (Packed),55.0
2012-12-31,DHARWAD,Palm Oil (Packed),66.0
2012-12-31,T.PURAM,Palm Oil (Packed),63.0
2012-12-31,ERNAKULAM,Palm Oil (Packed),73.0
2012-12-31,KOZHIKODE,Palm Oil (Packed),64.0
2012-12-31,PUDUCHERRY,Palm Oil (Packed),56.0
2012-12-31,CHENNAI,Palm Oil (Packed),56.0
2012-12-31,DINDIGUL,Palm Oil (Packed),57.0
2012-12-31,THIRUCHIRAPALLI,Palm Oil (Packed),57.0
2012-12-31,HYDERABAD,Palm Oil (Packed),60.0
2013-01-01,PANAJI,Palm Oil (Packed),
2013-01-01,BENGALURU,Palm Oil (Packed),55.0
2013-01-01,DHARWAD,Palm Oil (Packed),66.0
2013-01-01,T.PURAM,Palm Oil (Packed),63.0
2013-01-01,ERNAKULAM,Palm Oil (Packed),73.0
2013-01-01,KOZHIKODE,Palm Oil (Packed),64.0
2013-01-01,PUDUCHERRY,Palm Oil (Packed),
2013-01-01,CHENNAI,Palm Oil (Packed),
2013-01-01,DINDIGUL,Palm Oil (Packed),
2013-01-01,THIRUCHIRAPALLI,Palm Oil (Packed),
2013-01-01,HYDERABAD,Palm Oil (Packed),60.0
2013-01-02,PANAJI,Palm Oil (Packed),
2013-01-02,BENGALURU,Palm Oil (Packed),55.0
2013-01-02,DHARWAD,Palm Oil (Packed),66.0
2013-01-02,T.PURAM,Palm Oil (Packed),63.0
2013-01-02,ERNAKULAM,Palm Oil (Packed),73.0
2013-01-02,KOZHIKODE,Palm Oil (Packed),64.0
2013-01-02,PUDUCHERRY,Palm Oil (Packed),56.0
2013-01-02,CHENNAI,Palm Oil (Packed),56.0
2013-01-02,DINDIGUL,Palm Oil (Packed),57.0
2013-01-02,THIRUCHIRAPALLI,Palm Oil (Packed),57.0
2013-01-02,HYDERABAD,Palm Oil (Packed),60.0
2013-01-03,PANAJI,Palm Oil (Packed),
2013-01-03,BENGALURU,Palm Oil (Packed),55.0
2013-01-03,DHARWAD,Palm Oil (Packed),66.0
2013-01-03,T.PURAM,Palm Oil (Packed),63.0
2013-01-03,ERNAKULAM,Palm Oil (Packed),73.0
2013-01-03,KOZHIKODE,Palm Oil (Packed),64.0
2013-01-03,PUDUCHERRY,Palm Oil (Packed),56.0
2013-01-03,CHENNAI,Palm Oil (Packed),58.0
2013-01-03,DINDIGUL,Palm Oil (Packed),57.0
2013-01-03,THIRUCHIRAPALLI,Palm Oil (Packed),57.0
2013-01-03,HYDERABAD,Palm Oil (Packed),60.0
2013-01-04,PANAJI,Palm Oil (Packed),
2013-01-04,BENGALURU,Palm Oil (Packed),55.0
2013-01-04,DHARWAD,Palm Oil (Packed),66.0
2013-01-04,T.PURAM,Palm Oil (Packed),63.0
2013-01-04,ERNAKULAM,Palm Oil (Packed),73.0
2013-01-04,KOZHIKODE,Palm Oil (Packed),64.0
2013-01-04,PUDUCHERRY,Palm Oil (Packed),57.0
2013-01-04,CHENNAI,Palm Oil (Packed),58.0
2013-01-04,DINDIGUL,Palm Oil (Packed),55.0
2013-01-04,THIRUCHIRAPALLI,Palm Oil (Packed),57.0
2013-01-04,HYDERABAD,Palm Oil (Packed),60.0
2013-01-07,PANAJI,Palm Oil (Packed),
2013-01-07,BENGALURU,Palm Oil (Packed),55.0
2013-01-07,DHARWAD,Palm Oil (Packed),66.0
2013-01-07,T.PURAM,Palm Oil (Packed),63.0
2013-01-07,ERNAKULAM,Palm Oil (Packed),73.0
2013-01-07,KOZHIKODE,Palm Oil (Packed),64.0
2013-01-07,PUDUCHERRY,Palm Oil (Packed),57.0
2013-01-07,CHENNAI,Palm Oil (Packed),58.0
2013-01-07,DINDIGUL,Palm Oil (Packed),55.0
2013-01-07,THIRUCHIRAPALLI,Palm Oil (Packed),57.0
2013-01-07,HYDERABAD,Palm Oil (Packed),58.0
2013-01-08,PANAJI,Palm Oil (Packed),
2013-01-08,BENGALURU,Palm Oil (Packed),56.0
2013-01-08,DHARWAD,Palm Oil (Packed),66.0
2013-01-08,T.PURAM,Palm Oil (Packed),63.0
2013-01-08,ERNAKULAM,Palm Oil (Packed),73.0
2013-01-08,KOZHIKODE,Palm Oil (Packed),64.0
2013-01-08,PUDUCHERRY,Palm Oil (Packed),57.0
2013-01-08,CHENNAI,Palm Oil (Packed),58.0
2013-01-08,DINDIGUL,Palm Oil (Packed),55.0
2013-01-08,THIRUCHIRAPALLI,Palm Oil (Packed),57.0
2013-01-08,HYDERABAD,Palm Oil (Packed),58.0
2013-01-09,PANAJI,Palm Oil (Packed),
2013-01-09,BENGALURU,Palm Oil (Packed),56.0
2013-01-09,DHARWAD,Palm Oil (Packed),66.0
2013-01-09,T.PURAM,Palm Oil (Packed),
2013-01-09,ERNAKULAM,Palm Oil (Packed),
2013-01-09,KOZHIKODE,Palm Oil (Packed),
2013-01-09,PUDUCHERRY,Palm Oil (Packed),57.0
2013-01-09,CHENNAI,Palm Oil (Packed),58.0
2013-01-09,DINDIGUL,Palm Oil (Packed),55.0
2013-01-09,THIRUCHIRAPALLI,Palm Oil (Packed),57.0
2013-01-09,HYDERABAD,Palm Oil (Packed),58.0
2013-01-10,PANAJI,Palm Oil (Packed),
2013-01-10,BENGALURU,Palm Oil (Packed),56.0
2013-01-10,DHARWAD,Palm Oil (Packed),66.0
2013-01-10,T.PURAM,Palm Oil (Packed),
2013-01-10,ERNAKULAM,Palm Oil (Packed),
2013-01-10,KOZHIKODE,Palm Oil (Packed),
2013-01-10,PUDUCHERRY,Palm Oil (Packed),57.0
2013-01-10,CHENNAI,Palm Oil (Packed),58.0
2013-01-10,DINDIGUL,Palm Oil (Packed),55.0
2013-01-10,THIRUCHIRAPALLI,Palm Oil (Packed),57.0
2013-01-10,HYDERABAD,Palm Oil (Packed),58.0
2013-01-11,PANAJI,Palm Oil (Packed),
2013-01-11,BENGALURU,Palm Oil (Packed),56.0
2013-01-11,DHARWAD,Palm Oil (Packed),66.0
2013-01-11,T.PURAM,Palm Oil (Packed),
2013-01-11,ERNAKULAM,Palm Oil (Packed),
2013-01-11,KOZHIKODE,Palm Oil (Packed),
2013-01-11,PUDUCHERRY,Palm Oil (Packed),57.0
2013-01-11,CHENNAI,Palm Oil (Packed),58.0
2013-01-11,DINDIGUL,Palm Oil (Packed),55.0
2013-01-11,THIRUCHIRAPALLI,Palm Oil (Packed),57.0
2013-01-11,HYDERABAD,Palm Oil (Packed),58.0
2013-01-14,PANAJI,Palm Oil (Packed),
2013-01-14,BENGALURU,Palm Oil (Packed),
2013-01-14,DHARWAD,Palm Oil (Packed),
2013-01-14,T.PURAM,Palm Oil (Packed),
2013-01-14,ERNAKULAM,Palm Oil (Packed),
2013-01-14,KOZHIKODE,Palm Oil (Packed),
2013-01-14,PUDUCHERRY,Palm Oil (Packed),
2013-01-14,CHENNAI,Palm Oil (Packed),
2013-01-14,DINDIGUL,Palm Oil (Packed),
2013-01-14,THIRUCHIRAPALLI,Palm Oil (Packed),
2013-01-14,HYDERABAD,Palm Oil (Packed),
2013-01-15,PANAJI,Palm Oil (Packed),
2013-01-15,BENGALURU,Palm Oil (Packed),56.0
2013-01-15,DHARWAD,Palm Oil (Packed),61.0
2013-01-15,T.PURAM,Palm Oil (Packed),63.0
2013-01-15,ERNAKULAM,Palm Oil (Packed),73.0
2013-01-15,KOZHIKODE,Palm Oil (Packed),64.0
2013-01-15,PUDUCHERRY,Palm Oil (Packed),
2013-01-15,CHENNAI,Palm Oil (Packed),
2013-01-15,DINDIGUL,Palm Oil (Packed),
2013-01-15,THIRUCHIRAPALLI,Palm Oil (Packed),
2013-01-15,HYDERABAD,Palm Oil (Packed),58.0
2013-01-16,PANAJI,Palm Oil (Packed),
2013-01-16,BENGALURU,Palm Oil (Packed),
2013-01-16,DHARWAD,Palm Oil (Packed),
2013-01-16,T.PURAM,Palm Oil (Packed),63.0
2013-01-16,ERNAKULAM,Palm Oil (Packed),73.0
2013-01-16,KOZHIKODE,Palm Oil (Packed),65.0
2013-01-16,PUDUCHERRY,Palm Oil (Packed),
2013-01-16,CHENNAI,Palm Oil (Packed),
2013-01-16,DINDIGUL,Palm Oil (Packed),58.0
2013-01-16,THIRUCHIRAPALLI,Palm Oil (Packed),
2013-01-16,HYDERABAD,Palm Oil (Packed),58.0
2013-01-17,PANAJI,Palm Oil (Packed),
2013-01-17,BENGALURU,Palm Oil (Packed),
2013-01-17,DHARWAD,Palm Oil (Packed),
2013-01-17,T.PURAM,Palm Oil (Packed),63.0
2013-01-17,ERNAKULAM,Palm Oil (Packed),73.0
2013-01-17,KOZHIKODE,Palm Oil (Packed),65.0
2013-01-17,PUDUCHERRY,Palm Oil (Packed),
2013-01-17,CHENNAI,Palm Oil (Packed),58.0
2013-01-17,DINDIGUL,Palm Oil (Packed),58.0
2013-01-17,THIRUCHIRAPALLI,Palm Oil (Packed),57.0
2013-01-17,HYDERABAD,Palm Oil (Packed),58.0
2013-01-18,PANAJI,Palm Oil (Packed),
2013-01-18,BENGALURU,Palm Oil (Packed),58.0
2013-01-18,DHARWAD,Palm Oil (Packed),64.0
2013-01-18,T.PURAM,Palm Oil (Packed),63.0
2013-01-18,ERNAKULAM,Palm Oil (Packed),73.0
2013-01-18,KOZHIKODE,Palm Oil (Packed),65.0
2013-01-18,PUDUCHERRY,Palm Oil (Packed),57.0
2013-01-18,CHENNAI,Palm Oil (Packed),58.0
2013-01-18,DINDIGUL,Palm Oil (Packed),58.0
2013-01-18,THIRUCHIRAPALLI,Palm Oil (Packed),58.0
2013-01-18,HYDERABAD,Palm Oil (Packed),58.0
2013-01-21,PANAJI,Palm Oil (Packed),
2013-01-21,BENGALURU,Palm Oil (Packed),58.0
2013-01-21,DHARWAD,Palm Oil (Packed),64.0
2013-01-21,T.PURAM,Palm Oil (Packed),63.0
2013-01-21,ERNAKULAM,Palm Oil (Packed),73.0
2013-01-21,KOZHIKODE,Palm Oil (Packed),65.0
2013-01-21,PUDUCHERRY,Palm Oil (Packed),58.0
2013-01-21,CHENNAI,Palm Oil (Packed),58.0
2013-01-21,DINDIGUL,Palm Oil (Packed),58.0
2013-01-21,THIRUCHIRAPALLI,Palm Oil (Packed),59.0
2013-01-21,HYDERABAD,Palm Oil (Packed),58.0
2013-01-22,PANAJI,Palm Oil (Packed),
2013-01-22,BENGALURU,Palm Oil (Packed),56.0
2013-01-22,DHARWAD,Palm Oil (Packed),64.0
2013-01-22,T.PURAM,Palm Oil (Packed),63.0
2013-01-22,ERNAKULAM,Palm Oil (Packed),73.0
2013-01-22,KOZHIKODE,Palm Oil (Packed),65.0
2013-01-22,PUDUCHERRY,Palm Oil (Packed),58.0
2013-01-22,CHENNAI,Palm Oil (Packed),58.0
2013-01-22,DINDIGUL,Palm Oil (Packed),58.0
2013-01-22,THIRUCHIRAPALLI,Palm Oil (Packed),58.0
2013-01-22,HYDERABAD,Palm Oil (Packed),58.0
2013-01-23,PANAJI,Palm Oil (Packed),
2013-01-23,BENGALURU,Palm Oil (Packed),56.0
2013-01-23,DHARWAD,Palm Oil (Packed),64.0
2013-01-23,T.PURAM,Palm Oil (Packed),63.0
2013-01-23,ERNAKULAM,Palm Oil (Packed),73.0
2013-01-23,KOZHIKODE,Palm Oil (Packed),65.0
2013-01-23,PUDUCHERRY,Palm Oil (Packed),58.0
2013-01-23,CHENNAI,Palm Oil (Packed),58.0
2013-01-23,DINDIGUL,Palm Oil (Packed),58.0
2013-01-23,THIRUCHIRAPALLI,Palm Oil (Packed),58.0
2013-01-23,HYDERABAD,Palm Oil (Packed),58.0
2013-01-24,PANAJI,Palm Oil (Packed),
2013-01-24,BENGALURU,Palm Oil (Packed),56.0
2013-01-24,DHARWAD,Palm Oil (Packed),64.0
2013-01-24,T.PURAM,Palm Oil (Packed),
2013-01-24,ERNAKULAM,Palm Oil (Packed),
2013-01-24,KOZHIKODE,Palm Oil (Packed),
2013-01-24,PUDUCHERRY,Palm Oil (Packed),58.0
2013-01-24,CHENNAI,Palm Oil (Packed),58.0
2013-01-24,DINDIGUL,Palm Oil (Packed),58.0
2013-01-24,THIRUCHIRAPALLI,Palm Oil (Packed),58.0
2013-01-24,HYDERABAD,Palm Oil (Packed),58.0
2013-01-28,PANAJI,Palm Oil (Packed),
2013-01-28,BENGALURU,Palm Oil (Packed),56.0
2013-01-28,DHARWAD,Palm Oil (Packed),65.0
2013-01-28,T.PURAM,Palm Oil (Packed),63.0
2013-01-28,ERNAKULAM,Palm Oil (Packed),
2013-01-28,KOZHIKODE,Palm Oil (Packed),65.0
2013-01-28,PUDUCHERRY,Palm Oil (Packed),58.0
2013-01-28,CHENNAI,Palm Oil (Packed),58.0
2013-01-28,DINDIGUL,Palm Oil (Packed),58.0
2013-01-28,THIRUCHIRAPALLI,Palm Oil (Packed),58.0
2013-01-28,HYDERABAD,Palm Oil (Packed),58.0
2013-01-30,PANAJI,Palm Oil (Packed),
2013-01-30,BENGALURU,Palm Oil (Packed),56.0
2013-01-30,DHARWAD,Palm Oil (Packed),65.0
2013-01-30,T.PURAM,Palm Oil (Packed),63.0
2013-01-30,ERNAKULAM,Palm Oil (Packed),73.0
2013-01-30,KOZHIKODE,Palm Oil (Packed),65.0
2013-01-30,PUDUCHERRY,Palm Oil (Packed),58.0
2013-01-30,CHENNAI,Palm Oil (Packed),58.0
2013-01-30,DINDIGUL,Palm Oil (Packed),58.0
2013-01-30,THIRUCHIRAPALLI,Palm Oil (Packed),58.0
2013-01-30,HYDERABAD,Palm Oil (Packed),58.0
2013-01-31,PANAJI,Palm Oil (Packed),
2013-01-31,BENGALURU,Palm Oil (Packed),
2013-01-31,DHARWAD,Palm Oil (Packed),
2013-01-31,T.PURAM,Palm Oil (Packed),63.0
2013-01-31,ERNAKULAM,Palm Oil (Packed),73.0
2013-01-31,KOZHIKODE,Palm Oil (Packed),65.0
2013-01-31,PUDUCHERRY,Palm Oil (Packed),58.0
2013-01-31,CHENNAI,Palm Oil (Packed),58.0
2013-01-31,DINDIGUL,Palm Oil (Packed),58.0
2013-01-31,THIRUCHIRAPALLI,Palm Oil (Packed),58.0
2013-01-31,HYDERABAD,Palm Oil (Packed),58.0
2013-02-01,PANAJI,Palm Oil (Packed),
2013-02-01,BENGALURU,Palm Oil (Packed),56.0
2013-02-01,DHARWAD,Palm Oil (Packed),65.0
2013-02-01,T.PURAM,Palm Oil (Packed),63.0
2013-02-01,ERNAKULAM,Palm Oil (Packed),73.0
2013-02-01,KOZHIKODE,Palm Oil (Packed),65.0
2013-02-01,PUDUCHERRY,Palm Oil (Packed),58.0
2013-02-01,CHENNAI,Palm Oil (Packed),58.0
2013-02-01,DINDIGUL,Palm Oil (Packed),58.0
2013-02-01,THIRUCHIRAPALLI,Palm Oil (Packed),58.0
2013-02-01,HYDERABAD,Palm Oil (Packed),58.0
2013-02-04,PANAJI,Palm Oil (Packed),
2013-02-04,BENGALURU,Palm Oil (Packed),56.0
2013-02-04,DHARWAD,Palm Oil (Packed),65.0
2013-02-04,T.PURAM,Palm Oil (Packed),63.0
2013-02-04,ERNAKULAM,Palm Oil (Packed),73.0
2013-02-04,KOZHIKODE,Palm Oil (Packed),65.0
2013-02-04,PUDUCHERRY,Palm Oil (Packed),59.0
2013-02-04,CHENNAI,Palm Oil (Packed),58.0
2013-02-04,DINDIGUL,Palm Oil (Packed),
2013-02-04,THIRUCHIRAPALLI,Palm Oil (Packed),58.0
2013-02-04,HYDERABAD,Palm Oil (Packed),58.0
2013-02-05,PANAJI,Palm Oil (Packed),
2013-02-05,BENGALURU,Palm Oil (Packed),56.0
2013-02-05,DHARWAD,Palm Oil (Packed),65.0
2013-02-05,T.PURAM,Palm Oil (Packed),63.0
2013-02-05,ERNAKULAM,Palm Oil (Packed),73.0
2013-02-05,KOZHIKODE,Palm Oil (Packed),65.0
2013-02-05,PUDUCHERRY,Palm Oil (Packed),59.0
2013-02-05,CHENNAI,Palm Oil (Packed),59.0
2013-02-05,DINDIGUL,Palm Oil (Packed),
2013-02-05,THIRUCHIRAPALLI,Palm Oil (Packed),58.0
2013-02-05,HYDERABAD,Palm Oil (Packed),58.0
2013-02-06,PANAJI,Palm Oil (Packed),
2013-02-06,BENGALURU,Palm Oil (Packed),56.0
2013-02-06,DHARWAD,Palm Oil (Packed),67.0
2013-02-06,T.PURAM,Palm Oil (Packed),63.0
2013-02-06,ERNAKULAM,Palm Oil (Packed),73.0
2013-02-06,KOZHIKODE,Palm Oil (Packed),65.0
2013-02-06,PUDUCHERRY,Palm Oil (Packed),59.0
2013-02-06,CHENNAI,Palm Oil (Packed),59.0
2013-02-06,DINDIGUL,Palm Oil (Packed),
2013-02-06,THIRUCHIRAPALLI,Palm Oil (Packed),58.0
2013-02-06,HYDERABAD,Palm Oil (Packed),58.0
2013-02-07,PANAJI,Palm Oil (Packed),
2013-02-07,BENGALURU,Palm Oil (Packed),56.0
2013-02-07,DHARWAD,Palm Oil (Packed),67.0
2013-02-07,T.PURAM,Palm Oil (Packed),63.0
2013-02-07,ERNAKULAM,Palm Oil (Packed),73.0
2013-02-07,KOZHIKODE,Palm Oil (Packed),65.0
2013-02-07,PUDUCHERRY,Palm Oil (Packed),59.0
2013-02-07,CHENNAI,Palm Oil (Packed),59.0
2013-02-07,DINDIGUL,Palm Oil (Packed),
2013-02-07,THIRUCHIRAPALLI,Palm Oil (Packed),58.0
2013-02-07,HYDERABAD,Palm Oil (Packed),58.0
2013-02-08,PANAJI,Palm Oil (Packed),
2013-02-08,BENGALURU,Palm Oil (Packed),56.0
2013-02-08,DHARWAD,Palm Oil (Packed),67.0
2013-02-08,T.PURAM,Palm Oil (Packed),63.0
2013-02-08,ERNAKULAM,Palm Oil (Packed),73.0
2013-02-08,KOZHIKODE,Palm Oil (Packed),65.0
2013-02-08,PUDUCHERRY,Palm Oil (Packed),59.0
2013-02-08,CHENNAI,Palm Oil (Packed),59.0
2013-02-08,DINDIGUL,Palm Oil (Packed),
2013-02-08,THIRUCHIRAPALLI,Palm Oil (Packed),58.0
2013-02-08,HYDERABAD,Palm Oil (Packed),58.0
2013-02-11,PANAJI,Palm Oil (Packed),
2013-02-11,BENGALURU,Palm Oil (Packed),56.0
2013-02-11,DHARWAD,Palm Oil (Packed),67.0
2013-02-11,T.PURAM,Palm Oil (Packed),63.0
2013-02-11,ERNAKULAM,Palm Oil (Packed),73.0
2013-02-11,KOZHIKODE,Palm Oil (Packed),65.0
2013-02-11,PUDUCHERRY,Palm Oil (Packed),58.0
2013-02-11,CHENNAI,Palm Oil (Packed),59.0
2013-02-11,DINDIGUL,Palm Oil (Packed),
2013-02-11,THIRUCHIRAPALLI,Palm Oil (Packed),58.0
2013-02-11,HYDERABAD,Palm Oil (Packed),58.0
2013-02-12,PANAJI,Palm Oil (Packed),
2013-02-12,BENGALURU,Palm Oil (Packed),56.0
2013-02-12,DHARWAD,Palm Oil (Packed),67.0
2013-02-12,T.PURAM,Palm Oil (Packed),63.0
2013-02-12,ERNAKULAM,Palm Oil (Packed),73.0
2013-02-12,KOZHIKODE,Palm Oil (Packed),65.0
2013-02-12,PUDUCHERRY,Palm Oil (Packed),58.0
2013-02-12,CHENNAI,Palm Oil (Packed),59.0
2013-02-12,DINDIGUL,Palm Oil (Packed),
2013-02-12,THIRUCHIRAPALLI,Palm Oil (Packed),59.0
2013-02-12,HYDERABAD,Palm Oil (Packed),58.0
2013-02-13,PANAJI,Palm Oil (Packed),
2013-02-13,BENGALURU,Palm Oil (Packed),56.0
2013-02-13,DHARWAD,Palm Oil (Packed),67.0
2013-02-13,T.PURAM,Palm Oil (Packed),63.0
2013-02-13,ERNAKULAM,Palm Oil (Packed),73.0
2013-02-13,KOZHIKODE,Palm Oil (Packed),65.0
2013-02-13,PUDUCHERRY,Palm Oil (Packed),58.0
2013-02-13,CHENNAI,Palm Oil (Packed),59.0
2013-02-13,DINDIGUL,Palm Oil (Packed),
2013-02-13,THIRUCHIRAPALLI,Palm Oil (Packed),59.0
2013-02-13,HYDERABAD,Palm Oil (Packed),58.0
2013-02-14,PANAJI,Palm Oil (Packed),
2013-02-14,BENGALURU,Palm Oil (Packed),56.0
2013-02-14,DHARWAD,Palm Oil (Packed),67.0
2013-02-14,T.PURAM,Palm Oil (Packed),63.0
2013-02-14,ERNAKULAM,Palm Oil (Packed),73.0
2013-02-14,KOZHIKODE,Palm Oil (Packed),65.0
2013-02-14,PUDUCHERRY,Palm Oil (Packed),58.0
2013-02-14,CHENNAI,Palm Oil (Packed),59.0
2013-02-14,DINDIGUL,Palm Oil (Packed),
2013-02-14,THIRUCHIRAPALLI,Palm Oil (Packed),59.0
2013-02-14,HYDERABAD,Palm Oil (Packed),58.0
2013-02-15,PANAJI,Palm Oil (Packed),
2013-02-15,BENGALURU,Palm Oil (Packed),56.0
2013-02-15,DHARWAD,Palm Oil (Packed),67.0
2013-02-15,T.PURAM,Palm Oil (Packed),63.0
2013-02-15,ERNAKULAM,Palm Oil (Packed),73.0
2013-02-15,KOZHIKODE,Palm Oil (Packed),65.0
2013-02-15,PUDUCHERRY,Palm Oil (Packed),58.0
2013-02-15,CHENNAI,Palm Oil (Packed),59.0
2013-02-15,DINDIGUL,Palm Oil (Packed),
2013-02-15,THIRUCHIRAPALLI,Palm Oil (Packed),59.0
2013-02-15,HYDERABAD,Palm Oil (Packed),58.0
2013-02-18,PANAJI,Palm Oil (Packed),
2013-02-18,BENGALURU,Palm Oil (Packed),
2013-02-18,DHARWAD,Palm Oil (Packed),
2013-02-18,T.PURAM,Palm Oil (Packed),63.0
2013-02-18,ERNAKULAM,Palm Oil (Packed),73.0
2013-02-18,KOZHIKODE,Palm Oil (Packed),65.0
2013-02-18,PUDUCHERRY,Palm Oil (Packed),58.0
2013-02-18,CHENNAI,Palm Oil (Packed),59.0
2013-02-18,DINDIGUL,Palm Oil (Packed),
2013-02-18,THIRUCHIRAPALLI,Palm Oil (Packed),59.0
2013-02-18,HYDERABAD,Palm Oil (Packed),58.0
2013-02-19,PANAJI,Palm Oil (Packed),
2013-02-19,BENGALURU,Palm Oil (Packed),57.0
2013-02-19,DHARWAD,Palm Oil (Packed),67.0
2013-02-19,T.PURAM,Palm Oil (Packed),63.0
2013-02-19,ERNAKULAM,Palm Oil (Packed),73.0
2013-02-19,KOZHIKODE,Palm Oil (Packed),65.0
2013-02-19,PUDUCHERRY,Palm Oil (Packed),58.0
2013-02-19,CHENNAI,Palm Oil (Packed),59.0
2013-02-19,DINDIGUL,Palm Oil (Packed),
2013-02-19,THIRUCHIRAPALLI,Palm Oil (Packed),59.0
2013-02-19,HYDERABAD,Palm Oil (Packed),58.0
2013-02-20,PANAJI,Palm Oil (Packed),
2013-02-20,BENGALURU,Palm Oil (Packed),57.0
2013-02-20,DHARWAD,Palm Oil (Packed),67.0
2013-02-20,T.PURAM,Palm Oil (Packed),63.0
2013-02-20,ERNAKULAM,Palm Oil (Packed),73.0
2013-02-20,KOZHIKODE,Palm Oil (Packed),65.0
2013-02-20,PUDUCHERRY,Palm Oil (Packed),58.0
2013-02-20,CHENNAI,Palm Oil (Packed),59.0
2013-02-20,DINDIGUL,Palm Oil (Packed),
2013-02-20,THIRUCHIRAPALLI,Palm Oil (Packed),59.0
2013-02-20,HYDERABAD,Palm Oil (Packed),58.0
2013-02-21,PANAJI,Palm Oil (Packed),
2013-02-21,BENGALURU,Palm Oil (Packed),57.0
2013-02-21,DHARWAD,Palm Oil (Packed),67.0
2013-02-21,T.PURAM,Palm Oil (Packed),
2013-02-21,ERNAKULAM,Palm Oil (Packed),
2013-02-21,KOZHIKODE,Palm Oil (Packed),
2013-02-21,PUDUCHERRY,Palm Oil (Packed),58.0
2013-02-21,CHENNAI,Palm Oil (Packed),59.0
2013-02-21,DINDIGUL,Palm Oil (Packed),
2013-02-21,THIRUCHIRAPALLI,Palm Oil (Packed),59.0
2013-02-21,HYDERABAD,Palm Oil (Packed),58.0
2013-02-22,PANAJI,Palm Oil (Packed),
2013-02-22,BENGALURU,Palm Oil (Packed),57.0
2013-02-22,DHARWAD,Palm Oil (Packed),67.0
2013-02-22,T.PURAM,Palm Oil (Packed),63.0
2013-02-22,ERNAKULAM,Palm Oil (Packed),73.0
2013-02-22,KOZHIKODE,Palm Oil (Packed),65.0
2013-02-22,PUDUCHERRY,Palm Oil (Packed),58.0
2013-02-22,CHENNAI,Palm Oil (Packed),59.0
2013-02-22,DINDIGUL,Palm Oil (Packed),
2013-02-22,THIRUCHIRAPALLI,Palm Oil (Packed),59.0
2013-02-22,HYDERABAD,Palm Oil (Packed),58.0
2013-02-25,PANAJI,Palm Oil (Packed),
2013-02-25,BENGALURU,Palm Oil (Packed),
2013-02-25,DHARWAD,Palm Oil (Packed),
2013-02-25,T.PURAM,Palm Oil (Packed),63.0
2013-02-25,ERNAKULAM,Palm Oil (Packed),73.0
2013-02-25,KOZHIKODE,Palm Oil (Packed),65.0
2013-02-25,PUDUCHERRY,Palm Oil (Packed),59.0
2013-02-25,CHENNAI,Palm Oil (Packed),59.0
2013-02-25,DINDIGUL,Palm Oil (Packed),
2013-02-25,THIRUCHIRAPALLI,Palm Oil (Packed),59.0
2013-02-25,HYDERABAD,Palm Oil (Packed),58.0
2013-02-26,PANAJI,Palm Oil (Packed),
2013-02-26,BENGALURU,Palm Oil (Packed),57.0
2013-02-26,DHARWAD,Palm Oil (Packed),66.0
2013-02-26,T.PURAM,Palm Oil (Packed),
2013-02-26,ERNAKULAM,Palm Oil (Packed),
2013-02-26,KOZHIKODE,Palm Oil (Packed),
2013-02-26,PUDUCHERRY,Palm Oil (Packed),59.0
2013-02-26,CHENNAI,Palm Oil (Packed),59.0
2013-02-26,DINDIGUL,Palm Oil (Packed),
2013-02-26,THIRUCHIRAPALLI,Palm Oil (Packed),59.0
2013-02-26,HYDERABAD,Palm Oil (Packed),58.0
2013-02-27,PANAJI,Palm Oil (Packed),
2013-02-27,BENGALURU,Palm Oil (Packed),57.0
2013-02-27,DHARWAD,Palm Oil (Packed),66.0
2013-02-27,T.PURAM,Palm Oil (Packed),63.0
2013-02-27,ERNAKULAM,Palm Oil (Packed),73.0
2013-02-27,KOZHIKODE,Palm Oil (Packed),65.0
2013-02-27,PUDUCHERRY,Palm Oil (Packed),58.0
2013-02-27,CHENNAI,Palm Oil (Packed),59.0
2013-02-27,DINDIGUL,Palm Oil (Packed),
2013-02-27,THIRUCHIRAPALLI,Palm Oil (Packed),59.0
2013-02-27,HYDERABAD,Palm Oil (Packed),58.0
2013-02-28,PANAJI,Palm Oil (Packed),
2013-02-28,BENGALURU,Palm Oil (Packed),57.0
2013-02-28,DHARWAD,Palm Oil (Packed),66.0
2013-02-28,T.PURAM,Palm Oil (Packed),63.0
2013-02-28,ERNAKULAM,Palm Oil (Packed),73.0
2013-02-28,KOZHIKODE,Palm Oil (Packed),65.0
2013-02-28,PUDUCHERRY,Palm Oil (Packed),58.0
2013-02-28,CHENNAI,Palm Oil (Packed),59.0
2013-02-28,DINDIGUL,Palm Oil (Packed),
2013-02-28,THIRUCHIRAPALLI,Palm Oil (Packed),59.0
2013-02-28,HYDERABAD,Palm Oil (Packed),58.0
2013-03-01,PANAJI,Palm Oil (Packed),
2013-03-01,BENGALURU,Palm Oil (Packed),57.0
2013-03-01,DHARWAD,Palm Oil (Packed),66.0
2013-03-01,T.PURAM,Palm Oil (Packed),63.0
2013-03-01,ERNAKULAM,Palm Oil (Packed),73.0
2013-03-01,KOZHIKODE,Palm Oil (Packed),65.0
2013-03-01,PUDUCHERRY,Palm Oil (Packed),58.0
2013-03-01,CHENNAI,Palm Oil (Packed),59.0
2013-03-01,DINDIGUL,Palm Oil (Packed),
2013-03-01,THIRUCHIRAPALLI,Palm Oil (Packed),59.0
2013-03-01,HYDERABAD,Palm Oil (Packed),58.0
2013-03-04,PANAJI,Palm Oil (Packed),
2013-03-04,BENGALURU,Palm Oil (Packed),
2013-03-04,DHARWAD,Palm Oil (Packed),
2013-03-04,T.PURAM,Palm Oil (Packed),63.0
2013-03-04,ERNAKULAM,Palm Oil (Packed),73.0
2013-03-04,KOZHIKODE,Palm Oil (Packed),65.0
2013-03-04,PUDUCHERRY,Palm Oil (Packed),58.0
2013-03-04,CHENNAI,Palm Oil (Packed),59.0
2013-03-04,DINDIGUL,Palm Oil (Packed),
2013-03-04,THIRUCHIRAPALLI,Palm Oil (Packed),59.0
2013-03-04,HYDERABAD,Palm Oil (Packed),58.0
2013-03-05,PANAJI,Palm Oil (Packed),
2013-03-05,BENGALURU,Palm Oil (Packed),
2013-03-05,DHARWAD,Palm Oil (Packed),
2013-03-05,T.PURAM,Palm Oil (Packed),63.0
2013-03-05,ERNAKULAM,Palm Oil (Packed),73.0
2013-03-05,KOZHIKODE,Palm Oil (Packed),65.0
2013-03-05,PUDUCHERRY,Palm Oil (Packed),58.0
2013-03-05,CHENNAI,Palm Oil (Packed),59.0
2013-03-05,DINDIGUL,Palm Oil (Packed),
2013-03-05,THIRUCHIRAPALLI,Palm Oil (Packed),59.0
2013-03-05,HYDERABAD,Palm Oil (Packed),58.0
2013-03-06,PANAJI,Palm Oil (Packed),
2013-03-06,BENGALURU,Palm Oil (Packed),
2013-03-06,DHARWAD,Palm Oil (Packed),
2013-03-06,T.PURAM,Palm Oil (Packed),63.0
2013-03-06,ERNAKULAM,Palm Oil (Packed),68.0
2013-03-06,KOZHIKODE,Palm Oil (Packed),65.0
2013-03-06,PUDUCHERRY,Palm Oil (Packed),58.0
2013-03-06,CHENNAI,Palm Oil (Packed),59.0
2013-03-06,DINDIGUL,Palm Oil (Packed),
2013-03-06,THIRUCHIRAPALLI,Palm Oil (Packed),59.0
2013-03-06,HYDERABAD,Palm Oil (Packed),58.0
2013-03-07,PANAJI,Palm Oil (Packed),
2013-03-07,BENGALURU,Palm Oil (Packed),58.0
2013-03-07,DHARWAD,Palm Oil (Packed),66.0
2013-03-07,T.PURAM,Palm Oil (Packed),63.0
2013-03-07,ERNAKULAM,Palm Oil (Packed),68.0
2013-03-07,KOZHIKODE,Palm Oil (Packed),65.0
2013-03-07,PUDUCHERRY,Palm Oil (Packed),58.0
2013-03-07,CHENNAI,Palm Oil (Packed),59.0
2013-03-07,DINDIGUL,Palm Oil (Packed),
2013-03-07,THIRUCHIRAPALLI,Palm Oil (Packed),59.0
2013-03-07,HYDERABAD,Palm Oil (Packed),58.0
2013-03-08,PANAJI,Palm Oil (Packed),
2013-03-08,VISAKHAPATNAM,Palm Oil (Packed),62.0
2013-03-08,BENGALURU,Palm Oil (Packed),58.0
2013-03-08,DHARWAD,Palm Oil (Packed),66.0
2013-03-08,T.PURAM,Palm Oil (Packed),63.0
2013-03-08,ERNAKULAM,Palm Oil (Packed),68.0
2013-03-08,KOZHIKODE,Palm Oil (Packed),65.0
2013-03-08,PUDUCHERRY,Palm Oil (Packed),58.0
2013-03-08,CHENNAI,Palm Oil (Packed),59.0
2013-03-08,DINDIGUL,Palm Oil (Packed),
2013-03-08,THIRUCHIRAPALLI,Palm Oil (Packed),59.0
2013-03-08,HYDERABAD,Palm Oil (Packed),58.0
2013-03-11,PANAJI,Palm Oil (Packed),
2013-03-11,VISAKHAPATNAM,Palm Oil (Packed),63.0
2013-03-11,BENGALURU,Palm Oil (Packed),58.0
2013-03-11,DHARWAD,Palm Oil (Packed),66.0
2013-03-11,T.PURAM,Palm Oil (Packed),63.0
2013-03-11,ERNAKULAM,Palm Oil (Packed),68.0
2013-03-11,KOZHIKODE,Palm Oil (Packed),65.0
2013-03-11,PUDUCHERRY,Palm Oil (Packed),58.0
2013-03-11,CHENNAI,Palm Oil (Packed),59.0
2013-03-11,DINDIGUL,Palm Oil (Packed),
2013-03-11,THIRUCHIRAPALLI,Palm Oil (Packed),59.0
2013-03-11,HYDERABAD,Palm Oil (Packed),58.0
2013-03-12,PANAJI,Palm Oil (Packed),
2013-03-12,VISAKHAPATNAM,Palm Oil (Packed),63.0
2013-03-12,BENGALURU,Palm Oil (Packed),59.0
2013-03-12,DHARWAD,Palm Oil (Packed),66.0
2013-03-12,T.PURAM,Palm Oil (Packed),63.0
2013-03-12,ERNAKULAM,Palm Oil (Packed),68.0
2013-03-12,KOZHIKODE,Palm Oil (Packed),65.0
2013-03-12,PUDUCHERRY,Palm Oil (Packed),58.0
2013-03-12,CHENNAI,Palm Oil (Packed),59.0
2013-03-12,DINDIGUL,Palm Oil (Packed),
2013-03-12,THIRUCHIRAPALLI,Palm Oil (Packed),59.0
2013-03-12,HYDERABAD,Palm Oil (Packed),58.0
2013-03-13,PANAJI,Palm Oil (Packed),
2013-03-13,VISAKHAPATNAM,Palm Oil (Packed),63.0
2013-03-13,BENGALURU,Palm Oil (Packed),59.0
2013-03-13,DHARWAD,Palm Oil (Packed),66.0
2013-03-13,T.PURAM,Palm Oil (Packed),63.0
2013-03-13,ERNAKULAM,Palm Oil (Packed),68.0
2013-03-13,KOZHIKODE,Palm Oil (Packed),65.0
2013-03-13,PUDUCHERRY,Palm Oil (Packed),58.0
2013-03-13,CHENNAI,Palm Oil (Packed),59.0
2013-03-13,DINDIGUL,Palm Oil (Packed),
2013-03-13,THIRUCHIRAPALLI,Palm Oil (Packed),59.0
2013-03-13,HYDERABAD,Palm Oil (Packed),58.0
2013-03-14,PANAJI,Palm Oil (Packed),
2013-03-14,VISAKHAPATNAM,Palm Oil (Packed),63.0
2013-03-14,BENGALURU,Palm Oil (Packed),59.0
2013-03-14,DHARWAD,Palm Oil (Packed),66.0
2013-03-14,T.PURAM,Palm Oil (Packed),63.0
2013-03-14,ERNAKULAM,Palm Oil (Packed),68.0
2013-03-14,KOZHIKODE,Palm Oil (Packed),65.0
2013-03-14,PUDUCHERRY,Palm Oil (Packed),58.0
2013-03-14,CHENNAI,Palm Oil (Packed),59.0
2013-03-14,DINDIGUL,Palm Oil (Packed),
2013-03-14,THIRUCHIRAPALLI,Palm Oil (Packed),59.0
2013-03-14,HYDERABAD,Palm Oil (Packed),58.0
2013-03-15,PANAJI,Palm Oil (Packed),
2013-03-15,VISAKHAPATNAM,Palm Oil (Packed),63.0
2013-03-15,BENGALURU,Palm Oil (Packed),59.0
2013-03-15,DHARWAD,Palm Oil (Packed),65.0
2013-03-15,T.PURAM,Palm Oil (Packed),63.0
2013-03-15,ERNAKULAM,Palm Oil (Packed),68.0
2013-03-15,KOZHIKODE,Palm Oil (Packed),65.0
2013-03-15,PUDUCHERRY,Palm Oil (Packed),58.0
2013-03-15,CHENNAI,Palm Oil (Packed),59.0
2013-03-15,DINDIGUL,Palm Oil (Packed),
2013-03-15,THIRUCHIRAPALLI,Palm Oil (Packed),59.0
2013-03-15,HYDERABAD,Palm Oil (Packed),58.0
2013-03-18,PANAJI,Palm Oil (Packed),
2013-03-18,VISAKHAPATNAM,Palm Oil (Packed),63.0
2013-03-18,BENGALURU,Palm Oil (Packed),59.0
2013-03-18,DHARWAD,Palm Oil (Packed),65.0
2013-03-18,T.PURAM,Palm Oil (Packed),63.0
2013-03-18,ERNAKULAM,Palm Oil (Packed),68.0
2013-03-18,KOZHIKODE,Palm Oil (Packed),65.0
2013-03-18,PUDUCHERRY,Palm Oil (Packed),58.0
2013-03-18,CHENNAI,Palm Oil (Packed),59.0
2013-03-18,DINDIGUL,Palm Oil (Packed),
2013-03-18,THIRUCHIRAPALLI,Palm Oil (Packed),59.0
2013-03-18,HYDERABAD,Palm Oil (Packed),58.0
2013-03-19,PANAJI,Palm Oil (Packed),
2013-03-19,VISAKHAPATNAM,Palm Oil (Packed),63.0
2013-03-19,BENGALURU,Palm Oil (Packed),59.0
2013-03-19,DHARWAD,Palm Oil (Packed),65.0
2013-03-19,T.PURAM,Palm Oil (Packed),63.0
2013-03-19,ERNAKULAM,Palm Oil (Packed),68.0
2013-03-19,KOZHIKODE,Palm Oil (Packed),65.0
2013-03-19,PUDUCHERRY,Palm Oil (Packed),58.0
2013-03-19,CHENNAI,Palm Oil (Packed),59.0
2013-03-19,DINDIGUL,Palm Oil (Packed),
2013-03-19,THIRUCHIRAPALLI,Palm Oil (Packed),59.0
2013-03-19,HYDERABAD,Palm Oil (Packed),58.0
2013-03-20,PANAJI,Palm Oil (Packed),
2013-03-20,VISAKHAPATNAM,Palm Oil (Packed),63.0
2013-03-20,BENGALURU,Palm Oil (Packed),59.0
2013-03-20,DHARWAD,Palm Oil (Packed),65.0
2013-03-20,T.PURAM,Palm Oil (Packed),63.0
2013-03-20,ERNAKULAM,Palm Oil (Packed),68.0
2013-03-20,KOZHIKODE,Palm Oil (Packed),66.0
2013-03-20,PUDUCHERRY,Palm Oil (Packed),58.0
2013-03-20,CHENNAI,Palm Oil (Packed),59.0
2013-03-20,DINDIGUL,Palm Oil (Packed),
2013-03-20,THIRUCHIRAPALLI,Palm Oil (Packed),62.0
2013-03-20,HYDERABAD,Palm Oil (Packed),58.0
2013-03-21,PANAJI,Palm Oil (Packed),
2013-03-21,VISAKHAPATNAM,Palm Oil (Packed),63.0
2013-03-21,BENGALURU,Palm Oil (Packed),59.0
2013-03-21,DHARWAD,Palm Oil (Packed),64.0
2013-03-21,T.PURAM,Palm Oil (Packed),63.0
2013-03-21,ERNAKULAM,Palm Oil (Packed),68.0
2013-03-21,KOZHIKODE,Palm Oil (Packed),66.0
2013-03-21,PUDUCHERRY,Palm Oil (Packed),58.0
2013-03-21,CHENNAI,Palm Oil (Packed),59.0
2013-03-21,DINDIGUL,Palm Oil (Packed),
2013-03-21,THIRUCHIRAPALLI,Palm Oil (Packed),
2013-03-21,HYDERABAD,Palm Oil (Packed),58.0
2013-03-22,PANAJI,Palm Oil (Packed),
2013-03-22,VISAKHAPATNAM,Palm Oil (Packed),63.0
2013-03-22,BENGALURU,Palm Oil (Packed),59.0
2013-03-22,DHARWAD,Palm Oil (Packed),64.0
2013-03-22,T.PURAM,Palm Oil (Packed),63.0
2013-03-22,ERNAKULAM,Palm Oil (Packed),68.0
2013-03-22,KOZHIKODE,Palm Oil (Packed),66.0
2013-03-22,PUDUCHERRY,Palm Oil (Packed),58.0
2013-03-22,CHENNAI,Palm Oil (Packed),59.0
2013-03-22,DINDIGUL,Palm Oil (Packed),
2013-03-22,THIRUCHIRAPALLI,Palm Oil (Packed),59.0
2013-03-22,HYDERABAD,Palm Oil (Packed),58.0
2013-03-25,PANAJI,Palm Oil (Packed),
2013-03-25,VISAKHAPATNAM,Palm Oil (Packed),63.0
2013-03-25,BENGALURU,Palm Oil (Packed),59.0
2013-03-25,DHARWAD,Palm Oil (Packed),64.0
2013-03-25,T.PURAM,Palm Oil (Packed),63.0
2013-03-25,ERNAKULAM,Palm Oil (Packed),68.0
2013-03-25,KOZHIKODE,Palm Oil (Packed),66.0
2013-03-25,PUDUCHERRY,Palm Oil (Packed),58.0
2013-03-25,CHENNAI,Palm Oil (Packed),59.0
2013-03-25,DINDIGUL,Palm Oil (Packed),
2013-03-25,THIRUCHIRAPALLI,Palm Oil (Packed),59.0
2013-03-25,HYDERABAD,Palm Oil (Packed),56.0
2013-03-26,PANAJI,Palm Oil (Packed),
2013-03-26,VISAKHAPATNAM,Palm Oil (Packed),64.0
2013-03-26,BENGALURU,Palm Oil (Packed),59.0
2013-03-26,DHARWAD,Palm Oil (Packed),64.0
2013-03-26,T.PURAM,Palm Oil (Packed),63.0
2013-03-26,ERNAKULAM,Palm Oil (Packed),68.0
2013-03-26,KOZHIKODE,Palm Oil (Packed),66.0
2013-03-26,PUDUCHERRY,Palm Oil (Packed),58.0
2013-03-26,CHENNAI,Palm Oil (Packed),59.0
2013-03-26,DINDIGUL,Palm Oil (Packed),
2013-03-26,THIRUCHIRAPALLI,Palm Oil (Packed),59.0
2013-03-26,HYDERABAD,Palm Oil (Packed),57.0
2013-03-28,PANAJI,Palm Oil (Packed),
2013-03-28,VISAKHAPATNAM,Palm Oil (Packed),64.0
2013-03-28,BENGALURU,Palm Oil (Packed),59.0
2013-03-28,DHARWAD,Palm Oil (Packed),64.0
2013-03-28,T.PURAM,Palm Oil (Packed),
2013-03-28,ERNAKULAM,Palm Oil (Packed),
2013-03-28,KOZHIKODE,Palm Oil (Packed),
2013-03-28,PUDUCHERRY,Palm Oil (Packed),58.0
2013-03-28,CHENNAI,Palm Oil (Packed),59.0
2013-03-28,DINDIGUL,Palm Oil (Packed),
2013-03-28,THIRUCHIRAPALLI,Palm Oil (Packed),59.0
2013-03-28,HYDERABAD,Palm Oil (Packed),57.0
2013-04-01,PANAJI,Palm Oil (Packed),
2013-04-01,VISAKHAPATNAM,Palm Oil (Packed),64.0
2013-04-01,BENGALURU,Palm Oil (Packed),59.0
2013-04-01,DHARWAD,Palm Oil (Packed),64.0
2013-04-01,T.PURAM,Palm Oil (Packed),63.0
2013-04-01,ERNAKULAM,Palm Oil (Packed),68.0
2013-04-01,KOZHIKODE,Palm Oil (Packed),66.0
2013-04-01,PUDUCHERRY,Palm Oil (Packed),58.0
2013-04-01,CHENNAI,Palm Oil (Packed),59.0
2013-04-01,DINDIGUL,Palm Oil (Packed),
2013-04-01,THIRUCHIRAPALLI,Palm Oil (Packed),59.0
2013-04-01,HYDERABAD,Palm Oil (Packed),57.0
2013-04-02,PANAJI,Palm Oil (Packed),
2013-04-02,VISAKHAPATNAM,Palm Oil (Packed),64.0
2013-04-02,BENGALURU,Palm Oil (Packed),59.0
2013-04-02,DHARWAD,Palm Oil (Packed),64.0
2013-04-02,T.PURAM,Palm Oil (Packed),63.0
2013-04-02,ERNAKULAM,Palm Oil (Packed),68.0
2013-04-02,KOZHIKODE,Palm Oil (Packed),64.0
2013-04-02,PUDUCHERRY,Palm Oil (Packed),58.0
2013-04-02,CHENNAI,Palm Oil (Packed),59.0
2013-04-02,DINDIGUL,Palm Oil (Packed),
2013-04-02,THIRUCHIRAPALLI,Palm Oil (Packed),59.0
2013-04-02,HYDERABAD,Palm Oil (Packed),57.0
2013-04-03,PANAJI,Palm Oil (Packed),
2013-04-03,VISAKHAPATNAM,Palm Oil (Packed),64.0
2013-04-03,BENGALURU,Palm Oil (Packed),59.0
2013-04-03,DHARWAD,Palm Oil (Packed),64.0
2013-04-03,T.PURAM,Palm Oil (Packed),63.0
2013-04-03,ERNAKULAM,Palm Oil (Packed),68.0
2013-04-03,KOZHIKODE,Palm Oil (Packed),64.0
2013-04-03,PUDUCHERRY,Palm Oil (Packed),58.0
2013-04-03,CHENNAI,Palm Oil (Packed),59.0
2013-04-03,DINDIGUL,Palm Oil (Packed),
2013-04-03,THIRUCHIRAPALLI,Palm Oil (Packed),59.0
2013-04-03,HYDERABAD,Palm Oil (Packed),57.0
2013-04-04,PANAJI,Palm Oil (Packed),
2013-04-04,VISAKHAPATNAM,Palm Oil (Packed),62.0
2013-04-04,BENGALURU,Palm Oil (Packed),59.0
2013-04-04,DHARWAD,Palm Oil (Packed),64.0
2013-04-04,T.PURAM,Palm Oil (Packed),63.0
2013-04-04,ERNAKULAM,Palm Oil (Packed),68.0
2013-04-04,KOZHIKODE,Palm Oil (Packed),64.0
2013-04-04,PUDUCHERRY,Palm Oil (Packed),58.0
2013-04-04,CHENNAI,Palm Oil (Packed),59.0
2013-04-04,DINDIGUL,Palm Oil (Packed),
2013-04-04,THIRUCHIRAPALLI,Palm Oil (Packed),59.0
2013-04-04,HYDERABAD,Palm Oil (Packed),57.0
2013-04-05,PANAJI,Palm Oil (Packed),
2013-04-05,VISAKHAPATNAM,Palm Oil (Packed),
2013-04-05,BENGALURU,Palm Oil (Packed),
2013-04-05,DHARWAD,Palm Oil (Packed),
2013-04-05,T.PURAM,Palm Oil (Packed),63.0
2013-04-05,ERNAKULAM,Palm Oil (Packed),68.0
2013-04-05,KOZHIKODE,Palm Oil (Packed),64.0
2013-04-05,PUDUCHERRY,Palm Oil (Packed),57.0
2013-04-05,CHENNAI,Palm Oil (Packed),58.0
2013-04-05,DINDIGUL,Palm Oil (Packed),
2013-04-05,THIRUCHIRAPALLI,Palm Oil (Packed),59.0
2013-04-05,HYDERABAD,Palm Oil (Packed),
2013-04-08,PANAJI,Palm Oil (Packed),
2013-04-08,VISAKHAPATNAM,Palm Oil (Packed),62.0
2013-04-08,BENGALURU,Palm Oil (Packed),59.0
2013-04-08,DHARWAD,Palm Oil (Packed),65.0
2013-04-08,T.PURAM,Palm Oil (Packed),63.0
2013-04-08,ERNAKULAM,Palm Oil (Packed),68.0
2013-04-08,KOZHIKODE,Palm Oil (Packed),64.0
2013-04-08,PUDUCHERRY,Palm Oil (Packed),58.0
2013-04-08,CHENNAI,Palm Oil (Packed),58.0
2013-04-08,DINDIGUL,Palm Oil (Packed),
2013-04-08,THIRUCHIRAPALLI,Palm Oil (Packed),59.0
2013-04-08,HYDERABAD,Palm Oil (Packed),57.0
2013-04-09,PANAJI,Palm Oil (Packed),
2013-04-09,VISAKHAPATNAM,Palm Oil (Packed),62.0
2013-04-09,BENGALURU,Palm Oil (Packed),59.0
2013-04-09,DHARWAD,Palm Oil (Packed),65.0
2013-04-09,T.PURAM,Palm Oil (Packed),63.0
2013-04-09,ERNAKULAM,Palm Oil (Packed),65.0
2013-04-09,KOZHIKODE,Palm Oil (Packed),64.0
2013-04-09,PUDUCHERRY,Palm Oil (Packed),58.0
2013-04-09,CHENNAI,Palm Oil (Packed),58.0
2013-04-09,DINDIGUL,Palm Oil (Packed),
2013-04-09,THIRUCHIRAPALLI,Palm Oil (Packed),59.0
2013-04-09,HYDERABAD,Palm Oil (Packed),57.0
2013-04-10,PANAJI,Palm Oil (Packed),
2013-04-10,VISAKHAPATNAM,Palm Oil (Packed),62.0
2013-04-10,BENGALURU,Palm Oil (Packed),59.0
2013-04-10,DHARWAD,Palm Oil (Packed),65.0
2013-04-10,T.PURAM,Palm Oil (Packed),63.0
2013-04-10,ERNAKULAM,Palm Oil (Packed),65.0
2013-04-10,KOZHIKODE,Palm Oil (Packed),64.0
2013-04-10,PUDUCHERRY,Palm Oil (Packed),58.0
2013-04-10,CHENNAI,Palm Oil (Packed),58.0
2013-04-10,DINDIGUL,Palm Oil (Packed),
2013-04-10,THIRUCHIRAPALLI,Palm Oil (Packed),59.0
2013-04-10,HYDERABAD,Palm Oil (Packed),57.0
2013-04-11,PANAJI,Palm Oil (Packed),
2013-04-11,VISAKHAPATNAM,Palm Oil (Packed),
2013-04-11,BENGALURU,Palm Oil (Packed),
2013-04-11,DHARWAD,Palm Oil (Packed),
2013-04-11,T.PURAM,Palm Oil (Packed),63.0
2013-04-11,ERNAKULAM,Palm Oil (Packed),65.0
2013-04-11,KOZHIKODE,Palm Oil (Packed),64.0
2013-04-11,PUDUCHERRY,Palm Oil (Packed),58.0
2013-04-11,CHENNAI,Palm Oil (Packed),
2013-04-11,DINDIGUL,Palm Oil (Packed),
2013-04-11,THIRUCHIRAPALLI,Palm Oil (Packed),
2013-04-11,HYDERABAD,Palm Oil (Packed),
2013-04-12,PANAJI,Palm Oil (Packed),
2013-04-12,VISAKHAPATNAM,Palm Oil (Packed),62.0
2013-04-12,BENGALURU,Palm Oil (Packed),59.0
2013-04-12,DHARWAD,Palm Oil (Packed),65.0
2013-04-12,T.PURAM,Palm Oil (Packed),
2013-04-12,ERNAKULAM,Palm Oil (Packed),
2013-04-12,KOZHIKODE,Palm Oil (Packed),
2013-04-12,PUDUCHERRY,Palm Oil (Packed),58.0
2013-04-12,CHENNAI,Palm Oil (Packed),58.0
2013-04-12,DINDIGUL,Palm Oil (Packed),
2013-04-12,THIRUCHIRAPALLI,Palm Oil (Packed),59.0
2013-04-12,HYDERABAD,Palm Oil (Packed),57.0
2013-04-15,PANAJI,Palm Oil (Packed),
2013-04-15,VISAKHAPATNAM,Palm Oil (Packed),62.0
2013-04-15,BENGALURU,Palm Oil (Packed),59.0
2013-04-15,DHARWAD,Palm Oil (Packed),64.0
2013-04-15,T.PURAM,Palm Oil (Packed),63.0
2013-04-15,ERNAKULAM,Palm Oil (Packed),65.0
2013-04-15,KOZHIKODE,Palm Oil (Packed),64.0
2013-04-15,PUDUCHERRY,Palm Oil (Packed),58.0
2013-04-15,CHENNAI,Palm Oil (Packed),58.0
2013-04-15,DINDIGUL,Palm Oil (Packed),
2013-04-15,THIRUCHIRAPALLI,Palm Oil (Packed),59.0
2013-04-15,HYDERABAD,Palm Oil (Packed),57.0
2013-04-16,PANAJI,Palm Oil (Packed),
2013-04-16,VISAKHAPATNAM,Palm Oil (Packed),62.0
2013-04-16,BENGALURU,Palm Oil (Packed),
2013-04-16,DHARWAD,Palm Oil (Packed),
2013-04-16,T.PURAM,Palm Oil (Packed),63.0
2013-04-16,ERNAKULAM,Palm Oil (Packed),65.0
2013-04-16,KOZHIKODE,Palm Oil (Packed),64.0
2013-04-16,PUDUCHERRY,Palm Oil (Packed),58.0
2013-04-16,CHENNAI,Palm Oil (Packed),58.0
2013-04-16,DINDIGUL,Palm Oil (Packed),
2013-04-16,THIRUCHIRAPALLI,Palm Oil (Packed),
2013-04-16,HYDERABAD,Palm Oil (Packed),57.0
2013-04-17,PANAJI,Palm Oil (Packed),
2013-04-17,VISAKHAPATNAM,Palm Oil (Packed),62.0
2013-04-17,BENGALURU,Palm Oil (Packed),59.0
2013-04-17,DHARWAD,Palm Oil (Packed),64.0
2013-04-17,T.PURAM,Palm Oil (Packed),63.0
2013-04-17,ERNAKULAM,Palm Oil (Packed),65.0
2013-04-17,KOZHIKODE,Palm Oil (Packed),64.0
2013-04-17,PUDUCHERRY,Palm Oil (Packed),58.0
2013-04-17,CHENNAI,Palm Oil (Packed),58.0
2013-04-17,DINDIGUL,Palm Oil (Packed),
2013-04-17,THIRUCHIRAPALLI,Palm Oil (Packed),59.0
2013-04-17,HYDERABAD,Palm Oil (Packed),57.0
2013-04-18,PANAJI,Palm Oil (Packed),
2013-04-18,VISAKHAPATNAM,Palm Oil (Packed),62.0
2013-04-18,BENGALURU,Palm Oil (Packed),59.0
2013-04-18,DHARWAD,Palm Oil (Packed),64.0
2013-04-18,T.PURAM,Palm Oil (Packed),63.0
2013-04-18,ERNAKULAM,Palm Oil (Packed),65.0
2013-04-18,KOZHIKODE,Palm Oil (Packed),64.0
2013-04-18,PUDUCHERRY,Palm Oil (Packed),58.0
2013-04-18,CHENNAI,Palm Oil (Packed),58.0
2013-04-18,DINDIGUL,Palm Oil (Packed),
2013-04-18,THIRUCHIRAPALLI,Palm Oil (Packed),59.0
2013-04-18,HYDERABAD,Palm Oil (Packed),57.0
2013-04-22,PANAJI,Palm Oil (Packed),
2013-04-22,VISAKHAPATNAM,Palm Oil (Packed),62.0
2013-04-22,BENGALURU,Palm Oil (Packed),59.0
2013-04-22,DHARWAD,Palm Oil (Packed),64.0
2013-04-22,T.PURAM,Palm Oil (Packed),64.0
2013-04-22,ERNAKULAM,Palm Oil (Packed),65.0
2013-04-22,KOZHIKODE,Palm Oil (Packed),64.0
2013-04-22,PUDUCHERRY,Palm Oil (Packed),58.0
2013-04-22,CHENNAI,Palm Oil (Packed),58.0
2013-04-22,DINDIGUL,Palm Oil (Packed),
2013-04-22,THIRUCHIRAPALLI,Palm Oil (Packed),59.0
2013-04-22,HYDERABAD,Palm Oil (Packed),57.0
2013-04-23,PANAJI,Palm Oil (Packed),
2013-04-23,VISAKHAPATNAM,Palm Oil (Packed),62.0
2013-04-23,BENGALURU,Palm Oil (Packed),
2013-04-23,DHARWAD,Palm Oil (Packed),
2013-04-23,T.PURAM,Palm Oil (Packed),64.0
2013-04-23,ERNAKULAM,Palm Oil (Packed),65.0
2013-04-23,KOZHIKODE,Palm Oil (Packed),64.0
2013-04-23,PUDUCHERRY,Palm Oil (Packed),58.0
2013-04-23,CHENNAI,Palm Oil (Packed),58.0
2013-04-23,DINDIGUL,Palm Oil (Packed),
2013-04-23,THIRUCHIRAPALLI,Palm Oil (Packed),59.0
2013-04-23,HYDERABAD,Palm Oil (Packed),57.0
2013-04-25,PANAJI,Palm Oil (Packed),
2013-04-25,VISAKHAPATNAM,Palm Oil (Packed),62.0
2013-04-25,BENGALURU,Palm Oil (Packed),59.0
2013-04-25,DHARWAD,Palm Oil (Packed),64.0
2013-04-25,T.PURAM,Palm Oil (Packed),65.0
2013-04-25,ERNAKULAM,Palm Oil (Packed),65.0
2013-04-25,KOZHIKODE,Palm Oil (Packed),64.0
2013-04-25,PUDUCHERRY,Palm Oil (Packed),58.0
2013-04-25,CHENNAI,Palm Oil (Packed),58.0
2013-04-25,DINDIGUL,Palm Oil (Packed),
2013-04-25,THIRUCHIRAPALLI,Palm Oil (Packed),59.0
2013-04-25,HYDERABAD,Palm Oil (Packed),57.0
2013-04-26,PANAJI,Palm Oil (Packed),
2013-04-26,VISAKHAPATNAM,Palm Oil (Packed),62.0
2013-04-26,BENGALURU,Palm Oil (Packed),59.0
2013-04-26,DHARWAD,Palm Oil (Packed),64.0
2013-04-26,T.PURAM,Palm Oil (Packed),64.0
2013-04-26,ERNAKULAM,Palm Oil (Packed),65.0
2013-04-26,KOZHIKODE,Palm Oil (Packed),64.0
2013-04-26,PUDUCHERRY,Palm Oil (Packed),58.0
2013-04-26,CHENNAI,Palm Oil (Packed),58.0
2013-04-26,DINDIGUL,Palm Oil (Packed),
2013-04-26,THIRUCHIRAPALLI,Palm Oil (Packed),59.0
2013-04-26,HYDERABAD,Palm Oil (Packed),57.0
2013-04-29,PANAJI,Palm Oil (Packed),
2013-04-29,VISAKHAPATNAM,Palm Oil (Packed),62.0
2013-04-29,BENGALURU,Palm Oil (Packed),59.0
2013-04-29,DHARWAD,Palm Oil (Packed),64.0
2013-04-29,T.PURAM,Palm Oil (Packed),64.0
2013-04-29,ERNAKULAM,Palm Oil (Packed),65.0
2013-04-29,KOZHIKODE,Palm Oil (Packed),64.0
2013-04-29,PUDUCHERRY,Palm Oil (Packed),58.0
2013-04-29,CHENNAI,Palm Oil (Packed),58.0
2013-04-29,DINDIGUL,Palm Oil (Packed),
2013-04-29,THIRUCHIRAPALLI,Palm Oil (Packed),59.0
2013-04-29,HYDERABAD,Palm Oil (Packed),57.0
2013-04-30,PANAJI,Palm Oil (Packed),
2013-04-30,VISAKHAPATNAM,Palm Oil (Packed),62.0
2013-04-30,BENGALURU,Palm Oil (Packed),59.0
2013-04-30,DHARWAD,Palm Oil (Packed),64.0
2013-04-30,T.PURAM,Palm Oil (Packed),65.0
2013-04-30,ERNAKULAM,Palm Oil (Packed),65.0
2013-04-30,KOZHIKODE,Palm Oil (Packed),
2013-04-30,PUDUCHERRY,Palm Oil (Packed),58.0
2013-04-30,CHENNAI,Palm Oil (Packed),58.0
2013-04-30,DINDIGUL,Palm Oil (Packed),
2013-04-30,THIRUCHIRAPALLI,Palm Oil (Packed),59.0
2013-04-30,HYDERABAD,Palm Oil (Packed),57.0
2013-05-01,PANAJI,Palm Oil (Packed),
2013-05-01,VISAKHAPATNAM,Palm Oil (Packed),62.0
2013-05-01,BENGALURU,Palm Oil (Packed),
2013-05-01,DHARWAD,Palm Oil (Packed),
2013-05-01,T.PURAM,Palm Oil (Packed),
2013-05-01,ERNAKULAM,Palm Oil (Packed),
2013-05-01,KOZHIKODE,Palm Oil (Packed),
2013-05-01,PUDUCHERRY,Palm Oil (Packed),
2013-05-01,CHENNAI,Palm Oil (Packed),
2013-05-01,DINDIGUL,Palm Oil (Packed),
2013-05-01,THIRUCHIRAPALLI,Palm Oil (Packed),
2013-05-01,HYDERABAD,Palm Oil (Packed),57.0
2013-05-02,PANAJI,Palm Oil (Packed),
2013-05-02,VISAKHAPATNAM,Palm Oil (Packed),62.0
2013-05-02,BENGALURU,Palm Oil (Packed),
2013-05-02,DHARWAD,Palm Oil (Packed),64.0
2013-05-02,T.PURAM,Palm Oil (Packed),65.0
2013-05-02,ERNAKULAM,Palm Oil (Packed),65.0
2013-05-02,KOZHIKODE,Palm Oil (Packed),64.0
2013-05-02,PUDUCHERRY,Palm Oil (Packed),57.0
2013-05-02,CHENNAI,Palm Oil (Packed),58.0
2013-05-02,DINDIGUL,Palm Oil (Packed),
2013-05-02,THIRUCHIRAPALLI,Palm Oil (Packed),59.0
2013-05-02,HYDERABAD,Palm Oil (Packed),57.0
2013-05-03,PANAJI,Palm Oil (Packed),
2013-05-03,VISAKHAPATNAM,Palm Oil (Packed),62.0
2013-05-03,BENGALURU,Palm Oil (Packed),
2013-05-03,DHARWAD,Palm Oil (Packed),64.0
2013-05-03,T.PURAM,Palm Oil (Packed),65.0
2013-05-03,ERNAKULAM,Palm Oil (Packed),65.0
2013-05-03,KOZHIKODE,Palm Oil (Packed),64.0
2013-05-03,PUDUCHERRY,Palm Oil (Packed),57.0
2013-05-03,CHENNAI,Palm Oil (Packed),58.0
2013-05-03,DINDIGUL,Palm Oil (Packed),
2013-05-03,THIRUCHIRAPALLI,Palm Oil (Packed),59.0
2013-05-03,HYDERABAD,Palm Oil (Packed),57.0
2013-05-06,PANAJI,Palm Oil (Packed),
2013-05-06,VISAKHAPATNAM,Palm Oil (Packed),62.0
2013-05-06,BENGALURU,Palm Oil (Packed),
2013-05-06,DHARWAD,Palm Oil (Packed),63.0
2013-05-06,T.PURAM,Palm Oil (Packed),65.0
2013-05-06,ERNAKULAM,Palm Oil (Packed),65.0
2013-05-06,KOZHIKODE,Palm Oil (Packed),64.0
2013-05-06,PUDUCHERRY,Palm Oil (Packed),57.0
2013-05-06,CHENNAI,Palm Oil (Packed),58.0
2013-05-06,DINDIGUL,Palm Oil (Packed),
2013-05-06,THIRUCHIRAPALLI,Palm Oil (Packed),59.0
2013-05-06,HYDERABAD,Palm Oil (Packed),57.0
2013-05-07,PANAJI,Palm Oil (Packed),
2013-05-07,VISAKHAPATNAM,Palm Oil (Packed),62.0
2013-05-07,BENGALURU,Palm Oil (Packed),
2013-05-07,DHARWAD,Palm Oil (Packed),63.0
2013-05-07,T.PURAM,Palm Oil (Packed),65.0
2013-05-07,ERNAKULAM,Palm Oil (Packed),65.0
2013-05-07,KOZHIKODE,Palm Oil (Packed),64.0
2013-05-07,PUDUCHERRY,Palm Oil (Packed),58.0
2013-05-07,CHENNAI,Palm Oil (Packed),58.0
2013-05-07,DINDIGUL,Palm Oil (Packed),
2013-05-07,THIRUCHIRAPALLI,Palm Oil (Packed),
2013-05-07,HYDERABAD,Palm Oil (Packed),57.0
2013-05-08,PANAJI,Palm Oil (Packed),
2013-05-08,VISAKHAPATNAM,Palm Oil (Packed),62.0
2013-05-08,BENGALURU,Palm Oil (Packed),
2013-05-08,DHARWAD,Palm Oil (Packed),
2013-05-08,T.PURAM,Palm Oil (Packed),65.0
2013-05-08,ERNAKULAM,Palm Oil (Packed),65.0
2013-05-08,KOZHIKODE,Palm Oil (Packed),64.0
2013-05-08,PUDUCHERRY,Palm Oil (Packed),58.0
2013-05-08,CHENNAI,Palm Oil (Packed),58.0
2013-05-08,DINDIGUL,Palm Oil (Packed),
2013-05-08,THIRUCHIRAPALLI,Palm Oil (Packed),59.0
2013-05-08,HYDERABAD,Palm Oil (Packed),57.0
2013-05-09,PANAJI,Palm Oil (Packed),
2013-05-09,VISAKHAPATNAM,Palm Oil (Packed),62.0
2013-05-09,BENGALURU,Palm Oil (Packed),59.0
2013-05-09,DHARWAD,Palm Oil (Packed),63.0
2013-05-09,T.PURAM,Palm Oil (Packed),65.0
2013-05-09,ERNAKULAM,Palm Oil (Packed),65.0
2013-05-09,KOZHIKODE,Palm Oil (Packed),64.0
2013-05-09,PUDUCHERRY,Palm Oil (Packed),58.0
2013-05-09,CHENNAI,Palm Oil (Packed),58.0
2013-05-09,DINDIGUL,Palm Oil (Packed),
2013-05-09,THIRUCHIRAPALLI,Palm Oil (Packed),59.0
2013-05-09,HYDERABAD,Palm Oil (Packed),57.0
2013-05-10,PANAJI,Palm Oil (Packed),
2013-05-10,VISAKHAPATNAM,Palm Oil (Packed),62.0
2013-05-10,BENGALURU,Palm Oil (Packed),59.0
2013-05-10,DHARWAD,Palm Oil (Packed),63.0
2013-05-10,T.PURAM,Palm Oil (Packed),65.0
2013-05-10,ERNAKULAM,Palm Oil (Packed),65.0
2013-05-10,KOZHIKODE,Palm Oil (Packed),64.0
2013-05-10,PUDUCHERRY,Palm Oil (Packed),58.0
2013-05-10,CHENNAI,Palm Oil (Packed),58.0
2013-05-10,DINDIGUL,Palm Oil (Packed),
2013-05-10,THIRUCHIRAPALLI,Palm Oil (Packed),59.0
2013-05-10,HYDERABAD,Palm Oil (Packed),57.0
2013-05-13,PANAJI,Palm Oil (Packed),
2013-05-13,VISAKHAPATNAM,Palm Oil (Packed),62.0
2013-05-13,BENGALURU,Palm Oil (Packed),
2013-05-13,DHARWAD,Palm Oil (Packed),
2013-05-13,T.PURAM,Palm Oil (Packed),65.0
2013-05-13,ERNAKULAM,Palm Oil (Packed),65.0
2013-05-13,KOZHIKODE,Palm Oil (Packed),64.0
2013-05-13,PUDUCHERRY,Palm Oil (Packed),58.0
2013-05-13,CHENNAI,Palm Oil (Packed),58.0
2013-05-13,DINDIGUL,Palm Oil (Packed),
2013-05-13,THIRUCHIRAPALLI,Palm Oil (Packed),59.0
2013-05-13,HYDERABAD,Palm Oil (Packed),57.0
2013-05-14,PANAJI,Palm Oil (Packed),
2013-05-14,VISAKHAPATNAM,Palm Oil (Packed),62.0
2013-05-14,BENGALURU,Palm Oil (Packed),59.0
2013-05-14,DHARWAD,Palm Oil (Packed),
2013-05-14,T.PURAM,Palm Oil (Packed),65.0
2013-05-14,ERNAKULAM,Palm Oil (Packed),65.0
2013-05-14,KOZHIKODE,Palm Oil (Packed),64.0
2013-05-14,PUDUCHERRY,Palm Oil (Packed),58.0
2013-05-14,CHENNAI,Palm Oil (Packed),58.0
2013-05-14,DINDIGUL,Palm Oil (Packed),
2013-05-14,THIRUCHIRAPALLI,Palm Oil (Packed),59.0
2013-05-14,HYDERABAD,Palm Oil (Packed),57.0
2013-05-15,PANAJI,Palm Oil (Packed),
2013-05-15,VISAKHAPATNAM,Palm Oil (Packed),62.0
2013-05-15,BENGALURU,Palm Oil (Packed),
2013-05-15,DHARWAD,Palm Oil (Packed),
2013-05-15,T.PURAM,Palm Oil (Packed),65.0
2013-05-15,ERNAKULAM,Palm Oil (Packed),65.0
2013-05-15,KOZHIKODE,Palm Oil (Packed),64.0
2013-05-15,PUDUCHERRY,Palm Oil (Packed),58.0
2013-05-15,CHENNAI,Palm Oil (Packed),58.0
2013-05-15,DINDIGUL,Palm Oil (Packed),
2013-05-15,THIRUCHIRAPALLI,Palm Oil (Packed),59.0
2013-05-15,HYDERABAD,Palm Oil (Packed),57.0
2013-05-16,PANAJI,Palm Oil (Packed),
2013-05-16,VISAKHAPATNAM,Palm Oil (Packed),62.0
2013-05-16,BENGALURU,Palm Oil (Packed),
2013-05-16,DHARWAD,Palm Oil (Packed),
2013-05-16,T.PURAM,Palm Oil (Packed),65.0
2013-05-16,ERNAKULAM,Palm Oil (Packed),65.0
2013-05-16,KOZHIKODE,Palm Oil (Packed),64.0
2013-05-16,PUDUCHERRY,Palm Oil (Packed),58.0
2013-05-16,CHENNAI,Palm Oil (Packed),58.0
2013-05-16,DINDIGUL,Palm Oil (Packed),
2013-05-16,THIRUCHIRAPALLI,Palm Oil (Packed),59.0
2013-05-16,HYDERABAD,Palm Oil (Packed),57.0
2013-05-17,PANAJI,Palm Oil (Packed),
2013-05-17,VISAKHAPATNAM,Palm Oil (Packed),62.0
2013-05-17,BENGALURU,Palm Oil (Packed),59.0
2013-05-17,DHARWAD,Palm Oil (Packed),
2013-05-17,T.PURAM,Palm Oil (Packed),65.0
2013-05-17,ERNAKULAM,Palm Oil (Packed),65.0
2013-05-17,KOZHIKODE,Palm Oil (Packed),64.0
2013-05-17,PUDUCHERRY,Palm Oil (Packed),58.0
2013-05-17,CHENNAI,Palm Oil (Packed),58.0
2013-05-17,DINDIGUL,Palm Oil (Packed),
2013-05-17,THIRUCHIRAPALLI,Palm Oil (Packed),59.0
2013-05-17,HYDERABAD,Palm Oil (Packed),57.0
2013-05-20,PANAJI,Palm Oil (Packed),
2013-05-20,VISAKHAPATNAM,Palm Oil (Packed),62.0
2013-05-20,BENGALURU,Palm Oil (Packed),59.0
2013-05-20,DHARWAD,Palm Oil (Packed),59.0
2013-05-20,T.PURAM,Palm Oil (Packed),65.0
2013-05-20,ERNAKULAM,Palm Oil (Packed),65.0
2013-05-20,KOZHIKODE,Palm Oil (Packed),64.0
2013-05-20,PUDUCHERRY,Palm Oil (Packed),58.0
2013-05-20,CHENNAI,Palm Oil (Packed),58.0
2013-05-20,DINDIGUL,Palm Oil (Packed),
2013-05-20,THIRUCHIRAPALLI,Palm Oil (Packed),59.0
2013-05-20,HYDERABAD,Palm Oil (Packed),57.0
2013-05-21,PANAJI,Palm Oil (Packed),
2013-05-21,VISAKHAPATNAM,Palm Oil (Packed),62.0
2013-05-21,BENGALURU,Palm Oil (Packed),59.0
2013-05-21,DHARWAD,Palm Oil (Packed),59.0
2013-05-21,T.PURAM,Palm Oil (Packed),65.0
2013-05-21,ERNAKULAM,Palm Oil (Packed),65.0
2013-05-21,KOZHIKODE,Palm Oil (Packed),64.0
2013-05-21,PUDUCHERRY,Palm Oil (Packed),58.0
2013-05-21,CHENNAI,Palm Oil (Packed),58.0
2013-05-21,DINDIGUL,Palm Oil (Packed),
2013-05-21,THIRUCHIRAPALLI,Palm Oil (Packed),59.0
2013-05-21,HYDERABAD,Palm Oil (Packed),57.0
2013-05-22,PANAJI,Palm Oil (Packed),
2013-05-22,VISAKHAPATNAM,Palm Oil (Packed),62.0
2013-05-22,BENGALURU,Palm Oil (Packed),59.0
2013-05-22,DHARWAD,Palm Oil (Packed),59.0
2013-05-22,T.PURAM,Palm Oil (Packed),65.0
2013-05-22,ERNAKULAM,Palm Oil (Packed),65.0
2013-05-22,KOZHIKODE,Palm Oil (Packed),64.0
2013-05-22,PUDUCHERRY,Palm Oil (Packed),58.0
2013-05-22,CHENNAI,Palm Oil (Packed),58.0
2013-05-22,DINDIGUL,Palm Oil (Packed),
2013-05-22,THIRUCHIRAPALLI,Palm Oil (Packed),59.0
2013-05-22,HYDERABAD,Palm Oil (Packed),57.0
2013-05-23,PANAJI,Palm Oil (Packed),
2013-05-23,VISAKHAPATNAM,Palm Oil (Packed),62.0
2013-05-23,BENGALURU,Palm Oil (Packed),59.0
2013-05-23,DHARWAD,Palm Oil (Packed),59.0
2013-05-23,T.PURAM,Palm Oil (Packed),65.0
2013-05-23,ERNAKULAM,Palm Oil (Packed),65.0
2013-05-23,KOZHIKODE,Palm Oil (Packed),64.0
2013-05-23,PUDUCHERRY,Palm Oil (Packed),58.0
2013-05-23,CHENNAI,Palm Oil (Packed),58.0
2013-05-23,DINDIGUL,Palm Oil (Packed),
2013-05-23,THIRUCHIRAPALLI,Palm Oil (Packed),59.0
2013-05-23,HYDERABAD,Palm Oil (Packed),57.0
2013-05-24,PANAJI,Palm Oil (Packed),
2013-05-24,VISAKHAPATNAM,Palm Oil (Packed),62.0
2013-05-24,BENGALURU,Palm Oil (Packed),59.0
2013-05-24,DHARWAD,Palm Oil (Packed),59.0
2013-05-24,T.PURAM,Palm Oil (Packed),65.0
2013-05-24,ERNAKULAM,Palm Oil (Packed),65.0
2013-05-24,KOZHIKODE,Palm Oil (Packed),64.0
2013-05-24,PUDUCHERRY,Palm Oil (Packed),58.0
2013-05-24,CHENNAI,Palm Oil (Packed),58.0
2013-05-24,DINDIGUL,Palm Oil (Packed),
2013-05-24,THIRUCHIRAPALLI,Palm Oil (Packed),59.0
2013-05-24,HYDERABAD,Palm Oil (Packed),57.0
2013-05-27,PANAJI,Palm Oil (Packed),
2013-05-27,VISAKHAPATNAM,Palm Oil (Packed),62.0
2013-05-27,BENGALURU,Palm Oil (Packed),59.0
2013-05-27,DHARWAD,Palm Oil (Packed),59.0
2013-05-27,T.PURAM,Palm Oil (Packed),65.0
2013-05-27,ERNAKULAM,Palm Oil (Packed),65.0
2013-05-27,KOZHIKODE,Palm Oil (Packed),64.0
2013-05-27,PUDUCHERRY,Palm Oil (Packed),59.0
2013-05-27,CHENNAI,Palm Oil (Packed),58.0
2013-05-27,DINDIGUL,Palm Oil (Packed),
2013-05-27,THIRUCHIRAPALLI,Palm Oil (Packed),59.0
2013-05-27,HYDERABAD,Palm Oil (Packed),57.0
2013-05-28,PANAJI,Palm Oil (Packed),
2013-05-28,VISAKHAPATNAM,Palm Oil (Packed),62.0
2013-05-28,BENGALURU,Palm Oil (Packed),59.0
2013-05-28,DHARWAD,Palm Oil (Packed),59.0
2013-05-28,T.PURAM,Palm Oil (Packed),65.0
2013-05-28,ERNAKULAM,Palm Oil (Packed),65.0
2013-05-28,KOZHIKODE,Palm Oil (Packed),64.0
2013-05-28,PUDUCHERRY,Palm Oil (Packed),59.0
2013-05-28,CHENNAI,Palm Oil (Packed),58.0
2013-05-28,DINDIGUL,Palm Oil (Packed),
2013-05-28,THIRUCHIRAPALLI,Palm Oil (Packed),59.0
2013-05-28,HYDERABAD,Palm Oil (Packed),57.0
2013-05-29,PANAJI,Palm Oil (Packed),
2013-05-29,VISAKHAPATNAM,Palm Oil (Packed),62.0
2013-05-29,BENGALURU,Palm Oil (Packed),59.0
2013-05-29,DHARWAD,Palm Oil (Packed),59.0
2013-05-29,T.PURAM,Palm Oil (Packed),65.0
2013-05-29,ERNAKULAM,Palm Oil (Packed),65.0
2013-05-29,KOZHIKODE,Palm Oil (Packed),64.0
2013-05-29,PUDUCHERRY,Palm Oil (Packed),59.0
2013-05-29,CHENNAI,Palm Oil (Packed),58.0
2013-05-29,DINDIGUL,Palm Oil (Packed),
2013-05-29,THIRUCHIRAPALLI,Palm Oil (Packed),59.0
2013-05-29,HYDERABAD,Palm Oil (Packed),57.0
2013-05-30,PANAJI,Palm Oil (Packed),
2013-05-30,VISAKHAPATNAM,Palm Oil (Packed),62.0
2013-05-30,BENGALURU,Palm Oil (Packed),59.0
2013-05-30,DHARWAD,Palm Oil (Packed),59.0
2013-05-30,T.PURAM,Palm Oil (Packed),65.0
2013-05-30,ERNAKULAM,Palm Oil (Packed),65.0
2013-05-30,KOZHIKODE,Palm Oil (Packed),64.0
2013-05-30,PUDUCHERRY,Palm Oil (Packed),59.0
2013-05-30,CHENNAI,Palm Oil (Packed),58.0
2013-05-30,DINDIGUL,Palm Oil (Packed),
2013-05-30,THIRUCHIRAPALLI,Palm Oil (Packed),59.0
2013-05-30,HYDERABAD,Palm Oil (Packed),57.0
2013-05-31,PANAJI,Palm Oil (Packed),
2013-05-31,VISAKHAPATNAM,Palm Oil (Packed),62.0
2013-05-31,BENGALURU,Palm Oil (Packed),59.0
2013-05-31,DHARWAD,Palm Oil (Packed),59.0
2013-05-31,T.PURAM,Palm Oil (Packed),65.0
2013-05-31,ERNAKULAM,Palm Oil (Packed),65.0
2013-05-31,KOZHIKODE,Palm Oil (Packed),64.0
2013-05-31,PUDUCHERRY,Palm Oil (Packed),59.0
2013-05-31,CHENNAI,Palm Oil (Packed),58.0
2013-05-31,DINDIGUL,Palm Oil (Packed),
2013-05-31,THIRUCHIRAPALLI,Palm Oil (Packed),59.0
2013-05-31,HYDERABAD,Palm Oil (Packed),57.0
2013-06-03,PANAJI,Palm Oil (Packed),
2013-06-03,VISAKHAPATNAM,Palm Oil (Packed),62.0
2013-06-03,BENGALURU,Palm Oil (Packed),59.0
2013-06-03,DHARWAD,Palm Oil (Packed),59.0
2013-06-03,T.PURAM,Palm Oil (Packed),65.0
2013-06-03,ERNAKULAM,Palm Oil (Packed),65.0
2013-06-03,KOZHIKODE,Palm Oil (Packed),64.0
2013-06-03,PUDUCHERRY,Palm Oil (Packed),59.0
2013-06-03,CHENNAI,Palm Oil (Packed),58.0
2013-06-03,DINDIGUL,Palm Oil (Packed),
2013-06-03,THIRUCHIRAPALLI,Palm Oil (Packed),59.0
2013-06-03,HYDERABAD,Palm Oil (Packed),58.0
2013-06-04,PANAJI,Palm Oil (Packed),
2013-06-04,VISAKHAPATNAM,Palm Oil (Packed),62.0
2013-06-04,BENGALURU,Palm Oil (Packed),59.0
2013-06-04,DHARWAD,Palm Oil (Packed),59.0
2013-06-04,T.PURAM,Palm Oil (Packed),65.0
2013-06-04,ERNAKULAM,Palm Oil (Packed),65.0
2013-06-04,KOZHIKODE,Palm Oil (Packed),64.0
2013-06-04,PUDUCHERRY,Palm Oil (Packed),59.0
2013-06-04,CHENNAI,Palm Oil (Packed),58.0
2013-06-04,DINDIGUL,Palm Oil (Packed),
2013-06-04,THIRUCHIRAPALLI,Palm Oil (Packed),59.0
2013-06-04,HYDERABAD,Palm Oil (Packed),58.0
2013-06-05,PANAJI,Palm Oil (Packed),
2013-06-05,VISAKHAPATNAM,Palm Oil (Packed),62.0
2013-06-05,BENGALURU,Palm Oil (Packed),59.0
2013-06-05,DHARWAD,Palm Oil (Packed),59.0
2013-06-05,T.PURAM,Palm Oil (Packed),65.0
2013-06-05,ERNAKULAM,Palm Oil (Packed),65.0
2013-06-05,KOZHIKODE,Palm Oil (Packed),64.0
2013-06-05,PUDUCHERRY,Palm Oil (Packed),59.0
2013-06-05,CHENNAI,Palm Oil (Packed),59.0
2013-06-05,DINDIGUL,Palm Oil (Packed),
2013-06-05,THIRUCHIRAPALLI,Palm Oil (Packed),59.0
2013-06-05,HYDERABAD,Palm Oil (Packed),58.0
2013-06-06,PANAJI,Palm Oil (Packed),
2013-06-06,VISAKHAPATNAM,Palm Oil (Packed),62.0
2013-06-06,BENGALURU,Palm Oil (Packed),59.0
2013-06-06,DHARWAD,Palm Oil (Packed),59.0
2013-06-06,T.PURAM,Palm Oil (Packed),65.0
2013-06-06,ERNAKULAM,Palm Oil (Packed),65.0
2013-06-06,KOZHIKODE,Palm Oil (Packed),64.0
2013-06-06,PUDUCHERRY,Palm Oil (Packed),59.0
2013-06-06,CHENNAI,Palm Oil (Packed),59.0
2013-06-06,DINDIGUL,Palm Oil (Packed),
2013-06-06,THIRUCHIRAPALLI,Palm Oil (Packed),59.0
2013-06-06,HYDERABAD,Palm Oil (Packed),58.0
2013-06-07,PANAJI,Palm Oil (Packed),
2013-06-07,VISAKHAPATNAM,Palm Oil (Packed),62.0
2013-06-07,BENGALURU,Palm Oil (Packed),59.0
2013-06-07,DHARWAD,Palm Oil (Packed),59.0
2013-06-07,T.PURAM,Palm Oil (Packed),65.0
2013-06-07,ERNAKULAM,Palm Oil (Packed),65.0
2013-06-07,KOZHIKODE,Palm Oil (Packed),64.0
2013-06-07,PUDUCHERRY,Palm Oil (Packed),59.0
2013-06-07,CHENNAI,Palm Oil (Packed),59.0
2013-06-07,DINDIGUL,Palm Oil (Packed),
2013-06-07,THIRUCHIRAPALLI,Palm Oil (Packed),59.0
2013-06-07,HYDERABAD,Palm Oil (Packed),58.0
2013-06-10,PANAJI,Palm Oil (Packed),
2013-06-10,VISAKHAPATNAM,Palm Oil (Packed),62.0
2013-06-10,BENGALURU,Palm Oil (Packed),59.0
2013-06-10,DHARWAD,Palm Oil (Packed),59.0
2013-06-10,T.PURAM,Palm Oil (Packed),65.0
2013-06-10,ERNAKULAM,Palm Oil (Packed),65.0
2013-06-10,KOZHIKODE,Palm Oil (Packed),64.0
2013-06-10,PUDUCHERRY,Palm Oil (Packed),59.0
2013-06-10,CHENNAI,Palm Oil (Packed),59.0
2013-06-10,DINDIGUL,Palm Oil (Packed),
2013-06-10,THIRUCHIRAPALLI,Palm Oil (Packed),60.0
2013-06-10,HYDERABAD,Palm Oil (Packed),58.0
2013-06-11,PANAJI,Palm Oil (Packed),
2013-06-11,VISAKHAPATNAM,Palm Oil (Packed),62.0
2013-06-11,BENGALURU,Palm Oil (Packed),59.0
2013-06-11,DHARWAD,Palm Oil (Packed),59.0
2013-06-11,T.PURAM,Palm Oil (Packed),65.0
2013-06-11,ERNAKULAM,Palm Oil (Packed),65.0
2013-06-11,KOZHIKODE,Palm Oil (Packed),64.0
2013-06-11,PUDUCHERRY,Palm Oil (Packed),60.0
2013-06-11,CHENNAI,Palm Oil (Packed),60.0
2013-06-11,DINDIGUL,Palm Oil (Packed),
2013-06-11,THIRUCHIRAPALLI,Palm Oil (Packed),60.0
2013-06-11,HYDERABAD,Palm Oil (Packed),58.0
2013-06-12,PANAJI,Palm Oil (Packed),
2013-06-12,VISAKHAPATNAM,Palm Oil (Packed),62.0
2013-06-12,BENGALURU,Palm Oil (Packed),59.0
2013-06-12,DHARWAD,Palm Oil (Packed),59.0
2013-06-12,T.PURAM,Palm Oil (Packed),65.0
2013-06-12,ERNAKULAM,Palm Oil (Packed),65.0
2013-06-12,KOZHIKODE,Palm Oil (Packed),64.0
2013-06-12,PUDUCHERRY,Palm Oil (Packed),60.0
2013-06-12,CHENNAI,Palm Oil (Packed),60.0
2013-06-12,DINDIGUL,Palm Oil (Packed),64.0
2013-06-12,THIRUCHIRAPALLI,Palm Oil (Packed),60.0
2013-06-12,HYDERABAD,Palm Oil (Packed),58.0
2013-06-13,PANAJI,Palm Oil (Packed),
2013-06-13,VISAKHAPATNAM,Palm Oil (Packed),62.0
2013-06-13,BENGALURU,Palm Oil (Packed),59.0
2013-06-13,DHARWAD,Palm Oil (Packed),59.0
2013-06-13,T.PURAM,Palm Oil (Packed),65.0
2013-06-13,ERNAKULAM,Palm Oil (Packed),65.0
2013-06-13,KOZHIKODE,Palm Oil (Packed),64.0
2013-06-13,PUDUCHERRY,Palm Oil (Packed),60.0
2013-06-13,CHENNAI,Palm Oil (Packed),60.0
2013-06-13,DINDIGUL,Palm Oil (Packed),64.0
2013-06-13,THIRUCHIRAPALLI,Palm Oil (Packed),60.0
2013-06-13,HYDERABAD,Palm Oil (Packed),58.0
2013-06-14,PANAJI,Palm Oil (Packed),
2013-06-14,VISAKHAPATNAM,Palm Oil (Packed),62.0
2013-06-14,BENGALURU,Palm Oil (Packed),59.0
2013-06-14,DHARWAD,Palm Oil (Packed),59.0
2013-06-14,T.PURAM,Palm Oil (Packed),65.0
2013-06-14,ERNAKULAM,Palm Oil (Packed),65.0
2013-06-14,KOZHIKODE,Palm Oil (Packed),64.0
2013-06-14,PUDUCHERRY,Palm Oil (Packed),60.0
2013-06-14,CHENNAI,Palm Oil (Packed),60.0
2013-06-14,DINDIGUL,Palm Oil (Packed),
2013-06-14,THIRUCHIRAPALLI,Palm Oil (Packed),62.0
2013-06-14,HYDERABAD,Palm Oil (Packed),58.0
2013-06-17,PANAJI,Palm Oil (Packed),
2013-06-17,VISAKHAPATNAM,Palm Oil (Packed),62.0
2013-06-17,BENGALURU,Palm Oil (Packed),59.0
2013-06-17,DHARWAD,Palm Oil (Packed),59.0
2013-06-17,T.PURAM,Palm Oil (Packed),65.0
2013-06-17,ERNAKULAM,Palm Oil (Packed),65.0
2013-06-17,KOZHIKODE,Palm Oil (Packed),64.0
2013-06-17,PUDUCHERRY,Palm Oil (Packed),60.0
2013-06-17,CHENNAI,Palm Oil (Packed),60.0
2013-06-17,DINDIGUL,Palm Oil (Packed),
2013-06-17,THIRUCHIRAPALLI,Palm Oil (Packed),62.0
2013-06-17,HYDERABAD,Palm Oil (Packed),58.0
2013-06-18,PANAJI,Palm Oil (Packed),
2013-06-18,VISAKHAPATNAM,Palm Oil (Packed),62.0
2013-06-18,BENGALURU,Palm Oil (Packed),59.0
2013-06-18,DHARWAD,Palm Oil (Packed),59.0
2013-06-18,T.PURAM,Palm Oil (Packed),65.0
2013-06-18,ERNAKULAM,Palm Oil (Packed),65.0
2013-06-18,KOZHIKODE,Palm Oil (Packed),64.0
2013-06-18,PUDUCHERRY,Palm Oil (Packed),61.0
2013-06-18,CHENNAI,Palm Oil (Packed),60.0
2013-06-18,DINDIGUL,Palm Oil (Packed),
2013-06-18,THIRUCHIRAPALLI,Palm Oil (Packed),62.0
2013-06-18,HYDERABAD,Palm Oil (Packed),58.0
2013-06-19,PANAJI,Palm Oil (Packed),
2013-06-19,VISAKHAPATNAM,Palm Oil (Packed),62.0
2013-06-19,BENGALURU,Palm Oil (Packed),59.0
2013-06-19,DHARWAD,Palm Oil (Packed),59.0
2013-06-19,T.PURAM,Palm Oil (Packed),65.0
2013-06-19,ERNAKULAM,Palm Oil (Packed),65.0
2013-06-19,KOZHIKODE,Palm Oil (Packed),64.0
2013-06-19,PUDUCHERRY,Palm Oil (Packed),61.0
2013-06-19,CHENNAI,Palm Oil (Packed),60.0
2013-06-19,DINDIGUL,Palm Oil (Packed),
2013-06-19,THIRUCHIRAPALLI,Palm Oil (Packed),62.0
2013-06-19,HYDERABAD,Palm Oil (Packed),58.0
2013-06-20,PANAJI,Palm Oil (Packed),
2013-06-20,VISAKHAPATNAM,Palm Oil (Packed),62.0
2013-06-20,BENGALURU,Palm Oil (Packed),59.0
2013-06-20,DHARWAD,Palm Oil (Packed),59.0
2013-06-20,T.PURAM,Palm Oil (Packed),65.0
2013-06-20,ERNAKULAM,Palm Oil (Packed),65.0
2013-06-20,KOZHIKODE,Palm Oil (Packed),64.0
2013-06-20,PUDUCHERRY,Palm Oil (Packed),62.0
2013-06-20,CHENNAI,Palm Oil (Packed),60.0
2013-06-20,DINDIGUL,Palm Oil (Packed),
2013-06-20,THIRUCHIRAPALLI,Palm Oil (Packed),62.0
2013-06-20,HYDERABAD,Palm Oil (Packed),58.0
2013-06-21,PANAJI,Palm Oil (Packed),
2013-06-21,VISAKHAPATNAM,Palm Oil (Packed),62.0
2013-06-21,BENGALURU,Palm Oil (Packed),59.0
2013-06-21,DHARWAD,Palm Oil (Packed),59.0
2013-06-21,T.PURAM,Palm Oil (Packed),65.0
2013-06-21,ERNAKULAM,Palm Oil (Packed),65.0
2013-06-21,KOZHIKODE,Palm Oil (Packed),64.0
2013-06-21,PUDUCHERRY,Palm Oil (Packed),62.0
2013-06-21,CHENNAI,Palm Oil (Packed),60.0
2013-06-21,DINDIGUL,Palm Oil (Packed),64.0
2013-06-21,THIRUCHIRAPALLI,Palm Oil (Packed),62.0
2013-06-21,HYDERABAD,Palm Oil (Packed),60.0
2013-06-24,PANAJI,Palm Oil (Packed),
2013-06-24,VISAKHAPATNAM,Palm Oil (Packed),62.0
2013-06-24,BENGALURU,Palm Oil (Packed),59.0
2013-06-24,DHARWAD,Palm Oil (Packed),59.0
2013-06-24,T.PURAM,Palm Oil (Packed),65.0
2013-06-24,ERNAKULAM,Palm Oil (Packed),65.0
2013-06-24,KOZHIKODE,Palm Oil (Packed),64.0
2013-06-24,PUDUCHERRY,Palm Oil (Packed),62.0
2013-06-24,CHENNAI,Palm Oil (Packed),60.0
2013-06-24,DINDIGUL,Palm Oil (Packed),64.0
2013-06-24,THIRUCHIRAPALLI,Palm Oil (Packed),63.0
2013-06-24,HYDERABAD,Palm Oil (Packed),60.0
2013-06-25,PANAJI,Palm Oil (Packed),
2013-06-25,VISAKHAPATNAM,Palm Oil (Packed),62.0
2013-06-25,BENGALURU,Palm Oil (Packed),61.0
2013-06-25,DHARWAD,Palm Oil (Packed),59.0
2013-06-25,T.PURAM,Palm Oil (Packed),65.0
2013-06-25,ERNAKULAM,Palm Oil (Packed),65.0
2013-06-25,KOZHIKODE,Palm Oil (Packed),64.0
2013-06-25,PUDUCHERRY,Palm Oil (Packed),62.0
2013-06-25,CHENNAI,Palm Oil (Packed),60.0
2013-06-25,DINDIGUL,Palm Oil (Packed),64.0
2013-06-25,THIRUCHIRAPALLI,Palm Oil (Packed),63.0
2013-06-25,HYDERABAD,Palm Oil (Packed),60.0
2013-06-26,PANAJI,Palm Oil (Packed),
2013-06-26,VISAKHAPATNAM,Palm Oil (Packed),62.0
2013-06-26,BENGALURU,Palm Oil (Packed),61.0
2013-06-26,DHARWAD,Palm Oil (Packed),59.0
2013-06-26,T.PURAM,Palm Oil (Packed),65.0
2013-06-26,ERNAKULAM,Palm Oil (Packed),65.0
2013-06-26,KOZHIKODE,Palm Oil (Packed),64.0
2013-06-26,PUDUCHERRY,Palm Oil (Packed),62.0
2013-06-26,CHENNAI,Palm Oil (Packed),60.0
2013-06-26,DINDIGUL,Palm Oil (Packed),66.0
2013-06-26,THIRUCHIRAPALLI,Palm Oil (Packed),63.0
2013-06-26,HYDERABAD,Palm Oil (Packed),60.0
2013-06-27,PANAJI,Palm Oil (Packed),
2013-06-27,VISAKHAPATNAM,Palm Oil (Packed),62.0
2013-06-27,BENGALURU,Palm Oil (Packed),61.0
2013-06-27,DHARWAD,Palm Oil (Packed),59.0
2013-06-27,T.PURAM,Palm Oil (Packed),65.0
2013-06-27,ERNAKULAM,Palm Oil (Packed),65.0
2013-06-27,KOZHIKODE,Palm Oil (Packed),64.0
2013-06-27,PUDUCHERRY,Palm Oil (Packed),63.0
2013-06-27,CHENNAI,Palm Oil (Packed),60.0
2013-06-27,DINDIGUL,Palm Oil (Packed),66.0
2013-06-27,THIRUCHIRAPALLI,Palm Oil (Packed),63.0
2013-06-27,HYDERABAD,Palm Oil (Packed),60.0
2013-06-28,PANAJI,Palm Oil (Packed),
2013-06-28,VISAKHAPATNAM,Palm Oil (Packed),62.0
2013-06-28,BENGALURU,Palm Oil (Packed),61.0
2013-06-28,DHARWAD,Palm Oil (Packed),59.0
2013-06-28,T.PURAM,Palm Oil (Packed),65.0
2013-06-28,ERNAKULAM,Palm Oil (Packed),65.0
2013-06-28,KOZHIKODE,Palm Oil (Packed),64.0
2013-06-28,PUDUCHERRY,Palm Oil (Packed),63.0
2013-06-28,CHENNAI,Palm Oil (Packed),60.0
2013-06-28,DINDIGUL,Palm Oil (Packed),66.0
2013-06-28,THIRUCHIRAPALLI,Palm Oil (Packed),63.0
2013-06-28,HYDERABAD,Palm Oil (Packed),60.0
2013-07-01,PANAJI,Palm Oil (Packed),
2013-07-01,VISAKHAPATNAM,Palm Oil (Packed),62.0
2013-07-01,BENGALURU,Palm Oil (Packed),61.0
2013-07-01,DHARWAD,Palm Oil (Packed),59.0
2013-07-01,T.PURAM,Palm Oil (Packed),65.0
2013-07-01,ERNAKULAM,Palm Oil (Packed),65.0
2013-07-01,KOZHIKODE,Palm Oil (Packed),64.0
2013-07-01,PUDUCHERRY,Palm Oil (Packed),62.0
2013-07-01,CHENNAI,Palm Oil (Packed),60.0
2013-07-01,DINDIGUL,Palm Oil (Packed),66.0
2013-07-01,THIRUCHIRAPALLI,Palm Oil (Packed),63.0
2013-07-01,HYDERABAD,Palm Oil (Packed),60.0
2013-07-02,PANAJI,Palm Oil (Packed),
2013-07-02,VISAKHAPATNAM,Palm Oil (Packed),62.0
2013-07-02,BENGALURU,Palm Oil (Packed),
2013-07-02,DHARWAD,Palm Oil (Packed),
2013-07-02,T.PURAM,Palm Oil (Packed),68.0
2013-07-02,ERNAKULAM,Palm Oil (Packed),65.0
2013-07-02,KOZHIKODE,Palm Oil (Packed),64.0
2013-07-02,PUDUCHERRY,Palm Oil (Packed),62.0
2013-07-02,CHENNAI,Palm Oil (Packed),60.0
2013-07-02,DINDIGUL,Palm Oil (Packed),66.0
2013-07-02,THIRUCHIRAPALLI,Palm Oil (Packed),64.0
2013-07-02,HYDERABAD,Palm Oil (Packed),60.0
2013-07-03,PANAJI,Palm Oil (Packed),
2013-07-03,VISAKHAPATNAM,Palm Oil (Packed),62.0
2013-07-03,BENGALURU,Palm Oil (Packed),
2013-07-03,DHARWAD,Palm Oil (Packed),
2013-07-03,T.PURAM,Palm Oil (Packed),68.0
2013-07-03,ERNAKULAM,Palm Oil (Packed),65.0
2013-07-03,KOZHIKODE,Palm Oil (Packed),64.0
2013-07-03,PUDUCHERRY,Palm Oil (Packed),62.0
2013-07-03,CHENNAI,Palm Oil (Packed),63.0
2013-07-03,DINDIGUL,Palm Oil (Packed),66.0
2013-07-03,THIRUCHIRAPALLI,Palm Oil (Packed),64.0
2013-07-03,HYDERABAD,Palm Oil (Packed),60.0
2013-07-04,PANAJI,Palm Oil (Packed),
2013-07-04,VISAKHAPATNAM,Palm Oil (Packed),62.0
2013-07-04,BENGALURU,Palm Oil (Packed),61.0
2013-07-04,DHARWAD,Palm Oil (Packed),59.0
2013-07-04,T.PURAM,Palm Oil (Packed),68.0
2013-07-04,ERNAKULAM,Palm Oil (Packed),65.0
2013-07-04,KOZHIKODE,Palm Oil (Packed),64.0
2013-07-04,PUDUCHERRY,Palm Oil (Packed),62.0
2013-07-04,CHENNAI,Palm Oil (Packed),63.0
2013-07-04,DINDIGUL,Palm Oil (Packed),66.0
2013-07-04,THIRUCHIRAPALLI,Palm Oil (Packed),65.0
2013-07-04,HYDERABAD,Palm Oil (Packed),60.0
2013-07-05,PANAJI,Palm Oil (Packed),
2013-07-05,VISAKHAPATNAM,Palm Oil (Packed),62.0
2013-07-05,BENGALURU,Palm Oil (Packed),61.0
2013-07-05,DHARWAD,Palm Oil (Packed),59.0
2013-07-05,T.PURAM,Palm Oil (Packed),68.0
2013-07-05,ERNAKULAM,Palm Oil (Packed),65.0
2013-07-05,KOZHIKODE,Palm Oil (Packed),64.0
2013-07-05,PUDUCHERRY,Palm Oil (Packed),62.0
2013-07-05,CHENNAI,Palm Oil (Packed),63.0
2013-07-05,DINDIGUL,Palm Oil (Packed),66.0
2013-07-05,THIRUCHIRAPALLI,Palm Oil (Packed),65.0
2013-07-05,HYDERABAD,Palm Oil (Packed),60.0
2013-07-08,PANAJI,Palm Oil (Packed),
2013-07-08,VISAKHAPATNAM,Palm Oil (Packed),62.0
2013-07-08,BENGALURU,Palm Oil (Packed),61.0
2013-07-08,DHARWAD,Palm Oil (Packed),59.0
2013-07-08,T.PURAM,Palm Oil (Packed),68.0
2013-07-08,ERNAKULAM,Palm Oil (Packed),65.0
2013-07-08,KOZHIKODE,Palm Oil (Packed),64.0
2013-07-08,PUDUCHERRY,Palm Oil (Packed),62.0
2013-07-08,CHENNAI,Palm Oil (Packed),64.0
2013-07-08,DINDIGUL,Palm Oil (Packed),66.0
2013-07-08,THIRUCHIRAPALLI,Palm Oil (Packed),65.0
2013-07-08,HYDERABAD,Palm Oil (Packed),60.0
2013-07-09,PANAJI,Palm Oil (Packed),
2013-07-09,VISAKHAPATNAM,Palm Oil (Packed),62.0
2013-07-09,BENGALURU,Palm Oil (Packed),61.0
2013-07-09,DHARWAD,Palm Oil (Packed),59.0
2013-07-09,T.PURAM,Palm Oil (Packed),68.0
2013-07-09,ERNAKULAM,Palm Oil (Packed),65.0
2013-07-09,KOZHIKODE,Palm Oil (Packed),64.0
2013-07-09,PUDUCHERRY,Palm Oil (Packed),62.0
2013-07-09,CHENNAI,Palm Oil (Packed),64.0
2013-07-09,DINDIGUL,Palm Oil (Packed),66.0
2013-07-09,THIRUCHIRAPALLI,Palm Oil (Packed),65.0
2013-07-09,HYDERABAD,Palm Oil (Packed),60.0
2013-07-10,PANAJI,Palm Oil (Packed),
2013-07-10,VISAKHAPATNAM,Palm Oil (Packed),62.0
2013-07-10,BENGALURU,Palm Oil (Packed),61.0
2013-07-10,DHARWAD,Palm Oil (Packed),59.0
2013-07-10,T.PURAM,Palm Oil (Packed),
2013-07-10,ERNAKULAM,Palm Oil (Packed),
2013-07-10,KOZHIKODE,Palm Oil (Packed),
2013-07-10,PUDUCHERRY,Palm Oil (Packed),63.0
2013-07-10,CHENNAI,Palm Oil (Packed),64.0
2013-07-10,DINDIGUL,Palm Oil (Packed),66.0
2013-07-10,THIRUCHIRAPALLI,Palm Oil (Packed),65.0
2013-07-10,HYDERABAD,Palm Oil (Packed),60.0
2013-07-11,PANAJI,Palm Oil (Packed),
2013-07-11,VISAKHAPATNAM,Palm Oil (Packed),62.0
2013-07-11,BENGALURU,Palm Oil (Packed),61.0
2013-07-11,DHARWAD,Palm Oil (Packed),59.0
2013-07-11,T.PURAM,Palm Oil (Packed),68.0
2013-07-11,ERNAKULAM,Palm Oil (Packed),65.0
2013-07-11,KOZHIKODE,Palm Oil (Packed),64.0
2013-07-11,PUDUCHERRY,Palm Oil (Packed),63.0
2013-07-11,CHENNAI,Palm Oil (Packed),64.0
2013-07-11,DINDIGUL,Palm Oil (Packed),66.0
2013-07-11,THIRUCHIRAPALLI,Palm Oil (Packed),65.0
2013-07-11,HYDERABAD,Palm Oil (Packed),60.0
2013-07-12,PANAJI,Palm Oil (Packed),
2013-07-12,VISAKHAPATNAM,Palm Oil (Packed),62.0
2013-07-12,BENGALURU,Palm Oil (Packed),61.0
2013-07-12,DHARWAD,Palm Oil (Packed),59.0
2013-07-12,T.PURAM,Palm Oil (Packed),
2013-07-12,ERNAKULAM,Palm Oil (Packed),
2013-07-12,KOZHIKODE,Palm Oil (Packed),
2013-07-12,PUDUCHERRY,Palm Oil (Packed),63.0
2013-07-12,CHENNAI,Palm Oil (Packed),63.0
2013-07-12,DINDIGUL,Palm Oil (Packed),66.0
2013-07-12,THIRUCHIRAPALLI,Palm Oil (Packed),65.0
2013-07-12,HYDERABAD,Palm Oil (Packed),60.0
2013-07-15,PANAJI,Palm Oil (Packed),
2013-07-15,VISAKHAPATNAM,Palm Oil (Packed),60.0
2013-07-15,BENGALURU,Palm Oil (Packed),61.0
2013-07-15,DHARWAD,Palm Oil (Packed),59.0
2013-07-15,T.PURAM,Palm Oil (Packed),68.0
2013-07-15,ERNAKULAM,Palm Oil (Packed),65.0
2013-07-15,KOZHIKODE,Palm Oil (Packed),64.0
2013-07-15,PUDUCHERRY,Palm Oil (Packed),62.0
2013-07-15,CHENNAI,Palm Oil (Packed),63.0
2013-07-15,DINDIGUL,Palm Oil (Packed),66.0
2013-07-15,THIRUCHIRAPALLI,Palm Oil (Packed),65.0
2013-07-15,HYDERABAD,Palm Oil (Packed),60.0
2013-07-16,PANAJI,Palm Oil (Packed),
2013-07-16,VISAKHAPATNAM,Palm Oil (Packed),60.0
2013-07-16,BENGALURU,Palm Oil (Packed),61.0
2013-07-16,DHARWAD,Palm Oil (Packed),59.0
2013-07-16,T.PURAM,Palm Oil (Packed),68.0
2013-07-16,ERNAKULAM,Palm Oil (Packed),65.0
2013-07-16,KOZHIKODE,Palm Oil (Packed),64.0
2013-07-16,PUDUCHERRY,Palm Oil (Packed),62.0
2013-07-16,CHENNAI,Palm Oil (Packed),63.0
2013-07-16,DINDIGUL,Palm Oil (Packed),66.0
2013-07-16,THIRUCHIRAPALLI,Palm Oil (Packed),65.0
2013-07-16,HYDERABAD,Palm Oil (Packed),60.0
2013-07-17,PANAJI,Palm Oil (Packed),
2013-07-17,VISAKHAPATNAM,Palm Oil (Packed),60.0
2013-07-17,BENGALURU,Palm Oil (Packed),61.0
2013-07-17,DHARWAD,Palm Oil (Packed),59.0
2013-07-17,T.PURAM,Palm Oil (Packed),66.0
2013-07-17,ERNAKULAM,Palm Oil (Packed),65.0
2013-07-17,KOZHIKODE,Palm Oil (Packed),64.0
2013-07-17,PUDUCHERRY,Palm Oil (Packed),62.0
2013-07-17,CHENNAI,Palm Oil (Packed),63.0
2013-07-17,DINDIGUL,Palm Oil (Packed),66.0
2013-07-17,THIRUCHIRAPALLI,Palm Oil (Packed),65.0
2013-07-17,HYDERABAD,Palm Oil (Packed),60.0
2013-07-18,PANAJI,Palm Oil (Packed),
2013-07-18,VISAKHAPATNAM,Palm Oil (Packed),60.0
2013-07-18,BENGALURU,Palm Oil (Packed),61.0
2013-07-18,DHARWAD,Palm Oil (Packed),59.0
2013-07-18,T.PURAM,Palm Oil (Packed),66.0
2013-07-18,ERNAKULAM,Palm Oil (Packed),65.0
2013-07-18,KOZHIKODE,Palm Oil (Packed),64.0
2013-07-18,PUDUCHERRY,Palm Oil (Packed),62.0
2013-07-18,CHENNAI,Palm Oil (Packed),63.0
2013-07-18,DINDIGUL,Palm Oil (Packed),66.0
2013-07-18,THIRUCHIRAPALLI,Palm Oil (Packed),65.0
2013-07-18,HYDERABAD,Palm Oil (Packed),60.0
2013-07-19,PANAJI,Palm Oil (Packed),
2013-07-19,VISAKHAPATNAM,Palm Oil (Packed),60.0
2013-07-19,BENGALURU,Palm Oil (Packed),61.0
2013-07-19,DHARWAD,Palm Oil (Packed),59.0
2013-07-19,T.PURAM,Palm Oil (Packed),66.0
2013-07-19,ERNAKULAM,Palm Oil (Packed),65.0
2013-07-19,KOZHIKODE,Palm Oil (Packed),64.0
2013-07-19,PUDUCHERRY,Palm Oil (Packed),62.0
2013-07-19,CHENNAI,Palm Oil (Packed),63.0
2013-07-19,DINDIGUL,Palm Oil (Packed),66.0
2013-07-19,THIRUCHIRAPALLI,Palm Oil (Packed),65.0
2013-07-19,HYDERABAD,Palm Oil (Packed),60.0
2013-07-22,PANAJI,Palm Oil (Packed),
2013-07-22,VISAKHAPATNAM,Palm Oil (Packed),60.0
2013-07-22,BENGALURU,Palm Oil (Packed),61.0
2013-07-22,DHARWAD,Palm Oil (Packed),59.0
2013-07-22,T.PURAM,Palm Oil (Packed),66.0
2013-07-22,ERNAKULAM,Palm Oil (Packed),65.0
2013-07-22,KOZHIKODE,Palm Oil (Packed),64.0
2013-07-22,PUDUCHERRY,Palm Oil (Packed),62.0
2013-07-22,CHENNAI,Palm Oil (Packed),
2013-07-22,DINDIGUL,Palm Oil (Packed),66.0
2013-07-22,THIRUCHIRAPALLI,Palm Oil (Packed),65.0
2013-07-22,HYDERABAD,Palm Oil (Packed),60.0
2013-07-23,PANAJI,Palm Oil (Packed),
2013-07-23,VISAKHAPATNAM,Palm Oil (Packed),60.0
2013-07-23,BENGALURU,Palm Oil (Packed),61.0
2013-07-23,DHARWAD,Palm Oil (Packed),59.0
2013-07-23,T.PURAM,Palm Oil (Packed),66.0
2013-07-23,ERNAKULAM,Palm Oil (Packed),65.0
2013-07-23,KOZHIKODE,Palm Oil (Packed),64.0
2013-07-23,PUDUCHERRY,Palm Oil (Packed),62.0
2013-07-23,CHENNAI,Palm Oil (Packed),63.0
2013-07-23,DINDIGUL,Palm Oil (Packed),66.0
2013-07-23,THIRUCHIRAPALLI,Palm Oil (Packed),65.0
2013-07-23,HYDERABAD,Palm Oil (Packed),60.0
2013-07-24,PANAJI,Palm Oil (Packed),
2013-07-24,VISAKHAPATNAM,Palm Oil (Packed),60.0
2013-07-24,BENGALURU,Palm Oil (Packed),61.0
2013-07-24,DHARWAD,Palm Oil (Packed),59.0
2013-07-24,T.PURAM,Palm Oil (Packed),66.0
2013-07-24,ERNAKULAM,Palm Oil (Packed),65.0
2013-07-24,KOZHIKODE,Palm Oil (Packed),64.0
2013-07-24,PUDUCHERRY,Palm Oil (Packed),62.0
2013-07-24,CHENNAI,Palm Oil (Packed),63.0
2013-07-24,DINDIGUL,Palm Oil (Packed),68.0
2013-07-24,THIRUCHIRAPALLI,Palm Oil (Packed),65.0
2013-07-24,HYDERABAD,Palm Oil (Packed),60.0
2013-07-25,PANAJI,Palm Oil (Packed),
2013-07-25,VISAKHAPATNAM,Palm Oil (Packed),60.0
2013-07-25,BENGALURU,Palm Oil (Packed),61.0
2013-07-25,DHARWAD,Palm Oil (Packed),59.0
2013-07-25,T.PURAM,Palm Oil (Packed),66.0
2013-07-25,ERNAKULAM,Palm Oil (Packed),65.0
2013-07-25,KOZHIKODE,Palm Oil (Packed),64.0
2013-07-25,PUDUCHERRY,Palm Oil (Packed),62.0
2013-07-25,CHENNAI,Palm Oil (Packed),63.0
2013-07-25,DINDIGUL,Palm Oil (Packed),68.0
2013-07-25,THIRUCHIRAPALLI,Palm Oil (Packed),65.0
2013-07-25,HYDERABAD,Palm Oil (Packed),60.0
2013-07-26,PANAJI,Palm Oil (Packed),
2013-07-26,VISAKHAPATNAM,Palm Oil (Packed),60.0
2013-07-26,BENGALURU,Palm Oil (Packed),61.0
2013-07-26,DHARWAD,Palm Oil (Packed),59.0
2013-07-26,T.PURAM,Palm Oil (Packed),66.0
2013-07-26,ERNAKULAM,Palm Oil (Packed),65.0
2013-07-26,KOZHIKODE,Palm Oil (Packed),64.0
2013-07-26,PUDUCHERRY,Palm Oil (Packed),62.0
2013-07-26,CHENNAI,Palm Oil (Packed),63.0
2013-07-26,DINDIGUL,Palm Oil (Packed),68.0
2013-07-26,THIRUCHIRAPALLI,Palm Oil (Packed),65.0
2013-07-26,HYDERABAD,Palm Oil (Packed),60.0
2013-07-29,PANAJI,Palm Oil (Packed),
2013-07-29,VISAKHAPATNAM,Palm Oil (Packed),60.0
2013-07-29,BENGALURU,Palm Oil (Packed),61.0
2013-07-29,DHARWAD,Palm Oil (Packed),59.0
2013-07-29,T.PURAM,Palm Oil (Packed),66.0
2013-07-29,ERNAKULAM,Palm Oil (Packed),65.0
2013-07-29,KOZHIKODE,Palm Oil (Packed),64.0
2013-07-29,PUDUCHERRY,Palm Oil (Packed),62.0
2013-07-29,CHENNAI,Palm Oil (Packed),63.0
2013-07-29,DINDIGUL,Palm Oil (Packed),68.0
2013-07-29,THIRUCHIRAPALLI,Palm Oil (Packed),65.0
2013-07-29,HYDERABAD,Palm Oil (Packed),60.0
2013-07-30,PANAJI,Palm Oil (Packed),
2013-07-30,VISAKHAPATNAM,Palm Oil (Packed),60.0
2013-07-30,BENGALURU,Palm Oil (Packed),61.0
2013-07-30,DHARWAD,Palm Oil (Packed),59.0
2013-07-30,T.PURAM,Palm Oil (Packed),66.0
2013-07-30,ERNAKULAM,Palm Oil (Packed),65.0
2013-07-30,KOZHIKODE,Palm Oil (Packed),64.0
2013-07-30,PUDUCHERRY,Palm Oil (Packed),62.0
2013-07-30,CHENNAI,Palm Oil (Packed),63.0
2013-07-30,DINDIGUL,Palm Oil (Packed),68.0
2013-07-30,THIRUCHIRAPALLI,Palm Oil (Packed),65.0
2013-07-30,HYDERABAD,Palm Oil (Packed),60.0
2013-07-31,PANAJI,Palm Oil (Packed),
2013-07-31,VISAKHAPATNAM,Palm Oil (Packed),60.0
2013-07-31,BENGALURU,Palm Oil (Packed),61.0
2013-07-31,DHARWAD,Palm Oil (Packed),59.0
2013-07-31,T.PURAM,Palm Oil (Packed),66.0
2013-07-31,ERNAKULAM,Palm Oil (Packed),65.0
2013-07-31,KOZHIKODE,Palm Oil (Packed),64.0
2013-07-31,PUDUCHERRY,Palm Oil (Packed),62.0
2013-07-31,CHENNAI,Palm Oil (Packed),63.0
2013-07-31,DINDIGUL,Palm Oil (Packed),66.0
2013-07-31,THIRUCHIRAPALLI,Palm Oil (Packed),65.0
2013-07-31,HYDERABAD,Palm Oil (Packed),60.0
2013-08-01,PANAJI,Palm Oil (Packed),
2013-08-01,VISAKHAPATNAM,Palm Oil (Packed),60.0
2013-08-01,BENGALURU,Palm Oil (Packed),61.0
2013-08-01,DHARWAD,Palm Oil (Packed),59.0
2013-08-01,T.PURAM,Palm Oil (Packed),66.0
2013-08-01,ERNAKULAM,Palm Oil (Packed),65.0
2013-08-01,KOZHIKODE,Palm Oil (Packed),64.0
2013-08-01,PUDUCHERRY,Palm Oil (Packed),62.0
2013-08-01,CHENNAI,Palm Oil (Packed),63.0
2013-08-01,DINDIGUL,Palm Oil (Packed),66.0
2013-08-01,THIRUCHIRAPALLI,Palm Oil (Packed),64.0
2013-08-01,HYDERABAD,Palm Oil (Packed),60.0
2013-08-02,PANAJI,Palm Oil (Packed),
2013-08-02,VISAKHAPATNAM,Palm Oil (Packed),60.0
2013-08-02,BENGALURU,Palm Oil (Packed),61.0
2013-08-02,DHARWAD,Palm Oil (Packed),59.0
2013-08-02,T.PURAM,Palm Oil (Packed),66.0
2013-08-02,ERNAKULAM,Palm Oil (Packed),65.0
2013-08-02,KOZHIKODE,Palm Oil (Packed),64.0
2013-08-02,PUDUCHERRY,Palm Oil (Packed),62.0
2013-08-02,CHENNAI,Palm Oil (Packed),63.0
2013-08-02,DINDIGUL,Palm Oil (Packed),66.0
2013-08-02,THIRUCHIRAPALLI,Palm Oil (Packed),64.0
2013-08-02,HYDERABAD,Palm Oil (Packed),60.0
2013-08-05,PANAJI,Palm Oil (Packed),
2013-08-05,VISAKHAPATNAM,Palm Oil (Packed),60.0
2013-08-05,BENGALURU,Palm Oil (Packed),61.0
2013-08-05,DHARWAD,Palm Oil (Packed),59.0
2013-08-05,T.PURAM,Palm Oil (Packed),66.0
2013-08-05,ERNAKULAM,Palm Oil (Packed),65.0
2013-08-05,KOZHIKODE,Palm Oil (Packed),64.0
2013-08-05,PUDUCHERRY,Palm Oil (Packed),60.0
2013-08-05,CHENNAI,Palm Oil (Packed),63.0
2013-08-05,DINDIGUL,Palm Oil (Packed),66.0
2013-08-05,THIRUCHIRAPALLI,Palm Oil (Packed),64.0
2013-08-05,HYDERABAD,Palm Oil (Packed),62.0
2013-08-06,PANAJI,Palm Oil (Packed),
2013-08-06,VISAKHAPATNAM,Palm Oil (Packed),60.0
2013-08-06,BENGALURU,Palm Oil (Packed),61.0
2013-08-06,DHARWAD,Palm Oil (Packed),59.0
2013-08-06,T.PURAM,Palm Oil (Packed),
2013-08-06,ERNAKULAM,Palm Oil (Packed),
2013-08-06,KOZHIKODE,Palm Oil (Packed),
2013-08-06,PUDUCHERRY,Palm Oil (Packed),60.0
2013-08-06,CHENNAI,Palm Oil (Packed),63.0
2013-08-06,DINDIGUL,Palm Oil (Packed),66.0
2013-08-06,THIRUCHIRAPALLI,Palm Oil (Packed),64.0
2013-08-06,HYDERABAD,Palm Oil (Packed),62.0
2013-08-07,PANAJI,Palm Oil (Packed),
2013-08-07,VISAKHAPATNAM,Palm Oil (Packed),60.0
2013-08-07,BENGALURU,Palm Oil (Packed),61.0
2013-08-07,DHARWAD,Palm Oil (Packed),59.0
2013-08-07,T.PURAM,Palm Oil (Packed),66.0
2013-08-07,ERNAKULAM,Palm Oil (Packed),65.0
2013-08-07,KOZHIKODE,Palm Oil (Packed),64.0
2013-08-07,PUDUCHERRY,Palm Oil (Packed),60.0
2013-08-07,CHENNAI,Palm Oil (Packed),63.0
2013-08-07,DINDIGUL,Palm Oil (Packed),66.0
2013-08-07,THIRUCHIRAPALLI,Palm Oil (Packed),64.0
2013-08-07,HYDERABAD,Palm Oil (Packed),62.0
2013-08-08,PANAJI,Palm Oil (Packed),
2013-08-08,VISAKHAPATNAM,Palm Oil (Packed),60.0
2013-08-08,BENGALURU,Palm Oil (Packed),61.0
2013-08-08,DHARWAD,Palm Oil (Packed),59.0
2013-08-08,T.PURAM,Palm Oil (Packed),
2013-08-08,ERNAKULAM,Palm Oil (Packed),
2013-08-08,KOZHIKODE,Palm Oil (Packed),
2013-08-08,PUDUCHERRY,Palm Oil (Packed),60.0
2013-08-08,CHENNAI,Palm Oil (Packed),63.0
2013-08-08,DINDIGUL,Palm Oil (Packed),66.0
2013-08-08,THIRUCHIRAPALLI,Palm Oil (Packed),64.0
2013-08-08,HYDERABAD,Palm Oil (Packed),60.0
2013-08-12,PANAJI,Palm Oil (Packed),
2013-08-12,VISAKHAPATNAM,Palm Oil (Packed),60.0
2013-08-12,BENGALURU,Palm Oil (Packed),61.0
2013-08-12,DHARWAD,Palm Oil (Packed),59.0
2013-08-12,T.PURAM,Palm Oil (Packed),66.0
2013-08-12,ERNAKULAM,Palm Oil (Packed),65.0
2013-08-12,KOZHIKODE,Palm Oil (Packed),64.0
2013-08-12,PUDUCHERRY,Palm Oil (Packed),60.0
2013-08-12,CHENNAI,Palm Oil (Packed),63.0
2013-08-12,DINDIGUL,Palm Oil (Packed),66.0
2013-08-12,THIRUCHIRAPALLI,Palm Oil (Packed),64.0
2013-08-12,HYDERABAD,Palm Oil (Packed),60.0
2013-08-13,PANAJI,Palm Oil (Packed),
2013-08-13,VISAKHAPATNAM,Palm Oil (Packed),
2013-08-13,BENGALURU,Palm Oil (Packed),61.0
2013-08-13,DHARWAD,Palm Oil (Packed),59.0
2013-08-13,T.PURAM,Palm Oil (Packed),68.0
2013-08-13,ERNAKULAM,Palm Oil (Packed),65.0
2013-08-13,KOZHIKODE,Palm Oil (Packed),64.0
2013-08-13,PUDUCHERRY,Palm Oil (Packed),60.0
2013-08-13,CHENNAI,Palm Oil (Packed),63.0
2013-08-13,DINDIGUL,Palm Oil (Packed),66.0
2013-08-13,THIRUCHIRAPALLI,Palm Oil (Packed),64.0
2013-08-13,HYDERABAD,Palm Oil (Packed),60.0
2013-08-14,PANAJI,Palm Oil (Packed),
2013-08-14,VISAKHAPATNAM,Palm Oil (Packed),
2013-08-14,BENGALURU,Palm Oil (Packed),61.0
2013-08-14,DHARWAD,Palm Oil (Packed),59.0
2013-08-14,T.PURAM,Palm Oil (Packed),68.0
2013-08-14,ERNAKULAM,Palm Oil (Packed),65.0
2013-08-14,KOZHIKODE,Palm Oil (Packed),64.0
2013-08-14,PUDUCHERRY,Palm Oil (Packed),60.0
2013-08-14,CHENNAI,Palm Oil (Packed),63.0
2013-08-14,DINDIGUL,Palm Oil (Packed),66.0
2013-08-14,THIRUCHIRAPALLI,Palm Oil (Packed),64.0
2013-08-14,HYDERABAD,Palm Oil (Packed),60.0
2013-08-16,PANAJI,Palm Oil (Packed),
2013-08-16,VISAKHAPATNAM,Palm Oil (Packed),
2013-08-16,BENGALURU,Palm Oil (Packed),
2013-08-16,DHARWAD,Palm Oil (Packed),
2013-08-16,T.PURAM,Palm Oil (Packed),68.0
2013-08-16,ERNAKULAM,Palm Oil (Packed),65.0
2013-08-16,KOZHIKODE,Palm Oil (Packed),64.0
2013-08-16,PUDUCHERRY,Palm Oil (Packed),
2013-08-16,CHENNAI,Palm Oil (Packed),63.0
2013-08-16,DINDIGUL,Palm Oil (Packed),66.0
2013-08-16,THIRUCHIRAPALLI,Palm Oil (Packed),64.0
2013-08-16,HYDERABAD,Palm Oil (Packed),60.0
2013-08-19,PANAJI,Palm Oil (Packed),
2013-08-19,VISAKHAPATNAM,Palm Oil (Packed),
2013-08-19,BENGALURU,Palm Oil (Packed),61.0
2013-08-19,DHARWAD,Palm Oil (Packed),59.0
2013-08-19,T.PURAM,Palm Oil (Packed),68.0
2013-08-19,ERNAKULAM,Palm Oil (Packed),65.0
2013-08-19,KOZHIKODE,Palm Oil (Packed),64.0
2013-08-19,PUDUCHERRY,Palm Oil (Packed),60.0
2013-08-19,CHENNAI,Palm Oil (Packed),63.0
2013-08-19,DINDIGUL,Palm Oil (Packed),66.0
2013-08-19,THIRUCHIRAPALLI,Palm Oil (Packed),64.0
2013-08-19,HYDERABAD,Palm Oil (Packed),60.0
2013-08-20,PANAJI,Palm Oil (Packed),
2013-08-20,VISAKHAPATNAM,Palm Oil (Packed),
2013-08-20,BENGALURU,Palm Oil (Packed),61.0
2013-08-20,DHARWAD,Palm Oil (Packed),59.0
2013-08-20,T.PURAM,Palm Oil (Packed),68.0
2013-08-20,ERNAKULAM,Palm Oil (Packed),
2013-08-20,KOZHIKODE,Palm Oil (Packed),64.0
2013-08-20,PUDUCHERRY,Palm Oil (Packed),64.0
2013-08-20,CHENNAI,Palm Oil (Packed),63.0
2013-08-20,DINDIGUL,Palm Oil (Packed),66.0
2013-08-20,THIRUCHIRAPALLI,Palm Oil (Packed),64.0
2013-08-20,HYDERABAD,Palm Oil (Packed),63.0
2013-08-21,PANAJI,Palm Oil (Packed),
2013-08-21,VISAKHAPATNAM,Palm Oil (Packed),
2013-08-21,BENGALURU,Palm Oil (Packed),61.0
2013-08-21,DHARWAD,Palm Oil (Packed),59.0
2013-08-21,T.PURAM,Palm Oil (Packed),68.0
2013-08-21,ERNAKULAM,Palm Oil (Packed),65.0
2013-08-21,KOZHIKODE,Palm Oil (Packed),64.0
2013-08-21,PUDUCHERRY,Palm Oil (Packed),64.0
2013-08-21,CHENNAI,Palm Oil (Packed),63.0
2013-08-21,DINDIGUL,Palm Oil (Packed),71.0
2013-08-21,THIRUCHIRAPALLI,Palm Oil (Packed),65.0
2013-08-21,HYDERABAD,Palm Oil (Packed),63.0
2013-08-22,PANAJI,Palm Oil (Packed),
2013-08-22,VISAKHAPATNAM,Palm Oil (Packed),
2013-08-22,BENGALURU,Palm Oil (Packed),61.0
2013-08-22,DHARWAD,Palm Oil (Packed),59.0
2013-08-22,T.PURAM,Palm Oil (Packed),
2013-08-22,ERNAKULAM,Palm Oil (Packed),
2013-08-22,KOZHIKODE,Palm Oil (Packed),
2013-08-22,PUDUCHERRY,Palm Oil (Packed),64.0
2013-08-22,CHENNAI,Palm Oil (Packed),63.0
2013-08-22,DINDIGUL,Palm Oil (Packed),71.0
2013-08-22,THIRUCHIRAPALLI,Palm Oil (Packed),66.0
2013-08-22,HYDERABAD,Palm Oil (Packed),63.0
2013-08-23,PANAJI,Palm Oil (Packed),
2013-08-23,VISAKHAPATNAM,Palm Oil (Packed),
2013-08-23,BENGALURU,Palm Oil (Packed),63.0
2013-08-23,DHARWAD,Palm Oil (Packed),59.0
2013-08-23,T.PURAM,Palm Oil (Packed),68.0
2013-08-23,ERNAKULAM,Palm Oil (Packed),65.0
2013-08-23,KOZHIKODE,Palm Oil (Packed),64.0
2013-08-23,PUDUCHERRY,Palm Oil (Packed),64.0
2013-08-23,CHENNAI,Palm Oil (Packed),68.0
2013-08-23,DINDIGUL,Palm Oil (Packed),71.0
2013-08-23,THIRUCHIRAPALLI,Palm Oil (Packed),66.0
2013-08-23,HYDERABAD,Palm Oil (Packed),63.0
2013-08-26,PANAJI,Palm Oil (Packed),
2013-08-26,VISAKHAPATNAM,Palm Oil (Packed),
2013-08-26,BENGALURU,Palm Oil (Packed),63.0
2013-08-26,DHARWAD,Palm Oil (Packed),59.0
2013-08-26,T.PURAM,Palm Oil (Packed),69.0
2013-08-26,ERNAKULAM,Palm Oil (Packed),65.0
2013-08-26,KOZHIKODE,Palm Oil (Packed),64.0
2013-08-26,PUDUCHERRY,Palm Oil (Packed),66.0
2013-08-26,CHENNAI,Palm Oil (Packed),68.0
2013-08-26,DINDIGUL,Palm Oil (Packed),71.0
2013-08-26,THIRUCHIRAPALLI,Palm Oil (Packed),66.0
2013-08-26,HYDERABAD,Palm Oil (Packed),63.0
2013-08-27,PANAJI,Palm Oil (Packed),
2013-08-27,VISAKHAPATNAM,Palm Oil (Packed),
2013-08-27,BENGALURU,Palm Oil (Packed),63.0
2013-08-27,DHARWAD,Palm Oil (Packed),59.0
2013-08-27,T.PURAM,Palm Oil (Packed),70.0
2013-08-27,ERNAKULAM,Palm Oil (Packed),65.0
2013-08-27,KOZHIKODE,Palm Oil (Packed),64.0
2013-08-27,PUDUCHERRY,Palm Oil (Packed),66.0
2013-08-27,CHENNAI,Palm Oil (Packed),68.0
2013-08-27,DINDIGUL,Palm Oil (Packed),76.0
2013-08-27,THIRUCHIRAPALLI,Palm Oil (Packed),66.0
2013-08-27,HYDERABAD,Palm Oil (Packed),63.0
2013-08-29,PANAJI,Palm Oil (Packed),
2013-08-29,VISAKHAPATNAM,Palm Oil (Packed),
2013-08-29,BENGALURU,Palm Oil (Packed),63.0
2013-08-29,DHARWAD,Palm Oil (Packed),59.0
2013-08-29,T.PURAM,Palm Oil (Packed),70.0
2013-08-29,ERNAKULAM,Palm Oil (Packed),65.0
2013-08-29,KOZHIKODE,Palm Oil (Packed),64.0
2013-08-29,PUDUCHERRY,Palm Oil (Packed),67.0
2013-08-29,CHENNAI,Palm Oil (Packed),69.0
2013-08-29,DINDIGUL,Palm Oil (Packed),75.0
2013-08-29,THIRUCHIRAPALLI,Palm Oil (Packed),66.0
2013-08-29,HYDERABAD,Palm Oil (Packed),
2013-08-30,PANAJI,Palm Oil (Packed),
2013-08-30,VISAKHAPATNAM,Palm Oil (Packed),
2013-08-30,BENGALURU,Palm Oil (Packed),70.0
2013-08-30,DHARWAD,Palm Oil (Packed),59.0
2013-08-30,T.PURAM,Palm Oil (Packed),70.0
2013-08-30,ERNAKULAM,Palm Oil (Packed),65.0
2013-08-30,KOZHIKODE,Palm Oil (Packed),64.0
2013-08-30,PUDUCHERRY,Palm Oil (Packed),69.0
2013-08-30,CHENNAI,Palm Oil (Packed),69.0
2013-08-30,DINDIGUL,Palm Oil (Packed),75.0
2013-08-30,THIRUCHIRAPALLI,Palm Oil (Packed),69.0
2013-08-30,HYDERABAD,Palm Oil (Packed),63.0
2013-09-02,PANAJI,Palm Oil (Packed),
2013-09-02,VISAKHAPATNAM,Palm Oil (Packed),
2013-09-02,BENGALURU,Palm Oil (Packed),70.0
2013-09-02,DHARWAD,Palm Oil (Packed),59.0
2013-09-02,T.PURAM,Palm Oil (Packed),70.0
2013-09-02,ERNAKULAM,Palm Oil (Packed),65.0
2013-09-02,KOZHIKODE,Palm Oil (Packed),64.0
2013-09-02,PUDUCHERRY,Palm Oil (Packed),70.0
2013-09-02,CHENNAI,Palm Oil (Packed),73.0
2013-09-02,DINDIGUL,Palm Oil (Packed),75.0
2013-09-02,THIRUCHIRAPALLI,Palm Oil (Packed),69.0
2013-09-02,HYDERABAD,Palm Oil (Packed),63.0
2013-09-03,PANAJI,Palm Oil (Packed),
2013-09-03,VISAKHAPATNAM,Palm Oil (Packed),
2013-09-03,BENGALURU,Palm Oil (Packed),71.0
2013-09-03,DHARWAD,Palm Oil (Packed),59.0
2013-09-03,T.PURAM,Palm Oil (Packed),70.0
2013-09-03,ERNAKULAM,Palm Oil (Packed),65.0
2013-09-03,KOZHIKODE,Palm Oil (Packed),64.0
2013-09-03,PUDUCHERRY,Palm Oil (Packed),70.0
2013-09-03,CHENNAI,Palm Oil (Packed),73.0
2013-09-03,DINDIGUL,Palm Oil (Packed),75.0
2013-09-03,THIRUCHIRAPALLI,Palm Oil (Packed),69.0
2013-09-03,HYDERABAD,Palm Oil (Packed),63.0
2013-09-04,PANAJI,Palm Oil (Packed),
2013-09-04,VISAKHAPATNAM,Palm Oil (Packed),
2013-09-04,BENGALURU,Palm Oil (Packed),
2013-09-04,DHARWAD,Palm Oil (Packed),
2013-09-04,T.PURAM,Palm Oil (Packed),70.0
2013-09-04,ERNAKULAM,Palm Oil (Packed),65.0
2013-09-04,KOZHIKODE,Palm Oil (Packed),64.0
2013-09-04,PUDUCHERRY,Palm Oil (Packed),71.0
2013-09-04,CHENNAI,Palm Oil (Packed),73.0
2013-09-04,DINDIGUL,Palm Oil (Packed),77.0
2013-09-04,THIRUCHIRAPALLI,Palm Oil (Packed),69.0
2013-09-04,HYDERABAD,Palm Oil (Packed),63.0
2013-09-05,PANAJI,Palm Oil (Packed),
2013-09-05,VISAKHAPATNAM,Palm Oil (Packed),
2013-09-05,BENGALURU,Palm Oil (Packed),
2013-09-05,DHARWAD,Palm Oil (Packed),
2013-09-05,T.PURAM,Palm Oil (Packed),70.0
2013-09-05,ERNAKULAM,Palm Oil (Packed),65.0
2013-09-05,KOZHIKODE,Palm Oil (Packed),64.0
2013-09-05,PUDUCHERRY,Palm Oil (Packed),71.0
2013-09-05,CHENNAI,Palm Oil (Packed),73.0
2013-09-05,DINDIGUL,Palm Oil (Packed),77.0
2013-09-05,THIRUCHIRAPALLI,Palm Oil (Packed),70.0
2013-09-05,HYDERABAD,Palm Oil (Packed),63.0
2013-09-06,PANAJI,Palm Oil (Packed),
2013-09-06,VISAKHAPATNAM,Palm Oil (Packed),
2013-09-06,BENGALURU,Palm Oil (Packed),71.0
2013-09-06,DHARWAD,Palm Oil (Packed),59.0
2013-09-06,T.PURAM,Palm Oil (Packed),70.0
2013-09-06,ERNAKULAM,Palm Oil (Packed),65.0
2013-09-06,KOZHIKODE,Palm Oil (Packed),64.0
2013-09-06,PUDUCHERRY,Palm Oil (Packed),69.0
2013-09-06,CHENNAI,Palm Oil (Packed),73.0
2013-09-06,DINDIGUL,Palm Oil (Packed),77.0
2013-09-06,THIRUCHIRAPALLI,Palm Oil (Packed),70.0
2013-09-06,HYDERABAD,Palm Oil (Packed),63.0
2013-09-09,PANAJI,Palm Oil (Packed),
2013-09-09,VISAKHAPATNAM,Palm Oil (Packed),
2013-09-09,BENGALURU,Palm Oil (Packed),
2013-09-09,DHARWAD,Palm Oil (Packed),
2013-09-09,T.PURAM,Palm Oil (Packed),70.0
2013-09-09,ERNAKULAM,Palm Oil (Packed),65.0
2013-09-09,KOZHIKODE,Palm Oil (Packed),66.0
2013-09-09,PUDUCHERRY,Palm Oil (Packed),
2013-09-09,CHENNAI,Palm Oil (Packed),
2013-09-09,DINDIGUL,Palm Oil (Packed),
2013-09-09,THIRUCHIRAPALLI,Palm Oil (Packed),
2013-09-09,HYDERABAD,Palm Oil (Packed),
2013-09-10,PANAJI,Palm Oil (Packed),
2013-09-10,VISAKHAPATNAM,Palm Oil (Packed),
2013-09-10,BENGALURU,Palm Oil (Packed),71.0
2013-09-10,DHARWAD,Palm Oil (Packed),59.0
2013-09-10,T.PURAM,Palm Oil (Packed),70.0
2013-09-10,ERNAKULAM,Palm Oil (Packed),65.0
2013-09-10,KOZHIKODE,Palm Oil (Packed),66.0
2013-09-10,PUDUCHERRY,Palm Oil (Packed),69.0
2013-09-10,CHENNAI,Palm Oil (Packed),
2013-09-10,DINDIGUL,Palm Oil (Packed),77.0
2013-09-10,THIRUCHIRAPALLI,Palm Oil (Packed),73.0
2013-09-10,HYDERABAD,Palm Oil (Packed),65.0
2013-09-11,PANAJI,Palm Oil (Packed),
2013-09-11,VISAKHAPATNAM,Palm Oil (Packed),
2013-09-11,BENGALURU,Palm Oil (Packed),71.0
2013-09-11,DHARWAD,Palm Oil (Packed),59.0
2013-09-11,T.PURAM,Palm Oil (Packed),76.0
2013-09-11,ERNAKULAM,Palm Oil (Packed),65.0
2013-09-11,KOZHIKODE,Palm Oil (Packed),66.0
2013-09-11,PUDUCHERRY,Palm Oil (Packed),69.0
2013-09-11,CHENNAI,Palm Oil (Packed),73.0
2013-09-11,DINDIGUL,Palm Oil (Packed),
2013-09-11,THIRUCHIRAPALLI,Palm Oil (Packed),73.0
2013-09-11,HYDERABAD,Palm Oil (Packed),65.0
2013-09-12,PANAJI,Palm Oil (Packed),
2013-09-12,VISAKHAPATNAM,Palm Oil (Packed),
2013-09-12,BENGALURU,Palm Oil (Packed),71.0
2013-09-12,DHARWAD,Palm Oil (Packed),59.0
2013-09-12,T.PURAM,Palm Oil (Packed),76.0
2013-09-12,ERNAKULAM,Palm Oil (Packed),65.0
2013-09-12,KOZHIKODE,Palm Oil (Packed),66.0
2013-09-12,PUDUCHERRY,Palm Oil (Packed),69.0
2013-09-12,CHENNAI,Palm Oil (Packed),73.0
2013-09-12,DINDIGUL,Palm Oil (Packed),77.0
2013-09-12,THIRUCHIRAPALLI,Palm Oil (Packed),73.0
2013-09-12,HYDERABAD,Palm Oil (Packed),65.0
2013-09-13,PANAJI,Palm Oil (Packed),
2013-09-13,VISAKHAPATNAM,Palm Oil (Packed),
2013-09-13,BENGALURU,Palm Oil (Packed),71.0
2013-09-13,DHARWAD,Palm Oil (Packed),59.0
2013-09-13,T.PURAM,Palm Oil (Packed),76.0
2013-09-13,ERNAKULAM,Palm Oil (Packed),65.0
2013-09-13,KOZHIKODE,Palm Oil (Packed),66.0
2013-09-13,PUDUCHERRY,Palm Oil (Packed),69.0
2013-09-13,CHENNAI,Palm Oil (Packed),73.0
2013-09-13,DINDIGUL,Palm Oil (Packed),77.0
2013-09-13,THIRUCHIRAPALLI,Palm Oil (Packed),73.0
2013-09-13,HYDERABAD,Palm Oil (Packed),65.0
2013-09-16,PANAJI,Palm Oil (Packed),
2013-09-16,VISAKHAPATNAM,Palm Oil (Packed),
2013-09-16,BENGALURU,Palm Oil (Packed),71.0
2013-09-16,DHARWAD,Palm Oil (Packed),59.0
2013-09-16,T.PURAM,Palm Oil (Packed),
2013-09-16,ERNAKULAM,Palm Oil (Packed),
2013-09-16,KOZHIKODE,Palm Oil (Packed),
2013-09-16,PUDUCHERRY,Palm Oil (Packed),68.0
2013-09-16,CHENNAI,Palm Oil (Packed),
2013-09-16,DINDIGUL,Palm Oil (Packed),77.0
2013-09-16,THIRUCHIRAPALLI,Palm Oil (Packed),
2013-09-16,HYDERABAD,Palm Oil (Packed),65.0
2013-09-17,PANAJI,Palm Oil (Packed),
2013-09-17,VISAKHAPATNAM,Palm Oil (Packed),
2013-09-17,BENGALURU,Palm Oil (Packed),71.0
2013-09-17,DHARWAD,Palm Oil (Packed),59.0
2013-09-17,T.PURAM,Palm Oil (Packed),
2013-09-17,ERNAKULAM,Palm Oil (Packed),
2013-09-17,KOZHIKODE,Palm Oil (Packed),
2013-09-17,PUDUCHERRY,Palm Oil (Packed),68.0
2013-09-17,CHENNAI,Palm Oil (Packed),74.0
2013-09-17,DINDIGUL,Palm Oil (Packed),77.0
2013-09-17,THIRUCHIRAPALLI,Palm Oil (Packed),73.0
2013-09-17,HYDERABAD,Palm Oil (Packed),67.0
2013-09-18,PANAJI,Palm Oil (Packed),
2013-09-18,VISAKHAPATNAM,Palm Oil (Packed),
2013-09-18,BENGALURU,Palm Oil (Packed),
2013-09-18,DHARWAD,Palm Oil (Packed),
2013-09-18,T.PURAM,Palm Oil (Packed),
2013-09-18,ERNAKULAM,Palm Oil (Packed),
2013-09-18,KOZHIKODE,Palm Oil (Packed),
2013-09-18,PUDUCHERRY,Palm Oil (Packed),65.0
2013-09-18,CHENNAI,Palm Oil (Packed),74.0
2013-09-18,DINDIGUL,Palm Oil (Packed),77.0
2013-09-18,THIRUCHIRAPALLI,Palm Oil (Packed),73.0
2013-09-18,HYDERABAD,Palm Oil (Packed),
2013-09-19,PANAJI,Palm Oil (Packed),
2013-09-19,VISAKHAPATNAM,Palm Oil (Packed),
2013-09-19,BENGALURU,Palm Oil (Packed),71.0
2013-09-19,DHARWAD,Palm Oil (Packed),59.0
2013-09-19,T.PURAM,Palm Oil (Packed),76.0
2013-09-19,ERNAKULAM,Palm Oil (Packed),65.0
2013-09-19,KOZHIKODE,Palm Oil (Packed),66.0
2013-09-19,PUDUCHERRY,Palm Oil (Packed),65.0
2013-09-19,CHENNAI,Palm Oil (Packed),74.0
2013-09-19,DINDIGUL,Palm Oil (Packed),77.0
2013-09-19,THIRUCHIRAPALLI,Palm Oil (Packed),73.0
2013-09-19,HYDERABAD,Palm Oil (Packed),67.0
2013-09-20,PANAJI,Palm Oil (Packed),
2013-09-20,VISAKHAPATNAM,Palm Oil (Packed),
2013-09-20,BENGALURU,Palm Oil (Packed),71.0
2013-09-20,DHARWAD,Palm Oil (Packed),59.0
2013-09-20,T.PURAM,Palm Oil (Packed),76.0
2013-09-20,ERNAKULAM,Palm Oil (Packed),65.0
2013-09-20,KOZHIKODE,Palm Oil (Packed),66.0
2013-09-20,PUDUCHERRY,Palm Oil (Packed),65.0
2013-09-20,CHENNAI,Palm Oil (Packed),74.0
2013-09-20,DINDIGUL,Palm Oil (Packed),77.0
2013-09-20,THIRUCHIRAPALLI,Palm Oil (Packed),73.0
2013-09-20,HYDERABAD,Palm Oil (Packed),67.0
2013-09-23,PANAJI,Palm Oil (Packed),
2013-09-23,VISAKHAPATNAM,Palm Oil (Packed),
2013-09-23,BENGALURU,Palm Oil (Packed),71.0
2013-09-23,DHARWAD,Palm Oil (Packed),59.0
2013-09-23,T.PURAM,Palm Oil (Packed),76.0
2013-09-23,ERNAKULAM,Palm Oil (Packed),65.0
2013-09-23,KOZHIKODE,Palm Oil (Packed),66.0
2013-09-23,PUDUCHERRY,Palm Oil (Packed),64.0
2013-09-23,CHENNAI,Palm Oil (Packed),74.0
2013-09-23,DINDIGUL,Palm Oil (Packed),77.0
2013-09-23,THIRUCHIRAPALLI,Palm Oil (Packed),73.0
2013-09-23,HYDERABAD,Palm Oil (Packed),67.0
2013-09-24,PANAJI,Palm Oil (Packed),
2013-09-24,VISAKHAPATNAM,Palm Oil (Packed),
2013-09-24,BENGALURU,Palm Oil (Packed),71.0
2013-09-24,DHARWAD,Palm Oil (Packed),59.0
2013-09-24,T.PURAM,Palm Oil (Packed),76.0
2013-09-24,ERNAKULAM,Palm Oil (Packed),65.0
2013-09-24,KOZHIKODE,Palm Oil (Packed),65.0
2013-09-24,PUDUCHERRY,Palm Oil (Packed),64.0
2013-09-24,CHENNAI,Palm Oil (Packed),74.0
2013-09-24,DINDIGUL,Palm Oil (Packed),
2013-09-24,THIRUCHIRAPALLI,Palm Oil (Packed),71.0
2013-09-24,HYDERABAD,Palm Oil (Packed),67.0
2013-09-25,PANAJI,Palm Oil (Packed),
2013-09-25,VISAKHAPATNAM,Palm Oil (Packed),
2013-09-25,BENGALURU,Palm Oil (Packed),71.0
2013-09-25,DHARWAD,Palm Oil (Packed),59.0
2013-09-25,T.PURAM,Palm Oil (Packed),73.0
2013-09-25,ERNAKULAM,Palm Oil (Packed),65.0
2013-09-25,KOZHIKODE,Palm Oil (Packed),65.0
2013-09-25,PUDUCHERRY,Palm Oil (Packed),64.0
2013-09-25,CHENNAI,Palm Oil (Packed),74.0
2013-09-25,DINDIGUL,Palm Oil (Packed),75.0
2013-09-25,THIRUCHIRAPALLI,Palm Oil (Packed),70.0
2013-09-25,HYDERABAD,Palm Oil (Packed),67.0
2013-09-26,PANAJI,Palm Oil (Packed),
2013-09-26,VISAKHAPATNAM,Palm Oil (Packed),
2013-09-26,BENGALURU,Palm Oil (Packed),71.0
2013-09-26,DHARWAD,Palm Oil (Packed),59.0
2013-09-26,T.PURAM,Palm Oil (Packed),73.0
2013-09-26,ERNAKULAM,Palm Oil (Packed),65.0
2013-09-26,KOZHIKODE,Palm Oil (Packed),65.0
2013-09-26,PUDUCHERRY,Palm Oil (Packed),63.0
2013-09-26,CHENNAI,Palm Oil (Packed),74.0
2013-09-26,DINDIGUL,Palm Oil (Packed),75.0
2013-09-26,THIRUCHIRAPALLI,Palm Oil (Packed),70.0
2013-09-26,HYDERABAD,Palm Oil (Packed),67.0
2013-09-27,PANAJI,Palm Oil (Packed),
2013-09-27,VISAKHAPATNAM,Palm Oil (Packed),
2013-09-27,BENGALURU,Palm Oil (Packed),71.0
2013-09-27,DHARWAD,Palm Oil (Packed),59.0
2013-09-27,T.PURAM,Palm Oil (Packed),73.0
2013-09-27,ERNAKULAM,Palm Oil (Packed),65.0
2013-09-27,KOZHIKODE,Palm Oil (Packed),65.0
2013-09-27,PUDUCHERRY,Palm Oil (Packed),63.0
2013-09-27,CHENNAI,Palm Oil (Packed),74.0
2013-09-27,DINDIGUL,Palm Oil (Packed),75.0
2013-09-27,THIRUCHIRAPALLI,Palm Oil (Packed),70.0
2013-09-27,HYDERABAD,Palm Oil (Packed),67.0
2013-09-30,PANAJI,Palm Oil (Packed),
2013-09-30,VISAKHAPATNAM,Palm Oil (Packed),
2013-09-30,BENGALURU,Palm Oil (Packed),71.0
2013-09-30,DHARWAD,Palm Oil (Packed),59.0
2013-09-30,T.PURAM,Palm Oil (Packed),75.0
2013-09-30,ERNAKULAM,Palm Oil (Packed),65.0
2013-09-30,KOZHIKODE,Palm Oil (Packed),65.0
2013-09-30,PUDUCHERRY,Palm Oil (Packed),63.0
2013-09-30,CHENNAI,Palm Oil (Packed),70.0
2013-09-30,DINDIGUL,Palm Oil (Packed),75.0
2013-09-30,THIRUCHIRAPALLI,Palm Oil (Packed),69.0
2013-09-30,HYDERABAD,Palm Oil (Packed),67.0
2013-10-01,PANAJI,Palm Oil (Packed),
2013-10-01,VISAKHAPATNAM,Palm Oil (Packed),
2013-10-01,BENGALURU,Palm Oil (Packed),71.0
2013-10-01,DHARWAD,Palm Oil (Packed),59.0
2013-10-01,T.PURAM,Palm Oil (Packed),75.0
2013-10-01,ERNAKULAM,Palm Oil (Packed),65.0
2013-10-01,KOZHIKODE,Palm Oil (Packed),65.0
2013-10-01,PUDUCHERRY,Palm Oil (Packed),63.0
2013-10-01,CHENNAI,Palm Oil (Packed),69.0
2013-10-01,DINDIGUL,Palm Oil (Packed),75.0
2013-10-01,THIRUCHIRAPALLI,Palm Oil (Packed),69.0
2013-10-01,HYDERABAD,Palm Oil (Packed),67.0
2013-10-03,PANAJI,Palm Oil (Packed),
2013-10-03,VISAKHAPATNAM,Palm Oil (Packed),
2013-10-03,BENGALURU,Palm Oil (Packed),71.0
2013-10-03,DHARWAD,Palm Oil (Packed),59.0
2013-10-03,T.PURAM,Palm Oil (Packed),75.0
2013-10-03,ERNAKULAM,Palm Oil (Packed),65.0
2013-10-03,KOZHIKODE,Palm Oil (Packed),65.0
2013-10-03,PUDUCHERRY,Palm Oil (Packed),63.0
2013-10-03,CHENNAI,Palm Oil (Packed),67.0
2013-10-03,DINDIGUL,Palm Oil (Packed),75.0
2013-10-03,THIRUCHIRAPALLI,Palm Oil (Packed),69.0
2013-10-03,HYDERABAD,Palm Oil (Packed),67.0
2013-10-04,PANAJI,Palm Oil (Packed),
2013-10-04,VISAKHAPATNAM,Palm Oil (Packed),
2013-10-04,BENGALURU,Palm Oil (Packed),
2013-10-04,DHARWAD,Palm Oil (Packed),
2013-10-04,T.PURAM,Palm Oil (Packed),75.0
2013-10-04,ERNAKULAM,Palm Oil (Packed),65.0
2013-10-04,KOZHIKODE,Palm Oil (Packed),65.0
2013-10-04,PUDUCHERRY,Palm Oil (Packed),63.0
2013-10-04,CHENNAI,Palm Oil (Packed),67.0
2013-10-04,DINDIGUL,Palm Oil (Packed),75.0
2013-10-04,THIRUCHIRAPALLI,Palm Oil (Packed),69.0
2013-10-04,HYDERABAD,Palm Oil (Packed),67.0
2013-10-07,PANAJI,Palm Oil (Packed),
2013-10-07,VISAKHAPATNAM,Palm Oil (Packed),
2013-10-07,BENGALURU,Palm Oil (Packed),71.0
2013-10-07,DHARWAD,Palm Oil (Packed),59.0
2013-10-07,T.PURAM,Palm Oil (Packed),75.0
2013-10-07,ERNAKULAM,Palm Oil (Packed),65.0
2013-10-07,KOZHIKODE,Palm Oil (Packed),65.0
2013-10-07,PUDUCHERRY,Palm Oil (Packed),63.0
2013-10-07,CHENNAI,Palm Oil (Packed),67.0
2013-10-07,DINDIGUL,Palm Oil (Packed),75.0
2013-10-07,THIRUCHIRAPALLI,Palm Oil (Packed),69.0
2013-10-07,HYDERABAD,Palm Oil (Packed),67.0
2013-10-08,PANAJI,Palm Oil (Packed),
2013-10-08,VISAKHAPATNAM,Palm Oil (Packed),
2013-10-08,BENGALURU,Palm Oil (Packed),71.0
2013-10-08,DHARWAD,Palm Oil (Packed),59.0
2013-10-08,T.PURAM,Palm Oil (Packed),79.0
2013-10-08,ERNAKULAM,Palm Oil (Packed),65.0
2013-10-08,KOZHIKODE,Palm Oil (Packed),65.0
2013-10-08,PUDUCHERRY,Palm Oil (Packed),63.0
2013-10-08,CHENNAI,Palm Oil (Packed),67.0
2013-10-08,DINDIGUL,Palm Oil (Packed),75.0
2013-10-08,THIRUCHIRAPALLI,Palm Oil (Packed),69.0
2013-10-08,HYDERABAD,Palm Oil (Packed),67.0
2013-10-09,PANAJI,Palm Oil (Packed),
2013-10-09,VISAKHAPATNAM,Palm Oil (Packed),
2013-10-09,BENGALURU,Palm Oil (Packed),71.0
2013-10-09,DHARWAD,Palm Oil (Packed),59.0
2013-10-09,T.PURAM,Palm Oil (Packed),79.0
2013-10-09,ERNAKULAM,Palm Oil (Packed),65.0
2013-10-09,KOZHIKODE,Palm Oil (Packed),65.0
2013-10-09,PUDUCHERRY,Palm Oil (Packed),62.0
2013-10-09,CHENNAI,Palm Oil (Packed),65.0
2013-10-09,DINDIGUL,Palm Oil (Packed),75.0
2013-10-09,THIRUCHIRAPALLI,Palm Oil (Packed),68.0
2013-10-09,HYDERABAD,Palm Oil (Packed),67.0
2013-10-10,PANAJI,Palm Oil (Packed),
2013-10-10,VISAKHAPATNAM,Palm Oil (Packed),
2013-10-10,BENGALURU,Palm Oil (Packed),71.0
2013-10-10,DHARWAD,Palm Oil (Packed),59.0
2013-10-10,T.PURAM,Palm Oil (Packed),79.0
2013-10-10,ERNAKULAM,Palm Oil (Packed),65.0
2013-10-10,KOZHIKODE,Palm Oil (Packed),65.0
2013-10-10,PUDUCHERRY,Palm Oil (Packed),62.0
2013-10-10,CHENNAI,Palm Oil (Packed),67.0
2013-10-10,DINDIGUL,Palm Oil (Packed),75.0
2013-10-10,THIRUCHIRAPALLI,Palm Oil (Packed),68.0
2013-10-10,HYDERABAD,Palm Oil (Packed),67.0
2013-10-11,PANAJI,Palm Oil (Packed),
2013-10-11,VISAKHAPATNAM,Palm Oil (Packed),
2013-10-11,BENGALURU,Palm Oil (Packed),
2013-10-11,DHARWAD,Palm Oil (Packed),
2013-10-11,T.PURAM,Palm Oil (Packed),79.0
2013-10-11,ERNAKULAM,Palm Oil (Packed),65.0
2013-10-11,KOZHIKODE,Palm Oil (Packed),65.0
2013-10-11,PUDUCHERRY,Palm Oil (Packed),62.0
2013-10-11,CHENNAI,Palm Oil (Packed),67.0
2013-10-11,DINDIGUL,Palm Oil (Packed),75.0
2013-10-11,THIRUCHIRAPALLI,Palm Oil (Packed),68.0
2013-10-11,HYDERABAD,Palm Oil (Packed),67.0
2013-10-14,PANAJI,Palm Oil (Packed),
2013-10-14,VISAKHAPATNAM,Palm Oil (Packed),
2013-10-14,BENGALURU,Palm Oil (Packed),
2013-10-14,DHARWAD,Palm Oil (Packed),
2013-10-14,T.PURAM,Palm Oil (Packed),
2013-10-14,ERNAKULAM,Palm Oil (Packed),
2013-10-14,KOZHIKODE,Palm Oil (Packed),
2013-10-14,PUDUCHERRY,Palm Oil (Packed),62.0
2013-10-14,CHENNAI,Palm Oil (Packed),
2013-10-14,DINDIGUL,Palm Oil (Packed),
2013-10-14,THIRUCHIRAPALLI,Palm Oil (Packed),
2013-10-14,HYDERABAD,Palm Oil (Packed),
2013-10-15,PANAJI,Palm Oil (Packed),
2013-10-15,VISAKHAPATNAM,Palm Oil (Packed),
2013-10-15,BENGALURU,Palm Oil (Packed),71.0
2013-10-15,DHARWAD,Palm Oil (Packed),59.0
2013-10-15,T.PURAM,Palm Oil (Packed),79.0
2013-10-15,ERNAKULAM,Palm Oil (Packed),65.0
2013-10-15,KOZHIKODE,Palm Oil (Packed),65.0
2013-10-15,PUDUCHERRY,Palm Oil (Packed),62.0
2013-10-15,CHENNAI,Palm Oil (Packed),67.0
2013-10-15,DINDIGUL,Palm Oil (Packed),75.0
2013-10-15,THIRUCHIRAPALLI,Palm Oil (Packed),68.0
2013-10-15,HYDERABAD,Palm Oil (Packed),67.0
2013-10-17,PANAJI,Palm Oil (Packed),
2013-10-17,VISAKHAPATNAM,Palm Oil (Packed),
2013-10-17,BENGALURU,Palm Oil (Packed),71.0
2013-10-17,DHARWAD,Palm Oil (Packed),59.0
2013-10-17,T.PURAM,Palm Oil (Packed),
2013-10-17,ERNAKULAM,Palm Oil (Packed),
2013-10-17,KOZHIKODE,Palm Oil (Packed),
2013-10-17,PUDUCHERRY,Palm Oil (Packed),62.0
2013-10-17,CHENNAI,Palm Oil (Packed),67.0
2013-10-17,DINDIGUL,Palm Oil (Packed),75.0
2013-10-17,THIRUCHIRAPALLI,Palm Oil (Packed),68.0
2013-10-17,HYDERABAD,Palm Oil (Packed),67.0
2013-10-18,PANAJI,Palm Oil (Packed),
2013-10-18,VISAKHAPATNAM,Palm Oil (Packed),
2013-10-18,BENGALURU,Palm Oil (Packed),
2013-10-18,DHARWAD,Palm Oil (Packed),
2013-10-18,T.PURAM,Palm Oil (Packed),79.0
2013-10-18,ERNAKULAM,Palm Oil (Packed),65.0
2013-10-18,KOZHIKODE,Palm Oil (Packed),65.0
2013-10-18,PUDUCHERRY,Palm Oil (Packed),62.0
2013-10-18,CHENNAI,Palm Oil (Packed),67.0
2013-10-18,DINDIGUL,Palm Oil (Packed),75.0
2013-10-18,THIRUCHIRAPALLI,Palm Oil (Packed),67.0
2013-10-18,HYDERABAD,Palm Oil (Packed),67.0
2013-10-21,PANAJI,Palm Oil (Packed),
2013-10-21,VISAKHAPATNAM,Palm Oil (Packed),
2013-10-21,BENGALURU,Palm Oil (Packed),71.0
2013-10-21,DHARWAD,Palm Oil (Packed),59.0
2013-10-21,T.PURAM,Palm Oil (Packed),77.0
2013-10-21,ERNAKULAM,Palm Oil (Packed),65.0
2013-10-21,KOZHIKODE,Palm Oil (Packed),65.0
2013-10-21,PUDUCHERRY,Palm Oil (Packed),64.0
2013-10-21,CHENNAI,Palm Oil (Packed),67.0
2013-10-21,DINDIGUL,Palm Oil (Packed),75.0
2013-10-21,THIRUCHIRAPALLI,Palm Oil (Packed),67.0
2013-10-21,HYDERABAD,Palm Oil (Packed),67.0
2013-10-22,PANAJI,Palm Oil (Packed),
2013-10-22,VISAKHAPATNAM,Palm Oil (Packed),60.0
2013-10-22,BENGALURU,Palm Oil (Packed),71.0
2013-10-22,DHARWAD,Palm Oil (Packed),59.0
2013-10-22,T.PURAM,Palm Oil (Packed),75.0
2013-10-22,ERNAKULAM,Palm Oil (Packed),65.0
2013-10-22,KOZHIKODE,Palm Oil (Packed),65.0
2013-10-22,PUDUCHERRY,Palm Oil (Packed),64.0
2013-10-22,CHENNAI,Palm Oil (Packed),67.0
2013-10-22,DINDIGUL,Palm Oil (Packed),75.0
2013-10-22,THIRUCHIRAPALLI,Palm Oil (Packed),67.0
2013-10-22,HYDERABAD,Palm Oil (Packed),67.0
2013-10-23,PANAJI,Palm Oil (Packed),
2013-10-23,VISAKHAPATNAM,Palm Oil (Packed),60.0
2013-10-23,BENGALURU,Palm Oil (Packed),71.0
2013-10-23,DHARWAD,Palm Oil (Packed),59.0
2013-10-23,T.PURAM,Palm Oil (Packed),75.0
2013-10-23,ERNAKULAM,Palm Oil (Packed),65.0
2013-10-23,KOZHIKODE,Palm Oil (Packed),65.0
2013-10-23,PUDUCHERRY,Palm Oil (Packed),64.0
2013-10-23,CHENNAI,Palm Oil (Packed),67.0
2013-10-23,DINDIGUL,Palm Oil (Packed),75.0
2013-10-23,THIRUCHIRAPALLI,Palm Oil (Packed),67.0
2013-10-23,HYDERABAD,Palm Oil (Packed),67.0
2013-10-24,PANAJI,Palm Oil (Packed),
2013-10-24,VISAKHAPATNAM,Palm Oil (Packed),60.0
2013-10-24,BENGALURU,Palm Oil (Packed),71.0
2013-10-24,DHARWAD,Palm Oil (Packed),59.0
2013-10-24,T.PURAM,Palm Oil (Packed),75.0
2013-10-24,ERNAKULAM,Palm Oil (Packed),65.0
2013-10-24,KOZHIKODE,Palm Oil (Packed),65.0
2013-10-24,PUDUCHERRY,Palm Oil (Packed),65.0
2013-10-24,CHENNAI,Palm Oil (Packed),67.0
2013-10-24,DINDIGUL,Palm Oil (Packed),75.0
2013-10-24,THIRUCHIRAPALLI,Palm Oil (Packed),67.0
2013-10-24,HYDERABAD,Palm Oil (Packed),67.0
2013-10-25,PANAJI,Palm Oil (Packed),
2013-10-25,VISAKHAPATNAM,Palm Oil (Packed),60.0
2013-10-25,BENGALURU,Palm Oil (Packed),67.0
2013-10-25,DHARWAD,Palm Oil (Packed),59.0
2013-10-25,T.PURAM,Palm Oil (Packed),75.0
2013-10-25,ERNAKULAM,Palm Oil (Packed),65.0
2013-10-25,KOZHIKODE,Palm Oil (Packed),65.0
2013-10-25,PUDUCHERRY,Palm Oil (Packed),
2013-10-25,CHENNAI,Palm Oil (Packed),67.0
2013-10-25,DINDIGUL,Palm Oil (Packed),75.0
2013-10-25,THIRUCHIRAPALLI,Palm Oil (Packed),67.0
2013-10-25,HYDERABAD,Palm Oil (Packed),67.0
2013-10-28,PANAJI,Palm Oil (Packed),
2013-10-28,VISAKHAPATNAM,Palm Oil (Packed),60.0
2013-10-28,BENGALURU,Palm Oil (Packed),67.0
2013-10-28,DHARWAD,Palm Oil (Packed),59.0
2013-10-28,T.PURAM,Palm Oil (Packed),75.0
2013-10-28,ERNAKULAM,Palm Oil (Packed),65.0
2013-10-28,KOZHIKODE,Palm Oil (Packed),68.0
2013-10-28,PUDUCHERRY,Palm Oil (Packed),66.0
2013-10-28,CHENNAI,Palm Oil (Packed),67.0
2013-10-28,DINDIGUL,Palm Oil (Packed),75.0
2013-10-28,THIRUCHIRAPALLI,Palm Oil (Packed),67.0
2013-10-28,HYDERABAD,Palm Oil (Packed),67.0
2013-10-29,PANAJI,Palm Oil (Packed),
2013-10-29,VISAKHAPATNAM,Palm Oil (Packed),60.0
2013-10-29,BENGALURU,Palm Oil (Packed),67.0
2013-10-29,DHARWAD,Palm Oil (Packed),59.0
2013-10-29,T.PURAM,Palm Oil (Packed),75.0
2013-10-29,ERNAKULAM,Palm Oil (Packed),65.0
2013-10-29,KOZHIKODE,Palm Oil (Packed),68.0
2013-10-29,PUDUCHERRY,Palm Oil (Packed),66.0
2013-10-29,CHENNAI,Palm Oil (Packed),67.0
2013-10-29,DINDIGUL,Palm Oil (Packed),75.0
2013-10-29,THIRUCHIRAPALLI,Palm Oil (Packed),67.0
2013-10-29,HYDERABAD,Palm Oil (Packed),67.0
2013-10-30,PANAJI,Palm Oil (Packed),
2013-10-30,VISAKHAPATNAM,Palm Oil (Packed),60.0
2013-10-30,BENGALURU,Palm Oil (Packed),67.0
2013-10-30,DHARWAD,Palm Oil (Packed),59.0
2013-10-30,T.PURAM,Palm Oil (Packed),75.0
2013-10-30,ERNAKULAM,Palm Oil (Packed),65.0
2013-10-30,KOZHIKODE,Palm Oil (Packed),68.0
2013-10-30,PUDUCHERRY,Palm Oil (Packed),66.0
2013-10-30,CHENNAI,Palm Oil (Packed),67.0
2013-10-30,DINDIGUL,Palm Oil (Packed),75.0
2013-10-30,THIRUCHIRAPALLI,Palm Oil (Packed),67.0
2013-10-30,HYDERABAD,Palm Oil (Packed),67.0
2013-10-31,PANAJI,Palm Oil (Packed),
2013-10-31,VISAKHAPATNAM,Palm Oil (Packed),60.0
2013-10-31,BENGALURU,Palm Oil (Packed),67.0
2013-10-31,DHARWAD,Palm Oil (Packed),59.0
2013-10-31,T.PURAM,Palm Oil (Packed),75.0
2013-10-31,ERNAKULAM,Palm Oil (Packed),65.0
2013-10-31,KOZHIKODE,Palm Oil (Packed),68.0
2013-10-31,PUDUCHERRY,Palm Oil (Packed),66.0
2013-10-31,CHENNAI,Palm Oil (Packed),67.0
2013-10-31,DINDIGUL,Palm Oil (Packed),75.0
2013-10-31,THIRUCHIRAPALLI,Palm Oil (Packed),67.0
2013-10-31,HYDERABAD,Palm Oil (Packed),67.0
2013-11-01,PANAJI,Palm Oil (Packed),
2013-11-01,VISAKHAPATNAM,Palm Oil (Packed),60.0
2013-11-01,BENGALURU,Palm Oil (Packed),
2013-11-01,DHARWAD,Palm Oil (Packed),
2013-11-01,T.PURAM,Palm Oil (Packed),75.0
2013-11-01,ERNAKULAM,Palm Oil (Packed),65.0
2013-11-01,KOZHIKODE,Palm Oil (Packed),68.0
2013-11-01,PUDUCHERRY,Palm Oil (Packed),66.0
2013-11-01,CHENNAI,Palm Oil (Packed),67.0
2013-11-01,DINDIGUL,Palm Oil (Packed),75.0
2013-11-01,THIRUCHIRAPALLI,Palm Oil (Packed),67.0
2013-11-01,HYDERABAD,Palm Oil (Packed),67.0
2013-11-04,PANAJI,Palm Oil (Packed),
2013-11-04,VISAKHAPATNAM,Palm Oil (Packed),60.0
2013-11-04,BENGALURU,Palm Oil (Packed),
2013-11-04,DHARWAD,Palm Oil (Packed),
2013-11-04,T.PURAM,Palm Oil (Packed),75.0
2013-11-04,ERNAKULAM,Palm Oil (Packed),65.0
2013-11-04,KOZHIKODE,Palm Oil (Packed),68.0
2013-11-04,PUDUCHERRY,Palm Oil (Packed),66.0
2013-11-04,CHENNAI,Palm Oil (Packed),67.0
2013-11-04,DINDIGUL,Palm Oil (Packed),75.0
2013-11-04,THIRUCHIRAPALLI,Palm Oil (Packed),67.0
2013-11-04,HYDERABAD,Palm Oil (Packed),67.0
2013-11-05,PANAJI,Palm Oil (Packed),
2013-11-05,VISAKHAPATNAM,Palm Oil (Packed),60.0
2013-11-05,BENGALURU,Palm Oil (Packed),67.0
2013-11-05,DHARWAD,Palm Oil (Packed),59.0
2013-11-05,T.PURAM,Palm Oil (Packed),75.0
2013-11-05,ERNAKULAM,Palm Oil (Packed),65.0
2013-11-05,KOZHIKODE,Palm Oil (Packed),69.0
2013-11-05,PUDUCHERRY,Palm Oil (Packed),66.0
2013-11-05,CHENNAI,Palm Oil (Packed),66.0
2013-11-05,DINDIGUL,Palm Oil (Packed),75.0
2013-11-05,THIRUCHIRAPALLI,Palm Oil (Packed),67.0
2013-11-05,HYDERABAD,Palm Oil (Packed),67.0
2013-11-06,PANAJI,Palm Oil (Packed),
2013-11-06,VISAKHAPATNAM,Palm Oil (Packed),60.0
2013-11-06,BENGALURU,Palm Oil (Packed),67.0
2013-11-06,DHARWAD,Palm Oil (Packed),59.0
2013-11-06,T.PURAM,Palm Oil (Packed),75.0
2013-11-06,ERNAKULAM,Palm Oil (Packed),65.0
2013-11-06,KOZHIKODE,Palm Oil (Packed),69.0
2013-11-06,PUDUCHERRY,Palm Oil (Packed),67.0
2013-11-06,CHENNAI,Palm Oil (Packed),71.0
2013-11-06,DINDIGUL,Palm Oil (Packed),75.0
2013-11-06,THIRUCHIRAPALLI,Palm Oil (Packed),67.0
2013-11-06,HYDERABAD,Palm Oil (Packed),67.0
2013-11-07,PANAJI,Palm Oil (Packed),
2013-11-07,VISAKHAPATNAM,Palm Oil (Packed),60.0
2013-11-07,BENGALURU,Palm Oil (Packed),67.0
2013-11-07,DHARWAD,Palm Oil (Packed),59.0
2013-11-07,T.PURAM,Palm Oil (Packed),75.0
2013-11-07,ERNAKULAM,Palm Oil (Packed),65.0
2013-11-07,KOZHIKODE,Palm Oil (Packed),69.0
2013-11-07,PUDUCHERRY,Palm Oil (Packed),67.0
2013-11-07,CHENNAI,Palm Oil (Packed),71.0
2013-11-07,DINDIGUL,Palm Oil (Packed),75.0
2013-11-07,THIRUCHIRAPALLI,Palm Oil (Packed),68.0
2013-11-07,HYDERABAD,Palm Oil (Packed),67.0
2013-11-08,PANAJI,Palm Oil (Packed),
2013-11-08,VISAKHAPATNAM,Palm Oil (Packed),60.0
2013-11-08,BENGALURU,Palm Oil (Packed),69.0
2013-11-08,DHARWAD,Palm Oil (Packed),59.0
2013-11-08,T.PURAM,Palm Oil (Packed),75.0
2013-11-08,ERNAKULAM,Palm Oil (Packed),65.0
2013-11-08,KOZHIKODE,Palm Oil (Packed),69.0
2013-11-08,PUDUCHERRY,Palm Oil (Packed),67.0
2013-11-08,CHENNAI,Palm Oil (Packed),71.0
2013-11-08,DINDIGUL,Palm Oil (Packed),75.0
2013-11-08,THIRUCHIRAPALLI,Palm Oil (Packed),68.0
2013-11-08,HYDERABAD,Palm Oil (Packed),67.0
2013-11-11,PANAJI,Palm Oil (Packed),
2013-11-11,VISAKHAPATNAM,Palm Oil (Packed),60.0
2013-11-11,BENGALURU,Palm Oil (Packed),
2013-11-11,DHARWAD,Palm Oil (Packed),
2013-11-11,T.PURAM,Palm Oil (Packed),75.0
2013-11-11,ERNAKULAM,Palm Oil (Packed),65.0
2013-11-11,KOZHIKODE,Palm Oil (Packed),69.0
2013-11-11,PUDUCHERRY,Palm Oil (Packed),67.0
2013-11-11,CHENNAI,Palm Oil (Packed),71.0
2013-11-11,DINDIGUL,Palm Oil (Packed),75.0
2013-11-11,THIRUCHIRAPALLI,Palm Oil (Packed),68.0
2013-11-11,HYDERABAD,Palm Oil (Packed),67.0
2013-11-12,PANAJI,Palm Oil (Packed),73.0
2013-11-12,VISAKHAPATNAM,Palm Oil (Packed),60.0
2013-11-12,BENGALURU,Palm Oil (Packed),69.0
2013-11-12,DHARWAD,Palm Oil (Packed),59.0
2013-11-12,T.PURAM,Palm Oil (Packed),75.0
2013-11-12,ERNAKULAM,Palm Oil (Packed),65.0
2013-11-12,KOZHIKODE,Palm Oil (Packed),69.0
2013-11-12,PUDUCHERRY,Palm Oil (Packed),67.0
2013-11-12,CHENNAI,Palm Oil (Packed),71.0
2013-11-12,DINDIGUL,Palm Oil (Packed),75.0
2013-11-12,THIRUCHIRAPALLI,Palm Oil (Packed),69.0
2013-11-12,HYDERABAD,Palm Oil (Packed),67.0
2013-11-13,PANAJI,Palm Oil (Packed),
2013-11-13,VISAKHAPATNAM,Palm Oil (Packed),60.0
2013-11-13,BENGALURU,Palm Oil (Packed),69.0
2013-11-13,DHARWAD,Palm Oil (Packed),59.0
2013-11-13,T.PURAM,Palm Oil (Packed),75.0
2013-11-13,ERNAKULAM,Palm Oil (Packed),
2013-11-13,KOZHIKODE,Palm Oil (Packed),69.0
2013-11-13,PUDUCHERRY,Palm Oil (Packed),67.0
2013-11-13,CHENNAI,Palm Oil (Packed),71.0
2013-11-13,DINDIGUL,Palm Oil (Packed),75.0
2013-11-13,THIRUCHIRAPALLI,Palm Oil (Packed),69.0
2013-11-13,HYDERABAD,Palm Oil (Packed),67.0
2013-11-14,PANAJI,Palm Oil (Packed),
2013-11-14,VISAKHAPATNAM,Palm Oil (Packed),60.0
2013-11-14,BENGALURU,Palm Oil (Packed),69.0
2013-11-14,DHARWAD,Palm Oil (Packed),59.0
2013-11-14,T.PURAM,Palm Oil (Packed),
2013-11-14,ERNAKULAM,Palm Oil (Packed),
2013-11-14,KOZHIKODE,Palm Oil (Packed),
2013-11-14,PUDUCHERRY,Palm Oil (Packed),67.0
2013-11-14,CHENNAI,Palm Oil (Packed),71.0
2013-11-14,DINDIGUL,Palm Oil (Packed),75.0
2013-11-14,THIRUCHIRAPALLI,Palm Oil (Packed),69.0
2013-11-14,HYDERABAD,Palm Oil (Packed),67.0
2013-11-18,PANAJI,Palm Oil (Packed),
2013-11-18,VISAKHAPATNAM,Palm Oil (Packed),60.0
2013-11-18,BENGALURU,Palm Oil (Packed),69.0
2013-11-18,DHARWAD,Palm Oil (Packed),59.0
2013-11-18,T.PURAM,Palm Oil (Packed),
2013-11-18,ERNAKULAM,Palm Oil (Packed),
2013-11-18,KOZHIKODE,Palm Oil (Packed),
2013-11-18,PUDUCHERRY,Palm Oil (Packed),68.0
2013-11-18,CHENNAI,Palm Oil (Packed),71.0
2013-11-18,DINDIGUL,Palm Oil (Packed),75.0
2013-11-18,THIRUCHIRAPALLI,Palm Oil (Packed),69.0
2013-11-18,HYDERABAD,Palm Oil (Packed),67.0
2013-11-19,PANAJI,Palm Oil (Packed),
2013-11-19,VISAKHAPATNAM,Palm Oil (Packed),60.0
2013-11-19,BENGALURU,Palm Oil (Packed),69.0
2013-11-19,DHARWAD,Palm Oil (Packed),59.0
2013-11-19,T.PURAM,Palm Oil (Packed),75.0
2013-11-19,ERNAKULAM,Palm Oil (Packed),65.0
2013-11-19,KOZHIKODE,Palm Oil (Packed),69.0
2013-11-19,PUDUCHERRY,Palm Oil (Packed),68.0
2013-11-19,CHENNAI,Palm Oil (Packed),71.0
2013-11-19,DINDIGUL,Palm Oil (Packed),75.0
2013-11-19,THIRUCHIRAPALLI,Palm Oil (Packed),69.0
2013-11-19,HYDERABAD,Palm Oil (Packed),67.0
2013-11-20,PANAJI,Palm Oil (Packed),
2013-11-20,VISAKHAPATNAM,Palm Oil (Packed),60.0
2013-11-20,BENGALURU,Palm Oil (Packed),
2013-11-20,DHARWAD,Palm Oil (Packed),
2013-11-20,T.PURAM,Palm Oil (Packed),75.0
2013-11-20,ERNAKULAM,Palm Oil (Packed),65.0
2013-11-20,KOZHIKODE,Palm Oil (Packed),69.0
2013-11-20,PUDUCHERRY,Palm Oil (Packed),68.0
2013-11-20,CHENNAI,Palm Oil (Packed),71.0
2013-11-20,DINDIGUL,Palm Oil (Packed),76.0
2013-11-20,THIRUCHIRAPALLI,Palm Oil (Packed),69.0
2013-11-20,HYDERABAD,Palm Oil (Packed),67.0
2013-11-21,PANAJI,Palm Oil (Packed),
2013-11-21,VISAKHAPATNAM,Palm Oil (Packed),62.0
2013-11-21,BENGALURU,Palm Oil (Packed),69.0
2013-11-21,DHARWAD,Palm Oil (Packed),59.0
2013-11-21,T.PURAM,Palm Oil (Packed),75.0
2013-11-21,ERNAKULAM,Palm Oil (Packed),65.0
2013-11-21,KOZHIKODE,Palm Oil (Packed),69.0
2013-11-21,PUDUCHERRY,Palm Oil (Packed),68.0
2013-11-21,CHENNAI,Palm Oil (Packed),71.0
2013-11-21,DINDIGUL,Palm Oil (Packed),77.0
2013-11-21,THIRUCHIRAPALLI,Palm Oil (Packed),70.0
2013-11-21,HYDERABAD,Palm Oil (Packed),67.0
2013-11-22,PANAJI,Palm Oil (Packed),
2013-11-22,VISAKHAPATNAM,Palm Oil (Packed),62.0
2013-11-22,BENGALURU,Palm Oil (Packed),69.0
2013-11-22,DHARWAD,Palm Oil (Packed),59.0
2013-11-22,T.PURAM,Palm Oil (Packed),75.0
2013-11-22,ERNAKULAM,Palm Oil (Packed),65.0
2013-11-22,KOZHIKODE,Palm Oil (Packed),69.0
2013-11-22,PUDUCHERRY,Palm Oil (Packed),68.0
2013-11-22,CHENNAI,Palm Oil (Packed),71.0
2013-11-22,DINDIGUL,Palm Oil (Packed),77.0
2013-11-22,THIRUCHIRAPALLI,Palm Oil (Packed),70.0
2013-11-22,HYDERABAD,Palm Oil (Packed),67.0
2013-11-25,PANAJI,Palm Oil (Packed),76.0
2013-11-25,VISAKHAPATNAM,Palm Oil (Packed),64.0
2013-11-25,BENGALURU,Palm Oil (Packed),69.0
2013-11-25,DHARWAD,Palm Oil (Packed),59.0
2013-11-25,T.PURAM,Palm Oil (Packed),79.0
2013-11-25,ERNAKULAM,Palm Oil (Packed),65.0
2013-11-25,KOZHIKODE,Palm Oil (Packed),69.0
2013-11-25,PUDUCHERRY,Palm Oil (Packed),68.0
2013-11-25,CHENNAI,Palm Oil (Packed),70.0
2013-11-25,DINDIGUL,Palm Oil (Packed),77.0
2013-11-25,THIRUCHIRAPALLI,Palm Oil (Packed),70.0
2013-11-25,HYDERABAD,Palm Oil (Packed),67.0
2013-11-26,PANAJI,Palm Oil (Packed),76.0
2013-11-26,VISAKHAPATNAM,Palm Oil (Packed),64.0
2013-11-26,BENGALURU,Palm Oil (Packed),70.0
2013-11-26,DHARWAD,Palm Oil (Packed),59.0
2013-11-26,T.PURAM,Palm Oil (Packed),85.0
2013-11-26,ERNAKULAM,Palm Oil (Packed),65.0
2013-11-26,KOZHIKODE,Palm Oil (Packed),69.0
2013-11-26,PUDUCHERRY,Palm Oil (Packed),68.0
2013-11-26,CHENNAI,Palm Oil (Packed),70.0
2013-11-26,DINDIGUL,Palm Oil (Packed),77.0
2013-11-26,THIRUCHIRAPALLI,Palm Oil (Packed),70.0
2013-11-26,HYDERABAD,Palm Oil (Packed),67.0
2013-11-27,PANAJI,Palm Oil (Packed),76.0
2013-11-27,VISAKHAPATNAM,Palm Oil (Packed),64.0
2013-11-27,BENGALURU,Palm Oil (Packed),70.0
2013-11-27,DHARWAD,Palm Oil (Packed),59.0
2013-11-27,T.PURAM,Palm Oil (Packed),85.0
2013-11-27,ERNAKULAM,Palm Oil (Packed),65.0
2013-11-27,KOZHIKODE,Palm Oil (Packed),69.0
2013-11-27,PUDUCHERRY,Palm Oil (Packed),68.0
2013-11-27,CHENNAI,Palm Oil (Packed),70.0
2013-11-27,DINDIGUL,Palm Oil (Packed),77.0
2013-11-27,THIRUCHIRAPALLI,Palm Oil (Packed),70.0
2013-11-27,HYDERABAD,Palm Oil (Packed),67.0
2013-11-28,PANAJI,Palm Oil (Packed),76.0
2013-11-28,VISAKHAPATNAM,Palm Oil (Packed),66.0
2013-11-28,BENGALURU,Palm Oil (Packed),70.0
2013-11-28,DHARWAD,Palm Oil (Packed),59.0
2013-11-28,T.PURAM,Palm Oil (Packed),85.0
2013-11-28,ERNAKULAM,Palm Oil (Packed),65.0
2013-11-28,KOZHIKODE,Palm Oil (Packed),69.0
2013-11-28,PUDUCHERRY,Palm Oil (Packed),68.0
2013-11-28,CHENNAI,Palm Oil (Packed),70.0
2013-11-28,DINDIGUL,Palm Oil (Packed),77.0
2013-11-28,THIRUCHIRAPALLI,Palm Oil (Packed),70.0
2013-11-28,HYDERABAD,Palm Oil (Packed),67.0
2013-11-29,PANAJI,Palm Oil (Packed),76.0
2013-11-29,VISAKHAPATNAM,Palm Oil (Packed),66.0
2013-11-29,BENGALURU,Palm Oil (Packed),70.0
2013-11-29,DHARWAD,Palm Oil (Packed),59.0
2013-11-29,T.PURAM,Palm Oil (Packed),85.0
2013-11-29,ERNAKULAM,Palm Oil (Packed),65.0
2013-11-29,KOZHIKODE,Palm Oil (Packed),69.0
2013-11-29,PUDUCHERRY,Palm Oil (Packed),68.0
2013-11-29,CHENNAI,Palm Oil (Packed),
2013-11-29,DINDIGUL,Palm Oil (Packed),77.0
2013-11-29,THIRUCHIRAPALLI,Palm Oil (Packed),71.0
2013-11-29,HYDERABAD,Palm Oil (Packed),67.0
2013-12-02,PANAJI,Palm Oil (Packed),76.0
2013-12-02,VISAKHAPATNAM,Palm Oil (Packed),66.0
2013-12-02,BENGALURU,Palm Oil (Packed),70.0
2013-12-02,DHARWAD,Palm Oil (Packed),59.0
2013-12-02,T.PURAM,Palm Oil (Packed),85.0
2013-12-02,ERNAKULAM,Palm Oil (Packed),65.0
2013-12-02,KOZHIKODE,Palm Oil (Packed),69.0
2013-12-02,PUDUCHERRY,Palm Oil (Packed),68.0
2013-12-02,CHENNAI,Palm Oil (Packed),70.0
2013-12-02,DINDIGUL,Palm Oil (Packed),77.0
2013-12-02,THIRUCHIRAPALLI,Palm Oil (Packed),71.0
2013-12-02,HYDERABAD,Palm Oil (Packed),67.0
2013-12-03,PANAJI,Palm Oil (Packed),
2013-12-03,VISAKHAPATNAM,Palm Oil (Packed),67.0
2013-12-03,BENGALURU,Palm Oil (Packed),71.0
2013-12-03,DHARWAD,Palm Oil (Packed),59.0
2013-12-03,T.PURAM,Palm Oil (Packed),
2013-12-03,ERNAKULAM,Palm Oil (Packed),65.0
2013-12-03,KOZHIKODE,Palm Oil (Packed),69.0
2013-12-03,PUDUCHERRY,Palm Oil (Packed),68.0
2013-12-03,CHENNAI,Palm Oil (Packed),70.0
2013-12-03,DINDIGUL,Palm Oil (Packed),77.0
2013-12-03,THIRUCHIRAPALLI,Palm Oil (Packed),71.0
2013-12-03,HYDERABAD,Palm Oil (Packed),67.0
2013-12-05,PANAJI,Palm Oil (Packed),75.0
2013-12-05,VISAKHAPATNAM,Palm Oil (Packed),67.0
2013-12-05,BENGALURU,Palm Oil (Packed),
2013-12-05,DHARWAD,Palm Oil (Packed),
2013-12-05,T.PURAM,Palm Oil (Packed),75.0
2013-12-05,ERNAKULAM,Palm Oil (Packed),65.0
2013-12-05,KOZHIKODE,Palm Oil (Packed),69.0
2013-12-05,PUDUCHERRY,Palm Oil (Packed),68.0
2013-12-05,CHENNAI,Palm Oil (Packed),70.0
2013-12-05,DINDIGUL,Palm Oil (Packed),77.0
2013-12-05,THIRUCHIRAPALLI,Palm Oil (Packed),70.0
2013-12-05,HYDERABAD,Palm Oil (Packed),67.0
2013-12-06,PANAJI,Palm Oil (Packed),75.0
2013-12-06,VISAKHAPATNAM,Palm Oil (Packed),67.0
2013-12-06,BENGALURU,Palm Oil (Packed),71.0
2013-12-06,DHARWAD,Palm Oil (Packed),61.0
2013-12-06,T.PURAM,Palm Oil (Packed),75.0
2013-12-06,ERNAKULAM,Palm Oil (Packed),65.0
2013-12-06,KOZHIKODE,Palm Oil (Packed),69.0
2013-12-06,PUDUCHERRY,Palm Oil (Packed),68.0
2013-12-06,CHENNAI,Palm Oil (Packed),70.0
2013-12-06,DINDIGUL,Palm Oil (Packed),77.0
2013-12-06,THIRUCHIRAPALLI,Palm Oil (Packed),70.0
2013-12-06,HYDERABAD,Palm Oil (Packed),67.0
2013-12-09,PANAJI,Palm Oil (Packed),74.0
2013-12-09,VISAKHAPATNAM,Palm Oil (Packed),67.0
2013-12-09,BENGALURU,Palm Oil (Packed),71.0
2013-12-09,DHARWAD,Palm Oil (Packed),59.0
2013-12-09,T.PURAM,Palm Oil (Packed),75.0
2013-12-09,ERNAKULAM,Palm Oil (Packed),65.0
2013-12-09,KOZHIKODE,Palm Oil (Packed),69.0
2013-12-09,PUDUCHERRY,Palm Oil (Packed),67.0
2013-12-09,CHENNAI,Palm Oil (Packed),70.0
2013-12-09,DINDIGUL,Palm Oil (Packed),77.0
2013-12-09,THIRUCHIRAPALLI,Palm Oil (Packed),70.0
2013-12-09,HYDERABAD,Palm Oil (Packed),67.0
2013-12-10,PANAJI,Palm Oil (Packed),74.0
2013-12-10,VISAKHAPATNAM,Palm Oil (Packed),67.0
2013-12-10,BENGALURU,Palm Oil (Packed),71.0
2013-12-10,DHARWAD,Palm Oil (Packed),59.0
2013-12-10,T.PURAM,Palm Oil (Packed),75.0
2013-12-10,ERNAKULAM,Palm Oil (Packed),65.0
2013-12-10,KOZHIKODE,Palm Oil (Packed),69.0
2013-12-10,PUDUCHERRY,Palm Oil (Packed),67.0
2013-12-10,CHENNAI,Palm Oil (Packed),70.0
2013-12-10,DINDIGUL,Palm Oil (Packed),77.0
2013-12-10,THIRUCHIRAPALLI,Palm Oil (Packed),70.0
2013-12-10,HYDERABAD,Palm Oil (Packed),67.0
2013-12-11,PANAJI,Palm Oil (Packed),74.0
2013-12-11,VISAKHAPATNAM,Palm Oil (Packed),67.0
2013-12-11,BENGALURU,Palm Oil (Packed),
2013-12-11,DHARWAD,Palm Oil (Packed),
2013-12-11,T.PURAM,Palm Oil (Packed),75.0
2013-12-11,ERNAKULAM,Palm Oil (Packed),65.0
2013-12-11,KOZHIKODE,Palm Oil (Packed),69.0
2013-12-11,PUDUCHERRY,Palm Oil (Packed),67.0
2013-12-11,CHENNAI,Palm Oil (Packed),70.0
2013-12-11,DINDIGUL,Palm Oil (Packed),77.0
2013-12-11,THIRUCHIRAPALLI,Palm Oil (Packed),70.0
2013-12-11,HYDERABAD,Palm Oil (Packed),67.0
2013-12-12,PANAJI,Palm Oil (Packed),74.0
2013-12-12,VISAKHAPATNAM,Palm Oil (Packed),67.0
2013-12-12,BENGALURU,Palm Oil (Packed),71.0
2013-12-12,DHARWAD,Palm Oil (Packed),59.0
2013-12-12,T.PURAM,Palm Oil (Packed),75.0
2013-12-12,ERNAKULAM,Palm Oil (Packed),65.0
2013-12-12,KOZHIKODE,Palm Oil (Packed),69.0
2013-12-12,PUDUCHERRY,Palm Oil (Packed),67.0
2013-12-12,CHENNAI,Palm Oil (Packed),70.0
2013-12-12,DINDIGUL,Palm Oil (Packed),77.0
2013-12-12,THIRUCHIRAPALLI,Palm Oil (Packed),70.0
2013-12-12,HYDERABAD,Palm Oil (Packed),67.0
2013-12-13,PANAJI,Palm Oil (Packed),74.0
2013-12-13,VISAKHAPATNAM,Palm Oil (Packed),67.0
2013-12-13,BENGALURU,Palm Oil (Packed),69.0
2013-12-13,DHARWAD,Palm Oil (Packed),59.0
2013-12-13,T.PURAM,Palm Oil (Packed),75.0
2013-12-13,ERNAKULAM,Palm Oil (Packed),65.0
2013-12-13,KOZHIKODE,Palm Oil (Packed),69.0
2013-12-13,PUDUCHERRY,Palm Oil (Packed),
2013-12-13,CHENNAI,Palm Oil (Packed),70.0
2013-12-13,DINDIGUL,Palm Oil (Packed),77.0
2013-12-13,THIRUCHIRAPALLI,Palm Oil (Packed),70.0
2013-12-13,HYDERABAD,Palm Oil (Packed),67.0
2013-12-16,PANAJI,Palm Oil (Packed),74.0
2013-12-16,VISAKHAPATNAM,Palm Oil (Packed),67.0
2013-12-16,BENGALURU,Palm Oil (Packed),69.0
2013-12-16,DHARWAD,Palm Oil (Packed),59.0
2013-12-16,T.PURAM,Palm Oil (Packed),
2013-12-16,ERNAKULAM,Palm Oil (Packed),
2013-12-16,KOZHIKODE,Palm Oil (Packed),
2013-12-16,PUDUCHERRY,Palm Oil (Packed),66.0
2013-12-16,CHENNAI,Palm Oil (Packed),70.0
2013-12-16,DINDIGUL,Palm Oil (Packed),77.0
2013-12-16,THIRUCHIRAPALLI,Palm Oil (Packed),70.0
2013-12-16,HYDERABAD,Palm Oil (Packed),67.0
2013-12-17,PANAJI,Palm Oil (Packed),74.0
2013-12-17,VISAKHAPATNAM,Palm Oil (Packed),67.0
2013-12-17,BENGALURU,Palm Oil (Packed),70.0
2013-12-17,DHARWAD,Palm Oil (Packed),59.0
2013-12-17,T.PURAM,Palm Oil (Packed),75.0
2013-12-17,ERNAKULAM,Palm Oil (Packed),65.0
2013-12-17,KOZHIKODE,Palm Oil (Packed),69.0
2013-12-17,PUDUCHERRY,Palm Oil (Packed),66.0
2013-12-17,CHENNAI,Palm Oil (Packed),70.0
2013-12-17,DINDIGUL,Palm Oil (Packed),77.0
2013-12-17,THIRUCHIRAPALLI,Palm Oil (Packed),70.0
2013-12-17,HYDERABAD,Palm Oil (Packed),67.0
2013-12-18,PANAJI,Palm Oil (Packed),74.0
2013-12-18,VISAKHAPATNAM,Palm Oil (Packed),67.0
2013-12-18,BENGALURU,Palm Oil (Packed),70.0
2013-12-18,DHARWAD,Palm Oil (Packed),59.0
2013-12-18,T.PURAM,Palm Oil (Packed),75.0
2013-12-18,ERNAKULAM,Palm Oil (Packed),65.0
2013-12-18,KOZHIKODE,Palm Oil (Packed),69.0
2013-12-18,PUDUCHERRY,Palm Oil (Packed),66.0
2013-12-18,CHENNAI,Palm Oil (Packed),70.0
2013-12-18,DINDIGUL,Palm Oil (Packed),77.0
2013-12-18,THIRUCHIRAPALLI,Palm Oil (Packed),70.0
2013-12-18,HYDERABAD,Palm Oil (Packed),67.0
2013-12-19,PANAJI,Palm Oil (Packed),
2013-12-19,VISAKHAPATNAM,Palm Oil (Packed),67.0
2013-12-19,BENGALURU,Palm Oil (Packed),70.0
2013-12-19,DHARWAD,Palm Oil (Packed),59.0
2013-12-19,T.PURAM,Palm Oil (Packed),75.0
2013-12-19,ERNAKULAM,Palm Oil (Packed),65.0
2013-12-19,KOZHIKODE,Palm Oil (Packed),69.0
2013-12-19,PUDUCHERRY,Palm Oil (Packed),66.0
2013-12-19,CHENNAI,Palm Oil (Packed),70.0
2013-12-19,DINDIGUL,Palm Oil (Packed),77.0
2013-12-19,THIRUCHIRAPALLI,Palm Oil (Packed),70.0
2013-12-19,HYDERABAD,Palm Oil (Packed),67.0
2013-12-20,PANAJI,Palm Oil (Packed),
2013-12-20,VISAKHAPATNAM,Palm Oil (Packed),67.0
2013-12-20,BENGALURU,Palm Oil (Packed),70.0
2013-12-20,DHARWAD,Palm Oil (Packed),59.0
2013-12-20,T.PURAM,Palm Oil (Packed),75.0
2013-12-20,ERNAKULAM,Palm Oil (Packed),65.0
2013-12-20,KOZHIKODE,Palm Oil (Packed),69.0
2013-12-20,PUDUCHERRY,Palm Oil (Packed),66.0
2013-12-20,CHENNAI,Palm Oil (Packed),70.0
2013-12-20,DINDIGUL,Palm Oil (Packed),77.0
2013-12-20,THIRUCHIRAPALLI,Palm Oil (Packed),70.0
2013-12-20,HYDERABAD,Palm Oil (Packed),67.0
2013-12-23,PANAJI,Palm Oil (Packed),75.0
2013-12-23,VISAKHAPATNAM,Palm Oil (Packed),66.0
2013-12-23,BENGALURU,Palm Oil (Packed),
2013-12-23,DHARWAD,Palm Oil (Packed),
2013-12-23,T.PURAM,Palm Oil (Packed),74.0
2013-12-23,ERNAKULAM,Palm Oil (Packed),65.0
2013-12-23,KOZHIKODE,Palm Oil (Packed),69.0
2013-12-23,PUDUCHERRY,Palm Oil (Packed),66.0
2013-12-23,CHENNAI,Palm Oil (Packed),70.0
2013-12-23,DINDIGUL,Palm Oil (Packed),77.0
2013-12-23,THIRUCHIRAPALLI,Palm Oil (Packed),70.0
2013-12-23,HYDERABAD,Palm Oil (Packed),67.0
2013-12-24,PANAJI,Palm Oil (Packed),75.0
2013-12-24,VISAKHAPATNAM,Palm Oil (Packed),66.0
2013-12-24,BENGALURU,Palm Oil (Packed),
2013-12-24,DHARWAD,Palm Oil (Packed),
2013-12-24,T.PURAM,Palm Oil (Packed),74.0
2013-12-24,ERNAKULAM,Palm Oil (Packed),65.0
2013-12-24,KOZHIKODE,Palm Oil (Packed),69.0
2013-12-24,PUDUCHERRY,Palm Oil (Packed),
2013-12-24,CHENNAI,Palm Oil (Packed),70.0
2013-12-24,DINDIGUL,Palm Oil (Packed),77.0
2013-12-24,THIRUCHIRAPALLI,Palm Oil (Packed),70.0
2013-12-24,HYDERABAD,Palm Oil (Packed),67.0
2013-12-26,PANAJI,Palm Oil (Packed),75.0
2013-12-26,VISAKHAPATNAM,Palm Oil (Packed),66.0
2013-12-26,BENGALURU,Palm Oil (Packed),70.0
2013-12-26,DHARWAD,Palm Oil (Packed),59.0
2013-12-26,T.PURAM,Palm Oil (Packed),74.0
2013-12-26,ERNAKULAM,Palm Oil (Packed),65.0
2013-12-26,KOZHIKODE,Palm Oil (Packed),69.0
2013-12-26,PUDUCHERRY,Palm Oil (Packed),66.0
2013-12-26,CHENNAI,Palm Oil (Packed),70.0
2013-12-26,DINDIGUL,Palm Oil (Packed),77.0
2013-12-26,THIRUCHIRAPALLI,Palm Oil (Packed),70.0
2013-12-26,HYDERABAD,Palm Oil (Packed),67.0
2013-12-27,PANAJI,Palm Oil (Packed),75.0
2013-12-27,VISAKHAPATNAM,Palm Oil (Packed),66.0
2013-12-27,BENGALURU,Palm Oil (Packed),70.0
2013-12-27,DHARWAD,Palm Oil (Packed),59.0
2013-12-27,T.PURAM,Palm Oil (Packed),75.0
2013-12-27,ERNAKULAM,Palm Oil (Packed),65.0
2013-12-27,KOZHIKODE,Palm Oil (Packed),69.0
2013-12-27,PUDUCHERRY,Palm Oil (Packed),66.0
2013-12-27,CHENNAI,Palm Oil (Packed),70.0
2013-12-27,DINDIGUL,Palm Oil (Packed),77.0
2013-12-27,THIRUCHIRAPALLI,Palm Oil (Packed),70.0
2013-12-27,HYDERABAD,Palm Oil (Packed),67.0
2013-12-30,PANAJI,Palm Oil (Packed),75.0
2013-12-30,VISAKHAPATNAM,Palm Oil (Packed),66.0
2013-12-30,BENGALURU,Palm Oil (Packed),70.0
2013-12-30,DHARWAD,Palm Oil (Packed),59.0
2013-12-30,T.PURAM,Palm Oil (Packed),75.0
2013-12-30,ERNAKULAM,Palm Oil (Packed),65.0
2013-12-30,KOZHIKODE,Palm Oil (Packed),69.0
2013-12-30,PUDUCHERRY,Palm Oil (Packed),66.0
2013-12-30,CHENNAI,Palm Oil (Packed),70.0
2013-12-30,DINDIGUL,Palm Oil (Packed),77.0
2013-12-30,THIRUCHIRAPALLI,Palm Oil (Packed),70.0
2013-12-30,HYDERABAD,Palm Oil (Packed),67.0
2013-12-31,PANAJI,Palm Oil (Packed),75.0
2013-12-31,VISAKHAPATNAM,Palm Oil (Packed),66.0
2013-12-31,BENGALURU,Palm Oil (Packed),70.0
2013-12-31,DHARWAD,Palm Oil (Packed),59.0
2013-12-31,T.PURAM,Palm Oil (Packed),75.0
2013-12-31,ERNAKULAM,Palm Oil (Packed),65.0
2013-12-31,KOZHIKODE,Palm Oil (Packed),69.0
2013-12-31,PUDUCHERRY,Palm Oil (Packed),66.0
2013-12-31,CHENNAI,Palm Oil (Packed),70.0
2013-12-31,DINDIGUL,Palm Oil (Packed),77.0
2013-12-31,THIRUCHIRAPALLI,Palm Oil (Packed),70.0
2013-12-31,HYDERABAD,Palm Oil (Packed),67.0
2014-01-01,PANAJI,Palm Oil (Packed),75.0
2014-01-01,VISAKHAPATNAM,Palm Oil (Packed),66.0
2014-01-01,BENGALURU,Palm Oil (Packed),70.0
2014-01-01,DHARWAD,Palm Oil (Packed),59.0
2014-01-01,T.PURAM,Palm Oil (Packed),75.0
2014-01-01,ERNAKULAM,Palm Oil (Packed),65.0
2014-01-01,KOZHIKODE,Palm Oil (Packed),69.0
2014-01-01,PUDUCHERRY,Palm Oil (Packed),
2014-01-01,CHENNAI,Palm Oil (Packed),
2014-01-01,DINDIGUL,Palm Oil (Packed),
2014-01-01,THIRUCHIRAPALLI,Palm Oil (Packed),
2014-01-01,HYDERABAD,Palm Oil (Packed),67.0
2014-01-02,PANAJI,Palm Oil (Packed),
2014-01-02,VISAKHAPATNAM,Palm Oil (Packed),66.0
2014-01-02,BENGALURU,Palm Oil (Packed),70.0
2014-01-02,DHARWAD,Palm Oil (Packed),59.0
2014-01-02,T.PURAM,Palm Oil (Packed),75.0
2014-01-02,ERNAKULAM,Palm Oil (Packed),65.0
2014-01-02,KOZHIKODE,Palm Oil (Packed),69.0
2014-01-02,PUDUCHERRY,Palm Oil (Packed),65.0
2014-01-02,CHENNAI,Palm Oil (Packed),70.0
2014-01-02,DINDIGUL,Palm Oil (Packed),77.0
2014-01-02,THIRUCHIRAPALLI,Palm Oil (Packed),70.0
2014-01-02,HYDERABAD,Palm Oil (Packed),67.0
2014-01-03,PANAJI,Palm Oil (Packed),75.0
2014-01-03,VISAKHAPATNAM,Palm Oil (Packed),66.0
2014-01-03,BENGALURU,Palm Oil (Packed),70.0
2014-01-03,DHARWAD,Palm Oil (Packed),59.0
2014-01-03,T.PURAM,Palm Oil (Packed),75.0
2014-01-03,ERNAKULAM,Palm Oil (Packed),65.0
2014-01-03,KOZHIKODE,Palm Oil (Packed),69.0
2014-01-03,PUDUCHERRY,Palm Oil (Packed),65.0
2014-01-03,CHENNAI,Palm Oil (Packed),70.0
2014-01-03,DINDIGUL,Palm Oil (Packed),77.0
2014-01-03,THIRUCHIRAPALLI,Palm Oil (Packed),70.0
2014-01-03,HYDERABAD,Palm Oil (Packed),67.0
2014-01-06,PANAJI,Palm Oil (Packed),
2014-01-06,VISAKHAPATNAM,Palm Oil (Packed),66.0
2014-01-06,BENGALURU,Palm Oil (Packed),70.0
2014-01-06,DHARWAD,Palm Oil (Packed),59.0
2014-01-06,T.PURAM,Palm Oil (Packed),75.0
2014-01-06,ERNAKULAM,Palm Oil (Packed),65.0
2014-01-06,KOZHIKODE,Palm Oil (Packed),69.0
2014-01-06,PUDUCHERRY,Palm Oil (Packed),66.0
2014-01-06,CHENNAI,Palm Oil (Packed),70.0
2014-01-06,DINDIGUL,Palm Oil (Packed),77.0
2014-01-06,THIRUCHIRAPALLI,Palm Oil (Packed),70.0
2014-01-06,HYDERABAD,Palm Oil (Packed),67.0
2014-01-07,PANAJI,Palm Oil (Packed),74.0
2014-01-07,VISAKHAPATNAM,Palm Oil (Packed),66.0
2014-01-07,BENGALURU,Palm Oil (Packed),70.0
2014-01-07,DHARWAD,Palm Oil (Packed),59.0
2014-01-07,T.PURAM,Palm Oil (Packed),75.0
2014-01-07,ERNAKULAM,Palm Oil (Packed),65.0
2014-01-07,KOZHIKODE,Palm Oil (Packed),69.0
2014-01-07,PUDUCHERRY,Palm Oil (Packed),
2014-01-07,CHENNAI,Palm Oil (Packed),70.0
2014-01-07,DINDIGUL,Palm Oil (Packed),77.0
2014-01-07,THIRUCHIRAPALLI,Palm Oil (Packed),70.0
2014-01-07,HYDERABAD,Palm Oil (Packed),67.0
2014-01-08,PANAJI,Palm Oil (Packed),74.0
2014-01-08,VISAKHAPATNAM,Palm Oil (Packed),66.0
2014-01-08,BENGALURU,Palm Oil (Packed),70.0
2014-01-08,DHARWAD,Palm Oil (Packed),59.0
2014-01-08,T.PURAM,Palm Oil (Packed),75.0
2014-01-08,ERNAKULAM,Palm Oil (Packed),65.0
2014-01-08,KOZHIKODE,Palm Oil (Packed),69.0
2014-01-08,PUDUCHERRY,Palm Oil (Packed),66.0
2014-01-08,CHENNAI,Palm Oil (Packed),69.0
2014-01-08,DINDIGUL,Palm Oil (Packed),75.0
2014-01-08,THIRUCHIRAPALLI,Palm Oil (Packed),70.0
2014-01-08,HYDERABAD,Palm Oil (Packed),67.0
2014-01-09,PANAJI,Palm Oil (Packed),74.0
2014-01-09,VISAKHAPATNAM,Palm Oil (Packed),66.0
2014-01-09,BENGALURU,Palm Oil (Packed),70.0
2014-01-09,DHARWAD,Palm Oil (Packed),59.0
2014-01-09,T.PURAM,Palm Oil (Packed),75.0
2014-01-09,ERNAKULAM,Palm Oil (Packed),65.0
2014-01-09,KOZHIKODE,Palm Oil (Packed),69.0
2014-01-09,PUDUCHERRY,Palm Oil (Packed),66.0
2014-01-09,CHENNAI,Palm Oil (Packed),69.0
2014-01-09,DINDIGUL,Palm Oil (Packed),75.0
2014-01-09,THIRUCHIRAPALLI,Palm Oil (Packed),70.0
2014-01-09,HYDERABAD,Palm Oil (Packed),67.0
2014-01-10,PANAJI,Palm Oil (Packed),74.0
2014-01-10,VISAKHAPATNAM,Palm Oil (Packed),66.0
2014-01-10,BENGALURU,Palm Oil (Packed),70.0
2014-01-10,DHARWAD,Palm Oil (Packed),59.0
2014-01-10,T.PURAM,Palm Oil (Packed),75.0
2014-01-10,ERNAKULAM,Palm Oil (Packed),65.0
2014-01-10,KOZHIKODE,Palm Oil (Packed),69.0
2014-01-10,PUDUCHERRY,Palm Oil (Packed),66.0
2014-01-10,CHENNAI,Palm Oil (Packed),69.0
2014-01-10,DINDIGUL,Palm Oil (Packed),75.0
2014-01-10,THIRUCHIRAPALLI,Palm Oil (Packed),70.0
2014-01-10,HYDERABAD,Palm Oil (Packed),67.0
2014-01-13,PANAJI,Palm Oil (Packed),74.0
2014-01-13,VISAKHAPATNAM,Palm Oil (Packed),
2014-01-13,BENGALURU,Palm Oil (Packed),70.0
2014-01-13,DHARWAD,Palm Oil (Packed),59.0
2014-01-13,T.PURAM,Palm Oil (Packed),75.0
2014-01-13,ERNAKULAM,Palm Oil (Packed),65.0
2014-01-13,KOZHIKODE,Palm Oil (Packed),69.0
2014-01-13,PUDUCHERRY,Palm Oil (Packed),65.0
2014-01-13,CHENNAI,Palm Oil (Packed),69.0
2014-01-13,DINDIGUL,Palm Oil (Packed),75.0
2014-01-13,THIRUCHIRAPALLI,Palm Oil (Packed),70.0
2014-01-13,HYDERABAD,Palm Oil (Packed),
2014-01-15,PANAJI,Palm Oil (Packed),74.0
2014-01-15,VISAKHAPATNAM,Palm Oil (Packed),66.0
2014-01-15,BENGALURU,Palm Oil (Packed),
2014-01-15,DHARWAD,Palm Oil (Packed),
2014-01-15,T.PURAM,Palm Oil (Packed),75.0
2014-01-15,ERNAKULAM,Palm Oil (Packed),65.0
2014-01-15,KOZHIKODE,Palm Oil (Packed),69.0
2014-01-15,PUDUCHERRY,Palm Oil (Packed),
2014-01-15,CHENNAI,Palm Oil (Packed),
2014-01-15,DINDIGUL,Palm Oil (Packed),
2014-01-15,THIRUCHIRAPALLI,Palm Oil (Packed),
2014-01-15,HYDERABAD,Palm Oil (Packed),67.0
2014-01-16,PANAJI,Palm Oil (Packed),
2014-01-16,VISAKHAPATNAM,Palm Oil (Packed),66.0
2014-01-16,BENGALURU,Palm Oil (Packed),70.0
2014-01-16,DHARWAD,Palm Oil (Packed),59.0
2014-01-16,T.PURAM,Palm Oil (Packed),75.0
2014-01-16,ERNAKULAM,Palm Oil (Packed),65.0
2014-01-16,KOZHIKODE,Palm Oil (Packed),69.0
2014-01-16,PUDUCHERRY,Palm Oil (Packed),
2014-01-16,CHENNAI,Palm Oil (Packed),
2014-01-16,DINDIGUL,Palm Oil (Packed),
2014-01-16,THIRUCHIRAPALLI,Palm Oil (Packed),
2014-01-16,HYDERABAD,Palm Oil (Packed),67.0
2014-01-17,PANAJI,Palm Oil (Packed),74.0
2014-01-17,VISAKHAPATNAM,Palm Oil (Packed),66.0
2014-01-17,BENGALURU,Palm Oil (Packed),67.0
2014-01-17,DHARWAD,Palm Oil (Packed),59.0
2014-01-17,T.PURAM,Palm Oil (Packed),75.0
2014-01-17,ERNAKULAM,Palm Oil (Packed),65.0
2014-01-17,KOZHIKODE,Palm Oil (Packed),69.0
2014-01-17,PUDUCHERRY,Palm Oil (Packed),65.0
2014-01-17,CHENNAI,Palm Oil (Packed),
2014-01-17,DINDIGUL,Palm Oil (Packed),75.0
2014-01-17,THIRUCHIRAPALLI,Palm Oil (Packed),70.0
2014-01-17,HYDERABAD,Palm Oil (Packed),67.0
2014-01-20,PANAJI,Palm Oil (Packed),73.0
2014-01-20,VISAKHAPATNAM,Palm Oil (Packed),66.0
2014-01-20,BENGALURU,Palm Oil (Packed),67.0
2014-01-20,DHARWAD,Palm Oil (Packed),59.0
2014-01-20,T.PURAM,Palm Oil (Packed),75.0
2014-01-20,ERNAKULAM,Palm Oil (Packed),65.0
2014-01-20,KOZHIKODE,Palm Oil (Packed),69.0
2014-01-20,PUDUCHERRY,Palm Oil (Packed),65.0
2014-01-20,CHENNAI,Palm Oil (Packed),68.0
2014-01-20,DINDIGUL,Palm Oil (Packed),75.0
2014-01-20,THIRUCHIRAPALLI,Palm Oil (Packed),70.0
2014-01-20,HYDERABAD,Palm Oil (Packed),67.0
2014-01-21,PANAJI,Palm Oil (Packed),73.0
2014-01-21,VISAKHAPATNAM,Palm Oil (Packed),66.0
2014-01-21,BENGALURU,Palm Oil (Packed),67.0
2014-01-21,DHARWAD,Palm Oil (Packed),59.0
2014-01-21,T.PURAM,Palm Oil (Packed),75.0
2014-01-21,ERNAKULAM,Palm Oil (Packed),65.0
2014-01-21,KOZHIKODE,Palm Oil (Packed),69.0
2014-01-21,PUDUCHERRY,Palm Oil (Packed),65.0
2014-01-21,CHENNAI,Palm Oil (Packed),
2014-01-21,DINDIGUL,Palm Oil (Packed),75.0
2014-01-21,THIRUCHIRAPALLI,Palm Oil (Packed),70.0
2014-01-21,HYDERABAD,Palm Oil (Packed),67.0
2014-01-22,PANAJI,Palm Oil (Packed),73.0
2014-01-22,VISAKHAPATNAM,Palm Oil (Packed),65.0
2014-01-22,BENGALURU,Palm Oil (Packed),
2014-01-22,DHARWAD,Palm Oil (Packed),
2014-01-22,T.PURAM,Palm Oil (Packed),
2014-01-22,ERNAKULAM,Palm Oil (Packed),
2014-01-22,KOZHIKODE,Palm Oil (Packed),
2014-01-22,PUDUCHERRY,Palm Oil (Packed),
2014-01-22,CHENNAI,Palm Oil (Packed),
2014-01-22,DINDIGUL,Palm Oil (Packed),
2014-01-22,THIRUCHIRAPALLI,Palm Oil (Packed),70.0
2014-01-22,HYDERABAD,Palm Oil (Packed),67.0
2014-01-23,PANAJI,Palm Oil (Packed),73.0
2014-01-23,VISAKHAPATNAM,Palm Oil (Packed),65.0
2014-01-23,BENGALURU,Palm Oil (Packed),67.0
2014-01-23,DHARWAD,Palm Oil (Packed),59.0
2014-01-23,T.PURAM,Palm Oil (Packed),62.0
2014-01-23,ERNAKULAM,Palm Oil (Packed),
2014-01-23,KOZHIKODE,Palm Oil (Packed),69.0
2014-01-23,PUDUCHERRY,Palm Oil (Packed),65.0
2014-01-23,CHENNAI,Palm Oil (Packed),
2014-01-23,DINDIGUL,Palm Oil (Packed),
2014-01-23,THIRUCHIRAPALLI,Palm Oil (Packed),70.0
2014-01-23,HYDERABAD,Palm Oil (Packed),67.0
2014-01-24,PANAJI,Palm Oil (Packed),
2014-01-24,VISAKHAPATNAM,Palm Oil (Packed),65.0
2014-01-24,BENGALURU,Palm Oil (Packed),67.0
2014-01-24,DHARWAD,Palm Oil (Packed),59.0
2014-01-24,T.PURAM,Palm Oil (Packed),
2014-01-24,ERNAKULAM,Palm Oil (Packed),
2014-01-24,KOZHIKODE,Palm Oil (Packed),
2014-01-24,PUDUCHERRY,Palm Oil (Packed),65.0
2014-01-24,CHENNAI,Palm Oil (Packed),68.0
2014-01-24,DINDIGUL,Palm Oil (Packed),
2014-01-24,THIRUCHIRAPALLI,Palm Oil (Packed),70.0
2014-01-24,HYDERABAD,Palm Oil (Packed),67.0
2014-01-27,PANAJI,Palm Oil (Packed),72.0
2014-01-27,VISAKHAPATNAM,Palm Oil (Packed),65.0
2014-01-27,BENGALURU,Palm Oil (Packed),67.0
2014-01-27,DHARWAD,Palm Oil (Packed),59.0
2014-01-27,T.PURAM,Palm Oil (Packed),
2014-01-27,ERNAKULAM,Palm Oil (Packed),
2014-01-27,KOZHIKODE,Palm Oil (Packed),
2014-01-27,PUDUCHERRY,Palm Oil (Packed),65.0
2014-01-27,CHENNAI,Palm Oil (Packed),68.0
2014-01-27,DINDIGUL,Palm Oil (Packed),74.0
2014-01-27,THIRUCHIRAPALLI,Palm Oil (Packed),69.0
2014-01-27,HYDERABAD,Palm Oil (Packed),67.0
2014-01-28,PANAJI,Palm Oil (Packed),72.0
2014-01-28,VISAKHAPATNAM,Palm Oil (Packed),65.0
2014-01-28,BENGALURU,Palm Oil (Packed),67.0
2014-01-28,DHARWAD,Palm Oil (Packed),59.0
2014-01-28,T.PURAM,Palm Oil (Packed),
2014-01-28,ERNAKULAM,Palm Oil (Packed),
2014-01-28,KOZHIKODE,Palm Oil (Packed),
2014-01-28,PUDUCHERRY,Palm Oil (Packed),65.0
2014-01-28,CHENNAI,Palm Oil (Packed),68.0
2014-01-28,DINDIGUL,Palm Oil (Packed),74.0
2014-01-28,THIRUCHIRAPALLI,Palm Oil (Packed),69.0
2014-01-28,HYDERABAD,Palm Oil (Packed),67.0
2014-01-30,PANAJI,Palm Oil (Packed),72.0
2014-01-30,VISAKHAPATNAM,Palm Oil (Packed),65.0
2014-01-30,BENGALURU,Palm Oil (Packed),67.0
2014-01-30,DHARWAD,Palm Oil (Packed),59.0
2014-01-30,T.PURAM,Palm Oil (Packed),
2014-01-30,ERNAKULAM,Palm Oil (Packed),
2014-01-30,KOZHIKODE,Palm Oil (Packed),
2014-01-30,PUDUCHERRY,Palm Oil (Packed),64.0
2014-01-30,CHENNAI,Palm Oil (Packed),68.0
2014-01-30,DINDIGUL,Palm Oil (Packed),75.0
2014-01-30,THIRUCHIRAPALLI,Palm Oil (Packed),69.0
2014-01-30,HYDERABAD,Palm Oil (Packed),67.0
2014-01-31,PANAJI,Palm Oil (Packed),
2014-01-31,VISAKHAPATNAM,Palm Oil (Packed),65.0
2014-01-31,BENGALURU,Palm Oil (Packed),67.0
2014-01-31,DHARWAD,Palm Oil (Packed),59.0
2014-01-31,T.PURAM,Palm Oil (Packed),75.0
2014-01-31,ERNAKULAM,Palm Oil (Packed),64.0
2014-01-31,KOZHIKODE,Palm Oil (Packed),69.0
2014-01-31,PUDUCHERRY,Palm Oil (Packed),64.0
2014-01-31,CHENNAI,Palm Oil (Packed),69.0
2014-01-31,DINDIGUL,Palm Oil (Packed),75.0
2014-01-31,THIRUCHIRAPALLI,Palm Oil (Packed),68.0
2014-01-31,HYDERABAD,Palm Oil (Packed),67.0
2014-02-03,PANAJI,Palm Oil (Packed),72.0
2014-02-03,VISAKHAPATNAM,Palm Oil (Packed),65.0
2014-02-03,BENGALURU,Palm Oil (Packed),67.0
2014-02-03,DHARWAD,Palm Oil (Packed),59.0
2014-02-03,T.PURAM,Palm Oil (Packed),
2014-02-03,ERNAKULAM,Palm Oil (Packed),
2014-02-03,KOZHIKODE,Palm Oil (Packed),
2014-02-03,PUDUCHERRY,Palm Oil (Packed),64.0
2014-02-03,CHENNAI,Palm Oil (Packed),69.0
2014-02-03,DINDIGUL,Palm Oil (Packed),75.0
2014-02-03,THIRUCHIRAPALLI,Palm Oil (Packed),68.0
2014-02-03,HYDERABAD,Palm Oil (Packed),67.0
2014-02-04,PANAJI,Palm Oil (Packed),
2014-02-04,VISAKHAPATNAM,Palm Oil (Packed),65.0
2014-02-04,BENGALURU,Palm Oil (Packed),67.0
2014-02-04,DHARWAD,Palm Oil (Packed),59.0
2014-02-04,T.PURAM,Palm Oil (Packed),75.0
2014-02-04,ERNAKULAM,Palm Oil (Packed),64.0
2014-02-04,KOZHIKODE,Palm Oil (Packed),69.0
2014-02-04,PUDUCHERRY,Palm Oil (Packed),64.0
2014-02-04,CHENNAI,Palm Oil (Packed),69.0
2014-02-04,DINDIGUL,Palm Oil (Packed),75.0
2014-02-04,THIRUCHIRAPALLI,Palm Oil (Packed),68.0
2014-02-04,HYDERABAD,Palm Oil (Packed),67.0
2014-02-05,PANAJI,Palm Oil (Packed),72.0
2014-02-05,VISAKHAPATNAM,Palm Oil (Packed),65.0
2014-02-05,BENGALURU,Palm Oil (Packed),67.0
2014-02-05,DHARWAD,Palm Oil (Packed),59.0
2014-02-05,T.PURAM,Palm Oil (Packed),75.0
2014-02-05,ERNAKULAM,Palm Oil (Packed),64.0
2014-02-05,KOZHIKODE,Palm Oil (Packed),69.0
2014-02-05,PUDUCHERRY,Palm Oil (Packed),64.0
2014-02-05,CHENNAI,Palm Oil (Packed),69.0
2014-02-05,DINDIGUL,Palm Oil (Packed),75.0
2014-02-05,THIRUCHIRAPALLI,Palm Oil (Packed),68.0
2014-02-05,HYDERABAD,Palm Oil (Packed),67.0
2014-02-06,PANAJI,Palm Oil (Packed),72.0
2014-02-06,VISAKHAPATNAM,Palm Oil (Packed),65.0
2014-02-06,BENGALURU,Palm Oil (Packed),67.0
2014-02-06,DHARWAD,Palm Oil (Packed),59.0
2014-02-06,T.PURAM,Palm Oil (Packed),75.0
2014-02-06,ERNAKULAM,Palm Oil (Packed),64.0
2014-02-06,KOZHIKODE,Palm Oil (Packed),69.0
2014-02-06,PUDUCHERRY,Palm Oil (Packed),64.0
2014-02-06,CHENNAI,Palm Oil (Packed),69.0
2014-02-06,DINDIGUL,Palm Oil (Packed),75.0
2014-02-06,THIRUCHIRAPALLI,Palm Oil (Packed),68.0
2014-02-06,HYDERABAD,Palm Oil (Packed),67.0
2014-02-07,PANAJI,Palm Oil (Packed),72.0
2014-02-07,VISAKHAPATNAM,Palm Oil (Packed),65.0
2014-02-07,BENGALURU,Palm Oil (Packed),67.0
2014-02-07,DHARWAD,Palm Oil (Packed),59.0
2014-02-07,T.PURAM,Palm Oil (Packed),75.0
2014-02-07,ERNAKULAM,Palm Oil (Packed),64.0
2014-02-07,KOZHIKODE,Palm Oil (Packed),69.0
2014-02-07,PUDUCHERRY,Palm Oil (Packed),64.0
2014-02-07,CHENNAI,Palm Oil (Packed),69.0
2014-02-07,DINDIGUL,Palm Oil (Packed),75.0
2014-02-07,THIRUCHIRAPALLI,Palm Oil (Packed),68.0
2014-02-07,HYDERABAD,Palm Oil (Packed),67.0
2014-02-10,PANAJI,Palm Oil (Packed),72.0
2014-02-10,VISAKHAPATNAM,Palm Oil (Packed),65.0
2014-02-10,BENGALURU,Palm Oil (Packed),67.0
2014-02-10,DHARWAD,Palm Oil (Packed),59.0
2014-02-10,T.PURAM,Palm Oil (Packed),75.0
2014-02-10,ERNAKULAM,Palm Oil (Packed),64.0
2014-02-10,KOZHIKODE,Palm Oil (Packed),69.0
2014-02-10,PUDUCHERRY,Palm Oil (Packed),65.0
2014-02-10,CHENNAI,Palm Oil (Packed),69.0
2014-02-10,DINDIGUL,Palm Oil (Packed),75.0
2014-02-10,THIRUCHIRAPALLI,Palm Oil (Packed),68.0
2014-02-10,HYDERABAD,Palm Oil (Packed),67.0
2014-02-11,PANAJI,Palm Oil (Packed),72.0
2014-02-11,VISAKHAPATNAM,Palm Oil (Packed),65.0
2014-02-11,BENGALURU,Palm Oil (Packed),67.0
2014-02-11,DHARWAD,Palm Oil (Packed),59.0
2014-02-11,T.PURAM,Palm Oil (Packed),75.0
2014-02-11,ERNAKULAM,Palm Oil (Packed),64.0
2014-02-11,KOZHIKODE,Palm Oil (Packed),69.0
2014-02-11,PUDUCHERRY,Palm Oil (Packed),65.0
2014-02-11,CHENNAI,Palm Oil (Packed),69.0
2014-02-11,DINDIGUL,Palm Oil (Packed),75.0
2014-02-11,THIRUCHIRAPALLI,Palm Oil (Packed),68.0
2014-02-11,HYDERABAD,Palm Oil (Packed),67.0
2014-02-12,PANAJI,Palm Oil (Packed),
2014-02-12,VISAKHAPATNAM,Palm Oil (Packed),65.0
2014-02-12,BENGALURU,Palm Oil (Packed),67.0
2014-02-12,DHARWAD,Palm Oil (Packed),59.0
2014-02-12,T.PURAM,Palm Oil (Packed),75.0
2014-02-12,ERNAKULAM,Palm Oil (Packed),64.0
2014-02-12,KOZHIKODE,Palm Oil (Packed),69.0
2014-02-12,PUDUCHERRY,Palm Oil (Packed),66.0
2014-02-12,CHENNAI,Palm Oil (Packed),69.0
2014-02-12,DINDIGUL,Palm Oil (Packed),
2014-02-12,THIRUCHIRAPALLI,Palm Oil (Packed),69.0
2014-02-12,HYDERABAD,Palm Oil (Packed),67.0
2014-02-13,PANAJI,Palm Oil (Packed),72.0
2014-02-13,VISAKHAPATNAM,Palm Oil (Packed),65.0
2014-02-13,BENGALURU,Palm Oil (Packed),67.0
2014-02-13,DHARWAD,Palm Oil (Packed),59.0
2014-02-13,T.PURAM,Palm Oil (Packed),75.0
2014-02-13,ERNAKULAM,Palm Oil (Packed),64.0
2014-02-13,KOZHIKODE,Palm Oil (Packed),69.0
2014-02-13,PUDUCHERRY,Palm Oil (Packed),66.0
2014-02-13,CHENNAI,Palm Oil (Packed),69.0
2014-02-13,DINDIGUL,Palm Oil (Packed),75.0
2014-02-13,THIRUCHIRAPALLI,Palm Oil (Packed),69.0
2014-02-13,HYDERABAD,Palm Oil (Packed),67.0
2014-02-14,PANAJI,Palm Oil (Packed),
2014-02-14,VISAKHAPATNAM,Palm Oil (Packed),65.0
2014-02-14,BENGALURU,Palm Oil (Packed),69.0
2014-02-14,DHARWAD,Palm Oil (Packed),59.0
2014-02-14,T.PURAM,Palm Oil (Packed),75.0
2014-02-14,ERNAKULAM,Palm Oil (Packed),64.0
2014-02-14,KOZHIKODE,Palm Oil (Packed),69.0
2014-02-14,PUDUCHERRY,Palm Oil (Packed),66.0
2014-02-14,CHENNAI,Palm Oil (Packed),69.0
2014-02-14,DINDIGUL,Palm Oil (Packed),75.0
2014-02-14,THIRUCHIRAPALLI,Palm Oil (Packed),69.0
2014-02-14,HYDERABAD,Palm Oil (Packed),67.0
2014-02-17,PANAJI,Palm Oil (Packed),72.0
2014-02-17,VISAKHAPATNAM,Palm Oil (Packed),65.0
2014-02-17,BENGALURU,Palm Oil (Packed),
2014-02-17,DHARWAD,Palm Oil (Packed),
2014-02-17,T.PURAM,Palm Oil (Packed),75.0
2014-02-17,ERNAKULAM,Palm Oil (Packed),64.0
2014-02-17,KOZHIKODE,Palm Oil (Packed),69.0
2014-02-17,PUDUCHERRY,Palm Oil (Packed),66.0
2014-02-17,CHENNAI,Palm Oil (Packed),69.0
2014-02-17,DINDIGUL,Palm Oil (Packed),75.0
2014-02-17,THIRUCHIRAPALLI,Palm Oil (Packed),69.0
2014-02-17,HYDERABAD,Palm Oil (Packed),67.0
2014-02-18,PANAJI,Palm Oil (Packed),72.0
2014-02-18,VISAKHAPATNAM,Palm Oil (Packed),65.0
2014-02-18,BENGALURU,Palm Oil (Packed),69.0
2014-02-18,DHARWAD,Palm Oil (Packed),59.0
2014-02-18,T.PURAM,Palm Oil (Packed),75.0
2014-02-18,ERNAKULAM,Palm Oil (Packed),64.0
2014-02-18,KOZHIKODE,Palm Oil (Packed),69.0
2014-02-18,PUDUCHERRY,Palm Oil (Packed),67.0
2014-02-18,CHENNAI,Palm Oil (Packed),69.0
2014-02-18,DINDIGUL,Palm Oil (Packed),75.0
2014-02-18,THIRUCHIRAPALLI,Palm Oil (Packed),69.0
2014-02-18,HYDERABAD,Palm Oil (Packed),67.0
2014-02-19,PANAJI,Palm Oil (Packed),72.0
2014-02-19,VISAKHAPATNAM,Palm Oil (Packed),65.0
2014-02-19,BENGALURU,Palm Oil (Packed),69.0
2014-02-19,DHARWAD,Palm Oil (Packed),59.0
2014-02-19,T.PURAM,Palm Oil (Packed),75.0
2014-02-19,ERNAKULAM,Palm Oil (Packed),64.0
2014-02-19,KOZHIKODE,Palm Oil (Packed),69.0
2014-02-19,PUDUCHERRY,Palm Oil (Packed),67.0
2014-02-19,CHENNAI,Palm Oil (Packed),69.0
2014-02-19,DINDIGUL,Palm Oil (Packed),75.0
2014-02-19,THIRUCHIRAPALLI,Palm Oil (Packed),70.0
2014-02-19,HYDERABAD,Palm Oil (Packed),67.0
2014-02-20,PANAJI,Palm Oil (Packed),72.0
2014-02-20,VISAKHAPATNAM,Palm Oil (Packed),65.0
2014-02-20,BENGALURU,Palm Oil (Packed),69.0
2014-02-20,DHARWAD,Palm Oil (Packed),59.0
2014-02-20,T.PURAM,Palm Oil (Packed),75.0
2014-02-20,ERNAKULAM,Palm Oil (Packed),64.0
2014-02-20,KOZHIKODE,Palm Oil (Packed),69.0
2014-02-20,PUDUCHERRY,Palm Oil (Packed),68.0
2014-02-20,CHENNAI,Palm Oil (Packed),69.0
2014-02-20,DINDIGUL,Palm Oil (Packed),75.0
2014-02-20,THIRUCHIRAPALLI,Palm Oil (Packed),70.0
2014-02-20,HYDERABAD,Palm Oil (Packed),67.0
2014-02-21,PANAJI,Palm Oil (Packed),72.0
2014-02-21,VISAKHAPATNAM,Palm Oil (Packed),65.0
2014-02-21,BENGALURU,Palm Oil (Packed),69.0
2014-02-21,DHARWAD,Palm Oil (Packed),59.0
2014-02-21,T.PURAM,Palm Oil (Packed),75.0
2014-02-21,ERNAKULAM,Palm Oil (Packed),64.0
2014-02-21,KOZHIKODE,Palm Oil (Packed),69.0
2014-02-21,PUDUCHERRY,Palm Oil (Packed),68.0
2014-02-21,CHENNAI,Palm Oil (Packed),69.0
2014-02-21,DINDIGUL,Palm Oil (Packed),75.0
2014-02-21,THIRUCHIRAPALLI,Palm Oil (Packed),70.0
2014-02-21,HYDERABAD,Palm Oil (Packed),67.0
2014-02-24,PANAJI,Palm Oil (Packed),
2014-02-24,VISAKHAPATNAM,Palm Oil (Packed),65.0
2014-02-24,BENGALURU,Palm Oil (Packed),
2014-02-24,DHARWAD,Palm Oil (Packed),
2014-02-24,T.PURAM,Palm Oil (Packed),
2014-02-24,ERNAKULAM,Palm Oil (Packed),64.0
2014-02-24,KOZHIKODE,Palm Oil (Packed),69.0
2014-02-24,PUDUCHERRY,Palm Oil (Packed),68.0
2014-02-24,CHENNAI,Palm Oil (Packed),69.0
2014-02-24,DINDIGUL,Palm Oil (Packed),75.0
2014-02-24,THIRUCHIRAPALLI,Palm Oil (Packed),70.0
2014-02-24,HYDERABAD,Palm Oil (Packed),67.0
2014-02-25,PANAJI,Palm Oil (Packed),
2014-02-25,VISAKHAPATNAM,Palm Oil (Packed),65.0
2014-02-25,BENGALURU,Palm Oil (Packed),71.0
2014-02-25,DHARWAD,Palm Oil (Packed),59.0
2014-02-25,T.PURAM,Palm Oil (Packed),78.0
2014-02-25,ERNAKULAM,Palm Oil (Packed),65.0
2014-02-25,KOZHIKODE,Palm Oil (Packed),69.0
2014-02-25,PUDUCHERRY,Palm Oil (Packed),68.0
2014-02-25,CHENNAI,Palm Oil (Packed),69.0
2014-02-25,DINDIGUL,Palm Oil (Packed),75.0
2014-02-25,THIRUCHIRAPALLI,Palm Oil (Packed),70.0
2014-02-25,HYDERABAD,Palm Oil (Packed),67.0
2014-02-26,PANAJI,Palm Oil (Packed),72.0
2014-02-26,VISAKHAPATNAM,Palm Oil (Packed),65.0
2014-02-26,BENGALURU,Palm Oil (Packed),71.0
2014-02-26,DHARWAD,Palm Oil (Packed),59.0
2014-02-26,T.PURAM,Palm Oil (Packed),78.0
2014-02-26,ERNAKULAM,Palm Oil (Packed),65.0
2014-02-26,KOZHIKODE,Palm Oil (Packed),69.0
2014-02-26,PUDUCHERRY,Palm Oil (Packed),69.0
2014-02-26,CHENNAI,Palm Oil (Packed),69.0
2014-02-26,DINDIGUL,Palm Oil (Packed),75.0
2014-02-26,THIRUCHIRAPALLI,Palm Oil (Packed),70.0
2014-02-26,HYDERABAD,Palm Oil (Packed),67.0
2014-02-27,PANAJI,Palm Oil (Packed),72.0
2014-02-27,VISAKHAPATNAM,Palm Oil (Packed),
2014-02-27,BENGALURU,Palm Oil (Packed),
2014-02-27,DHARWAD,Palm Oil (Packed),
2014-02-27,T.PURAM,Palm Oil (Packed),
2014-02-27,ERNAKULAM,Palm Oil (Packed),
2014-02-27,KOZHIKODE,Palm Oil (Packed),
2014-02-27,PUDUCHERRY,Palm Oil (Packed),69.0
2014-02-27,CHENNAI,Palm Oil (Packed),70.0
2014-02-27,DINDIGUL,Palm Oil (Packed),75.0
2014-02-27,THIRUCHIRAPALLI,Palm Oil (Packed),70.0
2014-02-27,HYDERABAD,Palm Oil (Packed),
2014-02-28,PANAJI,Palm Oil (Packed),
2014-02-28,VISAKHAPATNAM,Palm Oil (Packed),65.0
2014-02-28,BENGALURU,Palm Oil (Packed),
2014-02-28,DHARWAD,Palm Oil (Packed),
2014-02-28,T.PURAM,Palm Oil (Packed),78.0
2014-02-28,ERNAKULAM,Palm Oil (Packed),65.0
2014-02-28,KOZHIKODE,Palm Oil (Packed),69.0
2014-02-28,PUDUCHERRY,Palm Oil (Packed),69.0
2014-02-28,CHENNAI,Palm Oil (Packed),70.0
2014-02-28,DINDIGUL,Palm Oil (Packed),75.0
2014-02-28,THIRUCHIRAPALLI,Palm Oil (Packed),70.0
2014-02-28,HYDERABAD,Palm Oil (Packed),67.0
2014-03-03,PANAJI,Palm Oil (Packed),72.0
2014-03-03,VISAKHAPATNAM,Palm Oil (Packed),65.0
2014-03-03,BENGALURU,Palm Oil (Packed),71.0
2014-03-03,DHARWAD,Palm Oil (Packed),59.0
2014-03-03,T.PURAM,Palm Oil (Packed),78.0
2014-03-03,ERNAKULAM,Palm Oil (Packed),65.0
2014-03-03,KOZHIKODE,Palm Oil (Packed),69.0
2014-03-03,PUDUCHERRY,Palm Oil (Packed),71.0
2014-03-03,CHENNAI,Palm Oil (Packed),70.0
2014-03-03,DINDIGUL,Palm Oil (Packed),75.0
2014-03-03,THIRUCHIRAPALLI,Palm Oil (Packed),70.0
2014-03-03,HYDERABAD,Palm Oil (Packed),67.0
2014-03-04,PANAJI,Palm Oil (Packed),72.0
2014-03-04,VISAKHAPATNAM,Palm Oil (Packed),65.0
2014-03-04,BENGALURU,Palm Oil (Packed),71.0
2014-03-04,DHARWAD,Palm Oil (Packed),59.0
2014-03-04,T.PURAM,Palm Oil (Packed),78.0
2014-03-04,ERNAKULAM,Palm Oil (Packed),65.0
2014-03-04,KOZHIKODE,Palm Oil (Packed),69.0
2014-03-04,PUDUCHERRY,Palm Oil (Packed),71.0
2014-03-04,CHENNAI,Palm Oil (Packed),73.0
2014-03-04,DINDIGUL,Palm Oil (Packed),75.0
2014-03-04,THIRUCHIRAPALLI,Palm Oil (Packed),70.0
2014-03-04,HYDERABAD,Palm Oil (Packed),67.0
2014-03-05,PANAJI,Palm Oil (Packed),72.0
2014-03-05,VISAKHAPATNAM,Palm Oil (Packed),65.0
2014-03-05,BENGALURU,Palm Oil (Packed),71.0
2014-03-05,DHARWAD,Palm Oil (Packed),59.0
2014-03-05,T.PURAM,Palm Oil (Packed),78.0
2014-03-05,ERNAKULAM,Palm Oil (Packed),65.0
2014-03-05,KOZHIKODE,Palm Oil (Packed),69.0
2014-03-05,PUDUCHERRY,Palm Oil (Packed),70.0
2014-03-05,CHENNAI,Palm Oil (Packed),
2014-03-05,DINDIGUL,Palm Oil (Packed),75.0
2014-03-05,THIRUCHIRAPALLI,Palm Oil (Packed),71.0
2014-03-05,HYDERABAD,Palm Oil (Packed),67.0
2014-03-06,PANAJI,Palm Oil (Packed),
2014-03-06,VISAKHAPATNAM,Palm Oil (Packed),65.0
2014-03-06,BENGALURU,Palm Oil (Packed),71.0
2014-03-06,DHARWAD,Palm Oil (Packed),61.0
2014-03-06,T.PURAM,Palm Oil (Packed),80.0
2014-03-06,ERNAKULAM,Palm Oil (Packed),65.0
2014-03-06,KOZHIKODE,Palm Oil (Packed),69.0
2014-03-06,PUDUCHERRY,Palm Oil (Packed),70.0
2014-03-06,CHENNAI,Palm Oil (Packed),
2014-03-06,DINDIGUL,Palm Oil (Packed),75.0
2014-03-06,THIRUCHIRAPALLI,Palm Oil (Packed),71.0
2014-03-06,HYDERABAD,Palm Oil (Packed),67.0
2014-03-07,PANAJI,Palm Oil (Packed),
2014-03-07,VISAKHAPATNAM,Palm Oil (Packed),65.0
2014-03-07,BENGALURU,Palm Oil (Packed),71.0
2014-03-07,DHARWAD,Palm Oil (Packed),61.0
2014-03-07,T.PURAM,Palm Oil (Packed),80.0
2014-03-07,ERNAKULAM,Palm Oil (Packed),65.0
2014-03-07,KOZHIKODE,Palm Oil (Packed),69.0
2014-03-07,PUDUCHERRY,Palm Oil (Packed),69.0
2014-03-07,CHENNAI,Palm Oil (Packed),73.0
2014-03-07,DINDIGUL,Palm Oil (Packed),75.0
2014-03-07,THIRUCHIRAPALLI,Palm Oil (Packed),71.0
2014-03-07,HYDERABAD,Palm Oil (Packed),67.0
2014-03-10,PANAJI,Palm Oil (Packed),76.0
2014-03-10,VISAKHAPATNAM,Palm Oil (Packed),65.0
2014-03-10,BENGALURU,Palm Oil (Packed),71.0
2014-03-10,DHARWAD,Palm Oil (Packed),61.0
2014-03-10,T.PURAM,Palm Oil (Packed),80.0
2014-03-10,ERNAKULAM,Palm Oil (Packed),65.0
2014-03-10,KOZHIKODE,Palm Oil (Packed),69.0
2014-03-10,PUDUCHERRY,Palm Oil (Packed),72.0
2014-03-10,CHENNAI,Palm Oil (Packed),73.0
2014-03-10,DINDIGUL,Palm Oil (Packed),75.0
2014-03-10,THIRUCHIRAPALLI,Palm Oil (Packed),71.0
2014-03-10,HYDERABAD,Palm Oil (Packed),67.0
2014-03-11,PANAJI,Palm Oil (Packed),78.0
2014-03-11,VISAKHAPATNAM,Palm Oil (Packed),65.0
2014-03-11,BENGALURU,Palm Oil (Packed),71.0
2014-03-11,DHARWAD,Palm Oil (Packed),59.0
2014-03-11,T.PURAM,Palm Oil (Packed),80.0
2014-03-11,ERNAKULAM,Palm Oil (Packed),65.0
2014-03-11,KOZHIKODE,Palm Oil (Packed),69.0
2014-03-11,PUDUCHERRY,Palm Oil (Packed),72.0
2014-03-11,CHENNAI,Palm Oil (Packed),73.0
2014-03-11,DINDIGUL,Palm Oil (Packed),75.0
2014-03-11,THIRUCHIRAPALLI,Palm Oil (Packed),71.0
2014-03-11,HYDERABAD,Palm Oil (Packed),67.0
2014-03-12,PANAJI,Palm Oil (Packed),78.0
2014-03-12,VISAKHAPATNAM,Palm Oil (Packed),65.0
2014-03-12,BENGALURU,Palm Oil (Packed),71.0
2014-03-12,DHARWAD,Palm Oil (Packed),59.0
2014-03-12,T.PURAM,Palm Oil (Packed),80.0
2014-03-12,ERNAKULAM,Palm Oil (Packed),65.0
2014-03-12,KOZHIKODE,Palm Oil (Packed),69.0
2014-03-12,PUDUCHERRY,Palm Oil (Packed),72.0
2014-03-12,CHENNAI,Palm Oil (Packed),74.0
2014-03-12,DINDIGUL,Palm Oil (Packed),75.0
2014-03-12,THIRUCHIRAPALLI,Palm Oil (Packed),72.0
2014-03-12,HYDERABAD,Palm Oil (Packed),67.0
2014-03-13,PANAJI,Palm Oil (Packed),
2014-03-13,VISAKHAPATNAM,Palm Oil (Packed),65.0
2014-03-13,BENGALURU,Palm Oil (Packed),71.0
2014-03-13,DHARWAD,Palm Oil (Packed),59.0
2014-03-13,T.PURAM,Palm Oil (Packed),80.0
2014-03-13,ERNAKULAM,Palm Oil (Packed),65.0
2014-03-13,KOZHIKODE,Palm Oil (Packed),69.0
2014-03-13,PUDUCHERRY,Palm Oil (Packed),72.0
2014-03-13,CHENNAI,Palm Oil (Packed),74.0
2014-03-13,DINDIGUL,Palm Oil (Packed),75.0
2014-03-13,THIRUCHIRAPALLI,Palm Oil (Packed),72.0
2014-03-13,HYDERABAD,Palm Oil (Packed),67.0
2014-03-14,PANAJI,Palm Oil (Packed),
2014-03-14,VISAKHAPATNAM,Palm Oil (Packed),65.0
2014-03-14,BENGALURU,Palm Oil (Packed),73.0
2014-03-14,DHARWAD,Palm Oil (Packed),59.0
2014-03-14,T.PURAM,Palm Oil (Packed),80.0
2014-03-14,ERNAKULAM,Palm Oil (Packed),65.0
2014-03-14,KOZHIKODE,Palm Oil (Packed),69.0
2014-03-14,PUDUCHERRY,Palm Oil (Packed),72.0
2014-03-14,CHENNAI,Palm Oil (Packed),74.0
2014-03-14,DINDIGUL,Palm Oil (Packed),75.0
2014-03-14,THIRUCHIRAPALLI,Palm Oil (Packed),72.0
2014-03-14,HYDERABAD,Palm Oil (Packed),67.0
2014-03-18,PANAJI,Palm Oil (Packed),
2014-03-18,VISAKHAPATNAM,Palm Oil (Packed),65.0
2014-03-18,BENGALURU,Palm Oil (Packed),
2014-03-18,DHARWAD,Palm Oil (Packed),
2014-03-18,T.PURAM,Palm Oil (Packed),80.0
2014-03-18,ERNAKULAM,Palm Oil (Packed),65.0
2014-03-18,KOZHIKODE,Palm Oil (Packed),69.0
2014-03-18,PUDUCHERRY,Palm Oil (Packed),72.0
2014-03-18,CHENNAI,Palm Oil (Packed),74.0
2014-03-18,DINDIGUL,Palm Oil (Packed),75.0
2014-03-18,THIRUCHIRAPALLI,Palm Oil (Packed),72.0
2014-03-18,HYDERABAD,Palm Oil (Packed),69.0
2014-03-19,PANAJI,Palm Oil (Packed),
2014-03-19,VISAKHAPATNAM,Palm Oil (Packed),65.0
2014-03-19,BENGALURU,Palm Oil (Packed),
2014-03-19,DHARWAD,Palm Oil (Packed),
2014-03-19,T.PURAM,Palm Oil (Packed),80.0
2014-03-19,ERNAKULAM,Palm Oil (Packed),65.0
2014-03-19,KOZHIKODE,Palm Oil (Packed),69.0
2014-03-19,PUDUCHERRY,Palm Oil (Packed),72.0
2014-03-19,CHENNAI,Palm Oil (Packed),74.0
2014-03-19,DINDIGUL,Palm Oil (Packed),75.0
2014-03-19,THIRUCHIRAPALLI,Palm Oil (Packed),74.0
2014-03-19,HYDERABAD,Palm Oil (Packed),69.0
2014-03-20,PANAJI,Palm Oil (Packed),
2014-03-20,VISAKHAPATNAM,Palm Oil (Packed),65.0
2014-03-20,BENGALURU,Palm Oil (Packed),
2014-03-20,DHARWAD,Palm Oil (Packed),
2014-03-20,T.PURAM,Palm Oil (Packed),80.0
2014-03-20,ERNAKULAM,Palm Oil (Packed),65.0
2014-03-20,KOZHIKODE,Palm Oil (Packed),69.0
2014-03-20,PUDUCHERRY,Palm Oil (Packed),71.0
2014-03-20,CHENNAI,Palm Oil (Packed),74.0
2014-03-20,DINDIGUL,Palm Oil (Packed),75.0
2014-03-20,THIRUCHIRAPALLI,Palm Oil (Packed),74.0
2014-03-20,HYDERABAD,Palm Oil (Packed),69.0
2014-03-21,PANAJI,Palm Oil (Packed),
2014-03-21,VISAKHAPATNAM,Palm Oil (Packed),65.0
2014-03-21,BENGALURU,Palm Oil (Packed),
2014-03-21,DHARWAD,Palm Oil (Packed),
2014-03-21,T.PURAM,Palm Oil (Packed),80.0
2014-03-21,ERNAKULAM,Palm Oil (Packed),65.0
2014-03-21,KOZHIKODE,Palm Oil (Packed),69.0
2014-03-21,PUDUCHERRY,Palm Oil (Packed),71.0
2014-03-21,CHENNAI,Palm Oil (Packed),74.0
2014-03-21,DINDIGUL,Palm Oil (Packed),75.0
2014-03-21,THIRUCHIRAPALLI,Palm Oil (Packed),74.0
2014-03-21,HYDERABAD,Palm Oil (Packed),71.0
2014-03-24,PANAJI,Palm Oil (Packed),
2014-03-24,VISAKHAPATNAM,Palm Oil (Packed),65.0
2014-03-24,BENGALURU,Palm Oil (Packed),
2014-03-24,DHARWAD,Palm Oil (Packed),
2014-03-24,T.PURAM,Palm Oil (Packed),80.0
2014-03-24,ERNAKULAM,Palm Oil (Packed),65.0
2014-03-24,KOZHIKODE,Palm Oil (Packed),69.0
2014-03-24,PUDUCHERRY,Palm Oil (Packed),71.0
2014-03-24,CHENNAI,Palm Oil (Packed),74.0
2014-03-24,DINDIGUL,Palm Oil (Packed),75.0
2014-03-24,THIRUCHIRAPALLI,Palm Oil (Packed),74.0
2014-03-24,HYDERABAD,Palm Oil (Packed),71.0
2014-03-25,PANAJI,Palm Oil (Packed),
2014-03-25,VISAKHAPATNAM,Palm Oil (Packed),65.0
2014-03-25,BENGALURU,Palm Oil (Packed),
2014-03-25,DHARWAD,Palm Oil (Packed),
2014-03-25,T.PURAM,Palm Oil (Packed),80.0
2014-03-25,ERNAKULAM,Palm Oil (Packed),65.0
2014-03-25,KOZHIKODE,Palm Oil (Packed),69.0
2014-03-25,PUDUCHERRY,Palm Oil (Packed),71.0
2014-03-25,CHENNAI,Palm Oil (Packed),74.0
2014-03-25,DINDIGUL,Palm Oil (Packed),75.0
2014-03-25,THIRUCHIRAPALLI,Palm Oil (Packed),74.0
2014-03-25,HYDERABAD,Palm Oil (Packed),71.0
2014-03-26,PANAJI,Palm Oil (Packed),
2014-03-26,VISAKHAPATNAM,Palm Oil (Packed),65.0
2014-03-26,BENGALURU,Palm Oil (Packed),
2014-03-26,DHARWAD,Palm Oil (Packed),68.0
2014-03-26,T.PURAM,Palm Oil (Packed),80.0
2014-03-26,ERNAKULAM,Palm Oil (Packed),65.0
2014-03-26,KOZHIKODE,Palm Oil (Packed),69.0
2014-03-26,PUDUCHERRY,Palm Oil (Packed),71.0
2014-03-26,CHENNAI,Palm Oil (Packed),74.0
2014-03-26,DINDIGUL,Palm Oil (Packed),75.0
2014-03-26,THIRUCHIRAPALLI,Palm Oil (Packed),74.0
2014-03-26,HYDERABAD,Palm Oil (Packed),71.0
2014-03-27,PANAJI,Palm Oil (Packed),
2014-03-27,VISAKHAPATNAM,Palm Oil (Packed),65.0
2014-03-27,BENGALURU,Palm Oil (Packed),
2014-03-27,DHARWAD,Palm Oil (Packed),
2014-03-27,T.PURAM,Palm Oil (Packed),80.0
2014-03-27,ERNAKULAM,Palm Oil (Packed),65.0
2014-03-27,KOZHIKODE,Palm Oil (Packed),69.0
2014-03-27,PUDUCHERRY,Palm Oil (Packed),71.0
2014-03-27,CHENNAI,Palm Oil (Packed),74.0
2014-03-27,DINDIGUL,Palm Oil (Packed),75.0
2014-03-27,THIRUCHIRAPALLI,Palm Oil (Packed),74.0
2014-03-27,HYDERABAD,Palm Oil (Packed),71.0
2014-03-28,PANAJI,Palm Oil (Packed),
2014-03-28,VISAKHAPATNAM,Palm Oil (Packed),65.0
2014-03-28,BENGALURU,Palm Oil (Packed),73.0
2014-03-28,DHARWAD,Palm Oil (Packed),68.0
2014-03-28,T.PURAM,Palm Oil (Packed),80.0
2014-03-28,ERNAKULAM,Palm Oil (Packed),65.0
2014-03-28,KOZHIKODE,Palm Oil (Packed),69.0
2014-03-28,PUDUCHERRY,Palm Oil (Packed),71.0
2014-03-28,CHENNAI,Palm Oil (Packed),74.0
2014-03-28,DINDIGUL,Palm Oil (Packed),75.0
2014-03-28,THIRUCHIRAPALLI,Palm Oil (Packed),74.0
2014-03-28,HYDERABAD,Palm Oil (Packed),71.0
2014-03-31,PANAJI,Palm Oil (Packed),
2014-03-31,VISAKHAPATNAM,Palm Oil (Packed),
2014-03-31,BENGALURU,Palm Oil (Packed),
2014-03-31,DHARWAD,Palm Oil (Packed),
2014-03-31,T.PURAM,Palm Oil (Packed),80.0
2014-03-31,ERNAKULAM,Palm Oil (Packed),65.0
2014-03-31,KOZHIKODE,Palm Oil (Packed),69.0
2014-03-31,PUDUCHERRY,Palm Oil (Packed),70.0
2014-03-31,CHENNAI,Palm Oil (Packed),
2014-03-31,DINDIGUL,Palm Oil (Packed),
2014-03-31,THIRUCHIRAPALLI,Palm Oil (Packed),
2014-03-31,HYDERABAD,Palm Oil (Packed),
2014-04-01,PANAJI,Palm Oil (Packed),
2014-04-01,VISAKHAPATNAM,Palm Oil (Packed),65.0
2014-04-01,BENGALURU,Palm Oil (Packed),73.0
2014-04-01,DHARWAD,Palm Oil (Packed),68.0
2014-04-01,T.PURAM,Palm Oil (Packed),80.0
2014-04-01,ERNAKULAM,Palm Oil (Packed),65.0
2014-04-01,KOZHIKODE,Palm Oil (Packed),69.0
2014-04-01,PUDUCHERRY,Palm Oil (Packed),70.0
2014-04-01,CHENNAI,Palm Oil (Packed),74.0
2014-04-01,DINDIGUL,Palm Oil (Packed),75.0
2014-04-01,THIRUCHIRAPALLI,Palm Oil (Packed),74.0
2014-04-01,HYDERABAD,Palm Oil (Packed),71.0
2014-04-02,PANAJI,Palm Oil (Packed),
2014-04-02,VISAKHAPATNAM,Palm Oil (Packed),65.0
2014-04-02,BENGALURU,Palm Oil (Packed),73.0
2014-04-02,DHARWAD,Palm Oil (Packed),68.0
2014-04-02,T.PURAM,Palm Oil (Packed),
2014-04-02,ERNAKULAM,Palm Oil (Packed),
2014-04-02,KOZHIKODE,Palm Oil (Packed),
2014-04-02,PUDUCHERRY,Palm Oil (Packed),70.0
2014-04-02,CHENNAI,Palm Oil (Packed),72.0
2014-04-02,DINDIGUL,Palm Oil (Packed),75.0
2014-04-02,THIRUCHIRAPALLI,Palm Oil (Packed),74.0
2014-04-02,HYDERABAD,Palm Oil (Packed),71.0
2014-04-03,PANAJI,Palm Oil (Packed),
2014-04-03,VISAKHAPATNAM,Palm Oil (Packed),65.0
2014-04-03,BENGALURU,Palm Oil (Packed),73.0
2014-04-03,DHARWAD,Palm Oil (Packed),68.0
2014-04-03,T.PURAM,Palm Oil (Packed),80.0
2014-04-03,ERNAKULAM,Palm Oil (Packed),65.0
2014-04-03,KOZHIKODE,Palm Oil (Packed),69.0
2014-04-03,PUDUCHERRY,Palm Oil (Packed),70.0
2014-04-03,CHENNAI,Palm Oil (Packed),72.0
2014-04-03,DINDIGUL,Palm Oil (Packed),75.0
2014-04-03,THIRUCHIRAPALLI,Palm Oil (Packed),74.0
2014-04-03,HYDERABAD,Palm Oil (Packed),71.0
2014-04-04,PANAJI,Palm Oil (Packed),
2014-04-04,VISAKHAPATNAM,Palm Oil (Packed),65.0
2014-04-04,BENGALURU,Palm Oil (Packed),73.0
2014-04-04,DHARWAD,Palm Oil (Packed),68.0
2014-04-04,T.PURAM,Palm Oil (Packed),80.0
2014-04-04,ERNAKULAM,Palm Oil (Packed),65.0
2014-04-04,KOZHIKODE,Palm Oil (Packed),69.0
2014-04-04,PUDUCHERRY,Palm Oil (Packed),70.0
2014-04-04,CHENNAI,Palm Oil (Packed),72.0
2014-04-04,DINDIGUL,Palm Oil (Packed),75.0
2014-04-04,THIRUCHIRAPALLI,Palm Oil (Packed),74.0
2014-04-04,HYDERABAD,Palm Oil (Packed),71.0
2014-04-07,PANAJI,Palm Oil (Packed),
2014-04-07,VISAKHAPATNAM,Palm Oil (Packed),65.0
2014-04-07,BENGALURU,Palm Oil (Packed),73.0
2014-04-07,DHARWAD,Palm Oil (Packed),
2014-04-07,T.PURAM,Palm Oil (Packed),80.0
2014-04-07,ERNAKULAM,Palm Oil (Packed),65.0
2014-04-07,KOZHIKODE,Palm Oil (Packed),69.0
2014-04-07,PUDUCHERRY,Palm Oil (Packed),69.0
2014-04-07,CHENNAI,Palm Oil (Packed),72.0
2014-04-07,DINDIGUL,Palm Oil (Packed),75.0
2014-04-07,THIRUCHIRAPALLI,Palm Oil (Packed),74.0
2014-04-07,HYDERABAD,Palm Oil (Packed),71.0
2014-04-09,PANAJI,Palm Oil (Packed),
2014-04-09,VISAKHAPATNAM,Palm Oil (Packed),65.0
2014-04-09,BENGALURU,Palm Oil (Packed),
2014-04-09,DHARWAD,Palm Oil (Packed),
2014-04-09,T.PURAM,Palm Oil (Packed),80.0
2014-04-09,ERNAKULAM,Palm Oil (Packed),65.0
2014-04-09,KOZHIKODE,Palm Oil (Packed),69.0
2014-04-09,PUDUCHERRY,Palm Oil (Packed),69.0
2014-04-09,CHENNAI,Palm Oil (Packed),72.0
2014-04-09,DINDIGUL,Palm Oil (Packed),75.0
2014-04-09,THIRUCHIRAPALLI,Palm Oil (Packed),74.0
2014-04-09,HYDERABAD,Palm Oil (Packed),71.0
2014-04-11,PANAJI,Palm Oil (Packed),
2014-04-11,VISAKHAPATNAM,Palm Oil (Packed),65.0
2014-04-11,BENGALURU,Palm Oil (Packed),71.0
2014-04-11,DHARWAD,Palm Oil (Packed),68.0
2014-04-11,T.PURAM,Palm Oil (Packed),
2014-04-11,ERNAKULAM,Palm Oil (Packed),
2014-04-11,KOZHIKODE,Palm Oil (Packed),
2014-04-11,PUDUCHERRY,Palm Oil (Packed),69.0
2014-04-11,CHENNAI,Palm Oil (Packed),
2014-04-11,DINDIGUL,Palm Oil (Packed),75.0
2014-04-11,THIRUCHIRAPALLI,Palm Oil (Packed),74.0
2014-04-11,HYDERABAD,Palm Oil (Packed),71.0
2014-04-15,PANAJI,Palm Oil (Packed),
2014-04-15,VISAKHAPATNAM,Palm Oil (Packed),65.0
2014-04-15,BENGALURU,Palm Oil (Packed),71.0
2014-04-15,DHARWAD,Palm Oil (Packed),68.0
2014-04-15,T.PURAM,Palm Oil (Packed),
2014-04-15,ERNAKULAM,Palm Oil (Packed),
2014-04-15,KOZHIKODE,Palm Oil (Packed),
2014-04-15,PUDUCHERRY,Palm Oil (Packed),68.0
2014-04-15,CHENNAI,Palm Oil (Packed),
2014-04-15,DINDIGUL,Palm Oil (Packed),75.0
2014-04-15,THIRUCHIRAPALLI,Palm Oil (Packed),
2014-04-15,HYDERABAD,Palm Oil (Packed),71.0
2014-04-16,PANAJI,Palm Oil (Packed),78.0
2014-04-16,VISAKHAPATNAM,Palm Oil (Packed),65.0
2014-04-16,BENGALURU,Palm Oil (Packed),
2014-04-16,DHARWAD,Palm Oil (Packed),
2014-04-16,T.PURAM,Palm Oil (Packed),
2014-04-16,ERNAKULAM,Palm Oil (Packed),
2014-04-16,KOZHIKODE,Palm Oil (Packed),
2014-04-16,PUDUCHERRY,Palm Oil (Packed),68.0
2014-04-16,CHENNAI,Palm Oil (Packed),72.0
2014-04-16,DINDIGUL,Palm Oil (Packed),75.0
2014-04-16,THIRUCHIRAPALLI,Palm Oil (Packed),73.0
2014-04-16,HYDERABAD,Palm Oil (Packed),71.0
2014-04-17,PANAJI,Palm Oil (Packed),78.0
2014-04-17,VISAKHAPATNAM,Palm Oil (Packed),65.0
2014-04-17,BENGALURU,Palm Oil (Packed),
2014-04-17,DHARWAD,Palm Oil (Packed),
2014-04-17,T.PURAM,Palm Oil (Packed),
2014-04-17,ERNAKULAM,Palm Oil (Packed),
2014-04-17,KOZHIKODE,Palm Oil (Packed),
2014-04-17,PUDUCHERRY,Palm Oil (Packed),68.0
2014-04-17,CHENNAI,Palm Oil (Packed),72.0
2014-04-17,DINDIGUL,Palm Oil (Packed),75.0
2014-04-17,THIRUCHIRAPALLI,Palm Oil (Packed),73.0
2014-04-17,HYDERABAD,Palm Oil (Packed),71.0
2014-04-21,PANAJI,Palm Oil (Packed),78.0
2014-04-21,VISAKHAPATNAM,Palm Oil (Packed),65.0
2014-04-21,BENGALURU,Palm Oil (Packed),
2014-04-21,DHARWAD,Palm Oil (Packed),
2014-04-21,T.PURAM,Palm Oil (Packed),80.0
2014-04-21,ERNAKULAM,Palm Oil (Packed),65.0
2014-04-21,KOZHIKODE,Palm Oil (Packed),69.0
2014-04-21,PUDUCHERRY,Palm Oil (Packed),68.0
2014-04-21,CHENNAI,Palm Oil (Packed),70.0
2014-04-21,DINDIGUL,Palm Oil (Packed),75.0
2014-04-21,THIRUCHIRAPALLI,Palm Oil (Packed),73.0
2014-04-21,HYDERABAD,Palm Oil (Packed),71.0
2014-04-22,PANAJI,Palm Oil (Packed),75.0
2014-04-22,VISAKHAPATNAM,Palm Oil (Packed),68.0
2014-04-22,BENGALURU,Palm Oil (Packed),71.0
2014-04-22,DHARWAD,Palm Oil (Packed),69.0
2014-04-22,T.PURAM,Palm Oil (Packed),80.0
2014-04-22,ERNAKULAM,Palm Oil (Packed),65.0
2014-04-22,KOZHIKODE,Palm Oil (Packed),69.0
2014-04-22,PUDUCHERRY,Palm Oil (Packed),68.0
2014-04-22,CHENNAI,Palm Oil (Packed),70.0
2014-04-22,DINDIGUL,Palm Oil (Packed),75.0
2014-04-22,THIRUCHIRAPALLI,Palm Oil (Packed),73.0
2014-04-22,HYDERABAD,Palm Oil (Packed),71.0
2014-04-23,PANAJI,Palm Oil (Packed),75.0
2014-04-23,VISAKHAPATNAM,Palm Oil (Packed),68.0
2014-04-23,BENGALURU,Palm Oil (Packed),71.0
2014-04-23,DHARWAD,Palm Oil (Packed),69.0
2014-04-23,T.PURAM,Palm Oil (Packed),80.0
2014-04-23,ERNAKULAM,Palm Oil (Packed),65.0
2014-04-23,KOZHIKODE,Palm Oil (Packed),69.0
2014-04-23,PUDUCHERRY,Palm Oil (Packed),68.0
2014-04-23,CHENNAI,Palm Oil (Packed),70.0
2014-04-23,DINDIGUL,Palm Oil (Packed),75.0
2014-04-23,THIRUCHIRAPALLI,Palm Oil (Packed),73.0
2014-04-23,HYDERABAD,Palm Oil (Packed),71.0
2014-04-24,PANAJI,Palm Oil (Packed),75.0
2014-04-24,VISAKHAPATNAM,Palm Oil (Packed),70.0
2014-04-24,BENGALURU,Palm Oil (Packed),71.0
2014-04-24,DHARWAD,Palm Oil (Packed),69.0
2014-04-24,T.PURAM,Palm Oil (Packed),80.0
2014-04-24,ERNAKULAM,Palm Oil (Packed),65.0
2014-04-24,KOZHIKODE,Palm Oil (Packed),69.0
2014-04-24,PUDUCHERRY,Palm Oil (Packed),
2014-04-24,CHENNAI,Palm Oil (Packed),
2014-04-24,DINDIGUL,Palm Oil (Packed),
2014-04-24,THIRUCHIRAPALLI,Palm Oil (Packed),
2014-04-24,HYDERABAD,Palm Oil (Packed),71.0
2014-04-25,PANAJI,Palm Oil (Packed),75.0
2014-04-25,VISAKHAPATNAM,Palm Oil (Packed),71.0
2014-04-25,BENGALURU,Palm Oil (Packed),
2014-04-25,DHARWAD,Palm Oil (Packed),68.0
2014-04-25,T.PURAM,Palm Oil (Packed),80.0
2014-04-25,ERNAKULAM,Palm Oil (Packed),65.0
2014-04-25,KOZHIKODE,Palm Oil (Packed),69.0
2014-04-25,PUDUCHERRY,Palm Oil (Packed),68.0
2014-04-25,CHENNAI,Palm Oil (Packed),70.0
2014-04-25,DINDIGUL,Palm Oil (Packed),75.0
2014-04-25,THIRUCHIRAPALLI,Palm Oil (Packed),73.0
2014-04-25,HYDERABAD,Palm Oil (Packed),71.0
2014-04-28,PANAJI,Palm Oil (Packed),75.0
2014-04-28,VISAKHAPATNAM,Palm Oil (Packed),71.0
2014-04-28,BENGALURU,Palm Oil (Packed),71.0
2014-04-28,DHARWAD,Palm Oil (Packed),68.0
2014-04-28,T.PURAM,Palm Oil (Packed),80.0
2014-04-28,ERNAKULAM,Palm Oil (Packed),65.0
2014-04-28,KOZHIKODE,Palm Oil (Packed),69.0
2014-04-28,PUDUCHERRY,Palm Oil (Packed),68.0
2014-04-28,CHENNAI,Palm Oil (Packed),70.0
2014-04-28,DINDIGUL,Palm Oil (Packed),75.0
2014-04-28,THIRUCHIRAPALLI,Palm Oil (Packed),73.0
2014-04-28,HYDERABAD,Palm Oil (Packed),71.0
2014-04-29,PANAJI,Palm Oil (Packed),75.0
2014-04-29,VISAKHAPATNAM,Palm Oil (Packed),71.0
2014-04-29,BENGALURU,Palm Oil (Packed),71.0
2014-04-29,DHARWAD,Palm Oil (Packed),68.0
2014-04-29,T.PURAM,Palm Oil (Packed),80.0
2014-04-29,ERNAKULAM,Palm Oil (Packed),65.0
2014-04-29,KOZHIKODE,Palm Oil (Packed),69.0
2014-04-29,PUDUCHERRY,Palm Oil (Packed),68.0
2014-04-29,CHENNAI,Palm Oil (Packed),69.0
2014-04-29,DINDIGUL,Palm Oil (Packed),75.0
2014-04-29,THIRUCHIRAPALLI,Palm Oil (Packed),73.0
2014-04-29,HYDERABAD,Palm Oil (Packed),71.0
2014-04-30,PANAJI,Palm Oil (Packed),75.0
2014-04-30,VISAKHAPATNAM,Palm Oil (Packed),
2014-04-30,BENGALURU,Palm Oil (Packed),
2014-04-30,DHARWAD,Palm Oil (Packed),
2014-04-30,T.PURAM,Palm Oil (Packed),80.0
2014-04-30,ERNAKULAM,Palm Oil (Packed),65.0
2014-04-30,KOZHIKODE,Palm Oil (Packed),69.0
2014-04-30,PUDUCHERRY,Palm Oil (Packed),68.0
2014-04-30,CHENNAI,Palm Oil (Packed),69.0
2014-04-30,DINDIGUL,Palm Oil (Packed),75.0
2014-04-30,THIRUCHIRAPALLI,Palm Oil (Packed),73.0
2014-04-30,HYDERABAD,Palm Oil (Packed),
2014-05-01,PANAJI,Palm Oil (Packed),
2014-05-01,VISAKHAPATNAM,Palm Oil (Packed),71.0
2014-05-01,BENGALURU,Palm Oil (Packed),
2014-05-01,DHARWAD,Palm Oil (Packed),
2014-05-01,T.PURAM,Palm Oil (Packed),
2014-05-01,ERNAKULAM,Palm Oil (Packed),
2014-05-01,KOZHIKODE,Palm Oil (Packed),
2014-05-01,PUDUCHERRY,Palm Oil (Packed),
2014-05-01,CHENNAI,Palm Oil (Packed),
2014-05-01,DINDIGUL,Palm Oil (Packed),
2014-05-01,THIRUCHIRAPALLI,Palm Oil (Packed),
2014-05-01,HYDERABAD,Palm Oil (Packed),71.0
2014-05-02,PANAJI,Palm Oil (Packed),
2014-05-02,VISAKHAPATNAM,Palm Oil (Packed),71.0
2014-05-02,BENGALURU,Palm Oil (Packed),
2014-05-02,DHARWAD,Palm Oil (Packed),
2014-05-02,T.PURAM,Palm Oil (Packed),80.0
2014-05-02,ERNAKULAM,Palm Oil (Packed),65.0
2014-05-02,KOZHIKODE,Palm Oil (Packed),69.0
2014-05-02,PUDUCHERRY,Palm Oil (Packed),68.0
2014-05-02,CHENNAI,Palm Oil (Packed),69.0
2014-05-02,DINDIGUL,Palm Oil (Packed),75.0
2014-05-02,THIRUCHIRAPALLI,Palm Oil (Packed),
2014-05-02,HYDERABAD,Palm Oil (Packed),71.0
2014-05-05,PANAJI,Palm Oil (Packed),75.0
2014-05-05,VISAKHAPATNAM,Palm Oil (Packed),71.0
2014-05-05,BENGALURU,Palm Oil (Packed),
2014-05-05,DHARWAD,Palm Oil (Packed),
2014-05-05,T.PURAM,Palm Oil (Packed),80.0
2014-05-05,ERNAKULAM,Palm Oil (Packed),65.0
2014-05-05,KOZHIKODE,Palm Oil (Packed),69.0
2014-05-05,PUDUCHERRY,Palm Oil (Packed),68.0
2014-05-05,CHENNAI,Palm Oil (Packed),69.0
2014-05-05,DINDIGUL,Palm Oil (Packed),75.0
2014-05-05,THIRUCHIRAPALLI,Palm Oil (Packed),
2014-05-05,HYDERABAD,Palm Oil (Packed),71.0
2014-05-06,PANAJI,Palm Oil (Packed),75.0
2014-05-06,VISAKHAPATNAM,Palm Oil (Packed),71.0
2014-05-06,BENGALURU,Palm Oil (Packed),71.0
2014-05-06,DHARWAD,Palm Oil (Packed),67.0
2014-05-06,T.PURAM,Palm Oil (Packed),80.0
2014-05-06,ERNAKULAM,Palm Oil (Packed),65.0
2014-05-06,KOZHIKODE,Palm Oil (Packed),69.0
2014-05-06,PUDUCHERRY,Palm Oil (Packed),68.0
2014-05-06,CHENNAI,Palm Oil (Packed),69.0
2014-05-06,DINDIGUL,Palm Oil (Packed),75.0
2014-05-06,THIRUCHIRAPALLI,Palm Oil (Packed),
2014-05-06,HYDERABAD,Palm Oil (Packed),71.0
2014-05-07,PANAJI,Palm Oil (Packed),
2014-05-07,VISAKHAPATNAM,Palm Oil (Packed),
2014-05-07,BENGALURU,Palm Oil (Packed),
2014-05-07,DHARWAD,Palm Oil (Packed),
2014-05-07,T.PURAM,Palm Oil (Packed),80.0
2014-05-07,ERNAKULAM,Palm Oil (Packed),65.0
2014-05-07,KOZHIKODE,Palm Oil (Packed),69.0
2014-05-07,PUDUCHERRY,Palm Oil (Packed),67.0
2014-05-07,CHENNAI,Palm Oil (Packed),69.0
2014-05-07,DINDIGUL,Palm Oil (Packed),
2014-05-07,THIRUCHIRAPALLI,Palm Oil (Packed),73.0
2014-05-07,HYDERABAD,Palm Oil (Packed),71.0
2014-05-08,PANAJI,Palm Oil (Packed),
2014-05-08,VISAKHAPATNAM,Palm Oil (Packed),71.0
2014-05-08,BENGALURU,Palm Oil (Packed),
2014-05-08,DHARWAD,Palm Oil (Packed),
2014-05-08,T.PURAM,Palm Oil (Packed),80.0
2014-05-08,ERNAKULAM,Palm Oil (Packed),65.0
2014-05-08,KOZHIKODE,Palm Oil (Packed),69.0
2014-05-08,PUDUCHERRY,Palm Oil (Packed),67.0
2014-05-08,CHENNAI,Palm Oil (Packed),69.0
2014-05-08,DINDIGUL,Palm Oil (Packed),76.0
2014-05-08,THIRUCHIRAPALLI,Palm Oil (Packed),73.0
2014-05-08,HYDERABAD,Palm Oil (Packed),71.0
2014-05-09,PANAJI,Palm Oil (Packed),
2014-05-09,VISAKHAPATNAM,Palm Oil (Packed),71.0
2014-05-09,BENGALURU,Palm Oil (Packed),
2014-05-09,DHARWAD,Palm Oil (Packed),66.0
2014-05-09,T.PURAM,Palm Oil (Packed),80.0
2014-05-09,ERNAKULAM,Palm Oil (Packed),65.0
2014-05-09,KOZHIKODE,Palm Oil (Packed),69.0
2014-05-09,PUDUCHERRY,Palm Oil (Packed),67.0
2014-05-09,CHENNAI,Palm Oil (Packed),69.0
2014-05-09,DINDIGUL,Palm Oil (Packed),76.0
2014-05-09,THIRUCHIRAPALLI,Palm Oil (Packed),73.0
2014-05-09,HYDERABAD,Palm Oil (Packed),71.0
2014-05-12,PANAJI,Palm Oil (Packed),
2014-05-12,VISAKHAPATNAM,Palm Oil (Packed),71.0
2014-05-12,BENGALURU,Palm Oil (Packed),
2014-05-12,DHARWAD,Palm Oil (Packed),
2014-05-12,T.PURAM,Palm Oil (Packed),80.0
2014-05-12,ERNAKULAM,Palm Oil (Packed),65.0
2014-05-12,KOZHIKODE,Palm Oil (Packed),69.0
2014-05-12,PUDUCHERRY,Palm Oil (Packed),67.0
2014-05-12,CHENNAI,Palm Oil (Packed),68.0
2014-05-12,DINDIGUL,Palm Oil (Packed),76.0
2014-05-12,THIRUCHIRAPALLI,Palm Oil (Packed),73.0
2014-05-12,HYDERABAD,Palm Oil (Packed),71.0
2014-05-13,PANAJI,Palm Oil (Packed),
2014-05-13,VISAKHAPATNAM,Palm Oil (Packed),71.0
2014-05-13,BENGALURU,Palm Oil (Packed),
2014-05-13,DHARWAD,Palm Oil (Packed),
2014-05-13,T.PURAM,Palm Oil (Packed),80.0
2014-05-13,ERNAKULAM,Palm Oil (Packed),65.0
2014-05-13,KOZHIKODE,Palm Oil (Packed),69.0
2014-05-13,PUDUCHERRY,Palm Oil (Packed),66.0
2014-05-13,CHENNAI,Palm Oil (Packed),68.0
2014-05-13,DINDIGUL,Palm Oil (Packed),76.0
2014-05-13,THIRUCHIRAPALLI,Palm Oil (Packed),73.0
2014-05-13,HYDERABAD,Palm Oil (Packed),71.0
2014-05-15,PANAJI,Palm Oil (Packed),
2014-05-15,VISAKHAPATNAM,Palm Oil (Packed),71.0
2014-05-15,BENGALURU,Palm Oil (Packed),
2014-05-15,DHARWAD,Palm Oil (Packed),
2014-05-15,T.PURAM,Palm Oil (Packed),80.0
2014-05-15,ERNAKULAM,Palm Oil (Packed),65.0
2014-05-15,KOZHIKODE,Palm Oil (Packed),69.0
2014-05-15,PUDUCHERRY,Palm Oil (Packed),66.0
2014-05-15,CHENNAI,Palm Oil (Packed),68.0
2014-05-15,DINDIGUL,Palm Oil (Packed),76.0
2014-05-15,THIRUCHIRAPALLI,Palm Oil (Packed),73.0
2014-05-15,HYDERABAD,Palm Oil (Packed),71.0
2014-05-16,PANAJI,Palm Oil (Packed),
2014-05-16,VISAKHAPATNAM,Palm Oil (Packed),71.0
2014-05-16,BENGALURU,Palm Oil (Packed),
2014-05-16,DHARWAD,Palm Oil (Packed),
2014-05-16,T.PURAM,Palm Oil (Packed),80.0
2014-05-16,ERNAKULAM,Palm Oil (Packed),65.0
2014-05-16,KOZHIKODE,Palm Oil (Packed),69.0
2014-05-16,PUDUCHERRY,Palm Oil (Packed),66.0
2014-05-16,CHENNAI,Palm Oil (Packed),68.0
2014-05-16,DINDIGUL,Palm Oil (Packed),76.0
2014-05-16,THIRUCHIRAPALLI,Palm Oil (Packed),73.0
2014-05-16,HYDERABAD,Palm Oil (Packed),71.0
2014-05-19,PANAJI,Palm Oil (Packed),73.0
2014-05-19,VISAKHAPATNAM,Palm Oil (Packed),71.0
2014-05-19,BENGALURU,Palm Oil (Packed),
2014-05-19,DHARWAD,Palm Oil (Packed),
2014-05-19,T.PURAM,Palm Oil (Packed),80.0
2014-05-19,ERNAKULAM,Palm Oil (Packed),65.0
2014-05-19,KOZHIKODE,Palm Oil (Packed),69.0
2014-05-19,PUDUCHERRY,Palm Oil (Packed),66.0
2014-05-19,CHENNAI,Palm Oil (Packed),68.0
2014-05-19,DINDIGUL,Palm Oil (Packed),76.0
2014-05-19,THIRUCHIRAPALLI,Palm Oil (Packed),73.0
2014-05-19,HYDERABAD,Palm Oil (Packed),71.0
2014-05-20,PANAJI,Palm Oil (Packed),73.0
2014-05-20,VISAKHAPATNAM,Palm Oil (Packed),71.0
2014-05-20,BENGALURU,Palm Oil (Packed),
2014-05-20,DHARWAD,Palm Oil (Packed),
2014-05-20,T.PURAM,Palm Oil (Packed),80.0
2014-05-20,ERNAKULAM,Palm Oil (Packed),65.0
2014-05-20,KOZHIKODE,Palm Oil (Packed),69.0
2014-05-20,PUDUCHERRY,Palm Oil (Packed),66.0
2014-05-20,CHENNAI,Palm Oil (Packed),68.0
2014-05-20,DINDIGUL,Palm Oil (Packed),76.0
2014-05-20,THIRUCHIRAPALLI,Palm Oil (Packed),73.0
2014-05-20,HYDERABAD,Palm Oil (Packed),71.0
2014-05-21,PANAJI,Palm Oil (Packed),73.0
2014-05-21,VISAKHAPATNAM,Palm Oil (Packed),71.0
2014-05-21,BENGALURU,Palm Oil (Packed),
2014-05-21,DHARWAD,Palm Oil (Packed),
2014-05-21,T.PURAM,Palm Oil (Packed),80.0
2014-05-21,ERNAKULAM,Palm Oil (Packed),65.0
2014-05-21,KOZHIKODE,Palm Oil (Packed),69.0
2014-05-21,PUDUCHERRY,Palm Oil (Packed),66.0
2014-05-21,CHENNAI,Palm Oil (Packed),68.0
2014-05-21,DINDIGUL,Palm Oil (Packed),76.0
2014-05-21,THIRUCHIRAPALLI,Palm Oil (Packed),73.0
2014-05-21,HYDERABAD,Palm Oil (Packed),71.0
2014-05-22,PANAJI,Palm Oil (Packed),73.0
2014-05-22,VISAKHAPATNAM,Palm Oil (Packed),71.0
2014-05-22,BENGALURU,Palm Oil (Packed),
2014-05-22,DHARWAD,Palm Oil (Packed),
2014-05-22,T.PURAM,Palm Oil (Packed),80.0
2014-05-22,ERNAKULAM,Palm Oil (Packed),65.0
2014-05-22,KOZHIKODE,Palm Oil (Packed),69.0
2014-05-22,PUDUCHERRY,Palm Oil (Packed),66.0
2014-05-22,CHENNAI,Palm Oil (Packed),68.0
2014-05-22,DINDIGUL,Palm Oil (Packed),76.0
2014-05-22,THIRUCHIRAPALLI,Palm Oil (Packed),73.0
2014-05-22,HYDERABAD,Palm Oil (Packed),71.0
2014-05-23,PANAJI,Palm Oil (Packed),73.0
2014-05-23,VISAKHAPATNAM,Palm Oil (Packed),71.0
2014-05-23,BENGALURU,Palm Oil (Packed),71.0
2014-05-23,DHARWAD,Palm Oil (Packed),
2014-05-23,T.PURAM,Palm Oil (Packed),80.0
2014-05-23,ERNAKULAM,Palm Oil (Packed),65.0
2014-05-23,KOZHIKODE,Palm Oil (Packed),69.0
2014-05-23,PUDUCHERRY,Palm Oil (Packed),67.0
2014-05-23,CHENNAI,Palm Oil (Packed),68.0
2014-05-23,DINDIGUL,Palm Oil (Packed),76.0
2014-05-23,THIRUCHIRAPALLI,Palm Oil (Packed),73.0
2014-05-23,HYDERABAD,Palm Oil (Packed),71.0
2014-05-26,PANAJI,Palm Oil (Packed),73.0
2014-05-26,VISAKHAPATNAM,Palm Oil (Packed),71.0
2014-05-26,BENGALURU,Palm Oil (Packed),71.0
2014-05-26,DHARWAD,Palm Oil (Packed),
2014-05-26,T.PURAM,Palm Oil (Packed),80.0
2014-05-26,ERNAKULAM,Palm Oil (Packed),65.0
2014-05-26,KOZHIKODE,Palm Oil (Packed),69.0
2014-05-26,PUDUCHERRY,Palm Oil (Packed),65.0
2014-05-26,CHENNAI,Palm Oil (Packed),68.0
2014-05-26,DINDIGUL,Palm Oil (Packed),76.0
2014-05-26,THIRUCHIRAPALLI,Palm Oil (Packed),73.0
2014-05-26,HYDERABAD,Palm Oil (Packed),71.0
2014-05-27,PANAJI,Palm Oil (Packed),
2014-05-27,VISAKHAPATNAM,Palm Oil (Packed),71.0
2014-05-27,BENGALURU,Palm Oil (Packed),71.0
2014-05-27,DHARWAD,Palm Oil (Packed),68.0
2014-05-27,T.PURAM,Palm Oil (Packed),80.0
2014-05-27,ERNAKULAM,Palm Oil (Packed),65.0
2014-05-27,KOZHIKODE,Palm Oil (Packed),69.0
2014-05-27,PUDUCHERRY,Palm Oil (Packed),65.0
2014-05-27,CHENNAI,Palm Oil (Packed),68.0
2014-05-27,DINDIGUL,Palm Oil (Packed),76.0
2014-05-27,THIRUCHIRAPALLI,Palm Oil (Packed),70.0
2014-05-27,HYDERABAD,Palm Oil (Packed),71.0
2014-05-28,PANAJI,Palm Oil (Packed),73.0
2014-05-28,VISAKHAPATNAM,Palm Oil (Packed),71.0
2014-05-28,BENGALURU,Palm Oil (Packed),71.0
2014-05-28,DHARWAD,Palm Oil (Packed),68.0
2014-05-28,T.PURAM,Palm Oil (Packed),80.0
2014-05-28,ERNAKULAM,Palm Oil (Packed),65.0
2014-05-28,KOZHIKODE,Palm Oil (Packed),69.0
2014-05-28,PUDUCHERRY,Palm Oil (Packed),65.0
2014-05-28,CHENNAI,Palm Oil (Packed),68.0
2014-05-28,DINDIGUL,Palm Oil (Packed),74.0
2014-05-28,THIRUCHIRAPALLI,Palm Oil (Packed),70.0
2014-05-28,HYDERABAD,Palm Oil (Packed),71.0
2014-05-29,PANAJI,Palm Oil (Packed),73.0
2014-05-29,VISAKHAPATNAM,Palm Oil (Packed),71.0
2014-05-29,BENGALURU,Palm Oil (Packed),71.0
2014-05-29,DHARWAD,Palm Oil (Packed),68.0
2014-05-29,T.PURAM,Palm Oil (Packed),80.0
2014-05-29,ERNAKULAM,Palm Oil (Packed),65.0
2014-05-29,KOZHIKODE,Palm Oil (Packed),69.0
2014-05-29,PUDUCHERRY,Palm Oil (Packed),65.0
2014-05-29,CHENNAI,Palm Oil (Packed),
2014-05-29,DINDIGUL,Palm Oil (Packed),74.0
2014-05-29,THIRUCHIRAPALLI,Palm Oil (Packed),70.0
2014-05-29,HYDERABAD,Palm Oil (Packed),71.0
2014-05-30,PANAJI,Palm Oil (Packed),
2014-05-30,VISAKHAPATNAM,Palm Oil (Packed),71.0
2014-05-30,BENGALURU,Palm Oil (Packed),71.0
2014-05-30,DHARWAD,Palm Oil (Packed),68.0
2014-05-30,T.PURAM,Palm Oil (Packed),80.0
2014-05-30,ERNAKULAM,Palm Oil (Packed),65.0
2014-05-30,KOZHIKODE,Palm Oil (Packed),69.0
2014-05-30,PUDUCHERRY,Palm Oil (Packed),65.0
2014-05-30,CHENNAI,Palm Oil (Packed),
2014-05-30,DINDIGUL,Palm Oil (Packed),74.0
2014-05-30,THIRUCHIRAPALLI,Palm Oil (Packed),70.0
2014-05-30,HYDERABAD,Palm Oil (Packed),71.0
2014-06-02,PANAJI,Palm Oil (Packed),
2014-06-02,VISAKHAPATNAM,Palm Oil (Packed),71.0
2014-06-02,BENGALURU,Palm Oil (Packed),71.0
2014-06-02,DHARWAD,Palm Oil (Packed),68.0
2014-06-02,T.PURAM,Palm Oil (Packed),80.0
2014-06-02,ERNAKULAM,Palm Oil (Packed),65.0
2014-06-02,KOZHIKODE,Palm Oil (Packed),69.0
2014-06-02,PUDUCHERRY,Palm Oil (Packed),65.0
2014-06-02,CHENNAI,Palm Oil (Packed),
2014-06-02,DINDIGUL,Palm Oil (Packed),74.0
2014-06-02,THIRUCHIRAPALLI,Palm Oil (Packed),70.0
2014-06-02,HYDERABAD,Palm Oil (Packed),71.0
2014-06-03,PANAJI,Palm Oil (Packed),
2014-06-03,VISAKHAPATNAM,Palm Oil (Packed),71.0
2014-06-03,BENGALURU,Palm Oil (Packed),71.0
2014-06-03,DHARWAD,Palm Oil (Packed),68.0
2014-06-03,T.PURAM,Palm Oil (Packed),80.0
2014-06-03,ERNAKULAM,Palm Oil (Packed),65.0
2014-06-03,KOZHIKODE,Palm Oil (Packed),69.0
2014-06-03,PUDUCHERRY,Palm Oil (Packed),65.0
2014-06-03,CHENNAI,Palm Oil (Packed),66.0
2014-06-03,DINDIGUL,Palm Oil (Packed),74.0
2014-06-03,THIRUCHIRAPALLI,Palm Oil (Packed),70.0
2014-06-03,HYDERABAD,Palm Oil (Packed),71.0
2014-06-04,PANAJI,Palm Oil (Packed),
2014-06-04,VISAKHAPATNAM,Palm Oil (Packed),71.0
2014-06-04,BENGALURU,Palm Oil (Packed),71.0
2014-06-04,DHARWAD,Palm Oil (Packed),68.0
2014-06-04,T.PURAM,Palm Oil (Packed),80.0
2014-06-04,ERNAKULAM,Palm Oil (Packed),65.0
2014-06-04,KOZHIKODE,Palm Oil (Packed),69.0
2014-06-04,PUDUCHERRY,Palm Oil (Packed),65.0
2014-06-04,CHENNAI,Palm Oil (Packed),66.0
2014-06-04,DINDIGUL,Palm Oil (Packed),74.0
2014-06-04,THIRUCHIRAPALLI,Palm Oil (Packed),70.0
2014-06-04,HYDERABAD,Palm Oil (Packed),71.0
2014-06-05,PANAJI,Palm Oil (Packed),
2014-06-05,VISAKHAPATNAM,Palm Oil (Packed),71.0
2014-06-05,BENGALURU,Palm Oil (Packed),71.0
2014-06-05,DHARWAD,Palm Oil (Packed),66.0
2014-06-05,T.PURAM,Palm Oil (Packed),80.0
2014-06-05,ERNAKULAM,Palm Oil (Packed),65.0
2014-06-05,KOZHIKODE,Palm Oil (Packed),69.0
2014-06-05,PUDUCHERRY,Palm Oil (Packed),65.0
2014-06-05,CHENNAI,Palm Oil (Packed),66.0
2014-06-05,DINDIGUL,Palm Oil (Packed),74.0
2014-06-05,THIRUCHIRAPALLI,Palm Oil (Packed),70.0
2014-06-05,HYDERABAD,Palm Oil (Packed),71.0
2014-06-06,PANAJI,Palm Oil (Packed),
2014-06-06,VISAKHAPATNAM,Palm Oil (Packed),71.0
2014-06-06,BENGALURU,Palm Oil (Packed),70.0
2014-06-06,DHARWAD,Palm Oil (Packed),66.0
2014-06-06,T.PURAM,Palm Oil (Packed),80.0
2014-06-06,ERNAKULAM,Palm Oil (Packed),65.0
2014-06-06,KOZHIKODE,Palm Oil (Packed),69.0
2014-06-06,PUDUCHERRY,Palm Oil (Packed),65.0
2014-06-06,CHENNAI,Palm Oil (Packed),66.0
2014-06-06,DINDIGUL,Palm Oil (Packed),74.0
2014-06-06,THIRUCHIRAPALLI,Palm Oil (Packed),70.0
2014-06-06,HYDERABAD,Palm Oil (Packed),71.0
2014-06-09,PANAJI,Palm Oil (Packed),
2014-06-09,VISAKHAPATNAM,Palm Oil (Packed),71.0
2014-06-09,BENGALURU,Palm Oil (Packed),70.0
2014-06-09,DHARWAD,Palm Oil (Packed),64.0
2014-06-09,T.PURAM,Palm Oil (Packed),80.0
2014-06-09,ERNAKULAM,Palm Oil (Packed),65.0
2014-06-09,KOZHIKODE,Palm Oil (Packed),69.0
2014-06-09,PUDUCHERRY,Palm Oil (Packed),65.0
2014-06-09,CHENNAI,Palm Oil (Packed),66.0
2014-06-09,DINDIGUL,Palm Oil (Packed),74.0
2014-06-09,THIRUCHIRAPALLI,Palm Oil (Packed),70.0
2014-06-09,HYDERABAD,Palm Oil (Packed),71.0
2014-06-10,PANAJI,Palm Oil (Packed),
2014-06-10,VISAKHAPATNAM,Palm Oil (Packed),71.0
2014-06-10,BENGALURU,Palm Oil (Packed),
2014-06-10,DHARWAD,Palm Oil (Packed),
2014-06-10,T.PURAM,Palm Oil (Packed),75.0
2014-06-10,ERNAKULAM,Palm Oil (Packed),65.0
2014-06-10,KOZHIKODE,Palm Oil (Packed),70.0
2014-06-10,PUDUCHERRY,Palm Oil (Packed),65.0
2014-06-10,CHENNAI,Palm Oil (Packed),66.0
2014-06-10,DINDIGUL,Palm Oil (Packed),74.0
2014-06-10,THIRUCHIRAPALLI,Palm Oil (Packed),70.0
2014-06-10,HYDERABAD,Palm Oil (Packed),71.0
2014-06-11,PANAJI,Palm Oil (Packed),
2014-06-11,VISAKHAPATNAM,Palm Oil (Packed),70.0
2014-06-11,BENGALURU,Palm Oil (Packed),70.0
2014-06-11,DHARWAD,Palm Oil (Packed),64.0
2014-06-11,T.PURAM,Palm Oil (Packed),75.0
2014-06-11,ERNAKULAM,Palm Oil (Packed),65.0
2014-06-11,KOZHIKODE,Palm Oil (Packed),70.0
2014-06-11,PUDUCHERRY,Palm Oil (Packed),64.0
2014-06-11,CHENNAI,Palm Oil (Packed),66.0
2014-06-11,DINDIGUL,Palm Oil (Packed),74.0
2014-06-11,THIRUCHIRAPALLI,Palm Oil (Packed),70.0
2014-06-11,HYDERABAD,Palm Oil (Packed),71.0
2014-06-12,PANAJI,Palm Oil (Packed),
2014-06-12,VISAKHAPATNAM,Palm Oil (Packed),70.0
2014-06-12,BENGALURU,Palm Oil (Packed),70.0
2014-06-12,DHARWAD,Palm Oil (Packed),64.0
2014-06-12,T.PURAM,Palm Oil (Packed),75.0
2014-06-12,ERNAKULAM,Palm Oil (Packed),65.0
2014-06-12,KOZHIKODE,Palm Oil (Packed),70.0
2014-06-12,PUDUCHERRY,Palm Oil (Packed),64.0
2014-06-12,CHENNAI,Palm Oil (Packed),66.0
2014-06-12,DINDIGUL,Palm Oil (Packed),74.0
2014-06-12,THIRUCHIRAPALLI,Palm Oil (Packed),70.0
2014-06-12,HYDERABAD,Palm Oil (Packed),71.0
2014-06-13,PANAJI,Palm Oil (Packed),
2014-06-13,VISAKHAPATNAM,Palm Oil (Packed),70.0
2014-06-13,BENGALURU,Palm Oil (Packed),69.0
2014-06-13,DHARWAD,Palm Oil (Packed),63.0
2014-06-13,T.PURAM,Palm Oil (Packed),75.0
2014-06-13,ERNAKULAM,Palm Oil (Packed),65.0
2014-06-13,KOZHIKODE,Palm Oil (Packed),70.0
2014-06-13,PUDUCHERRY,Palm Oil (Packed),64.0
2014-06-13,CHENNAI,Palm Oil (Packed),66.0
2014-06-13,DINDIGUL,Palm Oil (Packed),74.0
2014-06-13,THIRUCHIRAPALLI,Palm Oil (Packed),70.0
2014-06-13,HYDERABAD,Palm Oil (Packed),71.0
2014-06-16,PANAJI,Palm Oil (Packed),
2014-06-16,VISAKHAPATNAM,Palm Oil (Packed),70.0
2014-06-16,BENGALURU,Palm Oil (Packed),69.0
2014-06-16,DHARWAD,Palm Oil (Packed),63.0
2014-06-16,T.PURAM,Palm Oil (Packed),74.0
2014-06-16,ERNAKULAM,Palm Oil (Packed),65.0
2014-06-16,KOZHIKODE,Palm Oil (Packed),70.0
2014-06-16,PUDUCHERRY,Palm Oil (Packed),64.0
2014-06-16,CHENNAI,Palm Oil (Packed),66.0
2014-06-16,DINDIGUL,Palm Oil (Packed),74.0
2014-06-16,THIRUCHIRAPALLI,Palm Oil (Packed),70.0
2014-06-16,HYDERABAD,Palm Oil (Packed),71.0
2014-06-17,PANAJI,Palm Oil (Packed),71.0
2014-06-17,VISAKHAPATNAM,Palm Oil (Packed),70.0
2014-06-17,BENGALURU,Palm Oil (Packed),
2014-06-17,DHARWAD,Palm Oil (Packed),
2014-06-17,T.PURAM,Palm Oil (Packed),74.0
2014-06-17,ERNAKULAM,Palm Oil (Packed),67.0
2014-06-17,KOZHIKODE,Palm Oil (Packed),70.0
2014-06-17,PUDUCHERRY,Palm Oil (Packed),64.0
2014-06-17,CHENNAI,Palm Oil (Packed),66.0
2014-06-17,DINDIGUL,Palm Oil (Packed),74.0
2014-06-17,THIRUCHIRAPALLI,Palm Oil (Packed),70.0
2014-06-17,HYDERABAD,Palm Oil (Packed),71.0
2014-06-18,PANAJI,Palm Oil (Packed),
2014-06-18,VISAKHAPATNAM,Palm Oil (Packed),70.0
2014-06-18,BENGALURU,Palm Oil (Packed),69.0
2014-06-18,DHARWAD,Palm Oil (Packed),63.0
2014-06-18,T.PURAM,Palm Oil (Packed),74.0
2014-06-18,ERNAKULAM,Palm Oil (Packed),68.0
2014-06-18,KOZHIKODE,Palm Oil (Packed),70.0
2014-06-18,PUDUCHERRY,Palm Oil (Packed),64.0
2014-06-18,CHENNAI,Palm Oil (Packed),66.0
2014-06-18,DINDIGUL,Palm Oil (Packed),74.0
2014-06-18,THIRUCHIRAPALLI,Palm Oil (Packed),70.0
2014-06-18,HYDERABAD,Palm Oil (Packed),71.0
2014-06-19,PANAJI,Palm Oil (Packed),71.0
2014-06-19,VISAKHAPATNAM,Palm Oil (Packed),70.0
2014-06-19,BENGALURU,Palm Oil (Packed),69.0
2014-06-19,DHARWAD,Palm Oil (Packed),64.0
2014-06-19,T.PURAM,Palm Oil (Packed),74.0
2014-06-19,ERNAKULAM,Palm Oil (Packed),68.0
2014-06-19,KOZHIKODE,Palm Oil (Packed),70.0
2014-06-19,PUDUCHERRY,Palm Oil (Packed),64.0
2014-06-19,CHENNAI,Palm Oil (Packed),66.0
2014-06-19,DINDIGUL,Palm Oil (Packed),74.0
2014-06-19,THIRUCHIRAPALLI,Palm Oil (Packed),69.0
2014-06-19,HYDERABAD,Palm Oil (Packed),71.0
2014-06-20,PANAJI,Palm Oil (Packed),71.0
2014-06-20,VISAKHAPATNAM,Palm Oil (Packed),70.0
2014-06-20,BENGALURU,Palm Oil (Packed),
2014-06-20,DHARWAD,Palm Oil (Packed),
2014-06-20,T.PURAM,Palm Oil (Packed),74.0
2014-06-20,ERNAKULAM,Palm Oil (Packed),68.0
2014-06-20,KOZHIKODE,Palm Oil (Packed),70.0
2014-06-20,PUDUCHERRY,Palm Oil (Packed),66.0
2014-06-20,CHENNAI,Palm Oil (Packed),66.0
2014-06-20,DINDIGUL,Palm Oil (Packed),74.0
2014-06-20,THIRUCHIRAPALLI,Palm Oil (Packed),69.0
2014-06-20,HYDERABAD,Palm Oil (Packed),71.0
2014-06-23,PANAJI,Palm Oil (Packed),
2014-06-23,VISAKHAPATNAM,Palm Oil (Packed),70.0
2014-06-23,BENGALURU,Palm Oil (Packed),
2014-06-23,DHARWAD,Palm Oil (Packed),
2014-06-23,T.PURAM,Palm Oil (Packed),74.0
2014-06-23,ERNAKULAM,Palm Oil (Packed),68.0
2014-06-23,KOZHIKODE,Palm Oil (Packed),70.0
2014-06-23,PUDUCHERRY,Palm Oil (Packed),66.0
2014-06-23,CHENNAI,Palm Oil (Packed),66.0
2014-06-23,DINDIGUL,Palm Oil (Packed),74.0
2014-06-23,THIRUCHIRAPALLI,Palm Oil (Packed),69.0
2014-06-23,HYDERABAD,Palm Oil (Packed),71.0
2014-06-24,PANAJI,Palm Oil (Packed),71.0
2014-06-24,VISAKHAPATNAM,Palm Oil (Packed),70.0
2014-06-24,BENGALURU,Palm Oil (Packed),68.0
2014-06-24,DHARWAD,Palm Oil (Packed),64.0
2014-06-24,T.PURAM,Palm Oil (Packed),74.0
2014-06-24,ERNAKULAM,Palm Oil (Packed),68.0
2014-06-24,KOZHIKODE,Palm Oil (Packed),70.0
2014-06-24,PUDUCHERRY,Palm Oil (Packed),65.0
2014-06-24,CHENNAI,Palm Oil (Packed),66.0
2014-06-24,DINDIGUL,Palm Oil (Packed),74.0
2014-06-24,THIRUCHIRAPALLI,Palm Oil (Packed),69.0
2014-06-24,HYDERABAD,Palm Oil (Packed),71.0
2014-06-25,PANAJI,Palm Oil (Packed),
2014-06-25,VISAKHAPATNAM,Palm Oil (Packed),70.0
2014-06-25,BENGALURU,Palm Oil (Packed),68.0
2014-06-25,DHARWAD,Palm Oil (Packed),64.0
2014-06-25,T.PURAM,Palm Oil (Packed),74.0
2014-06-25,ERNAKULAM,Palm Oil (Packed),68.0
2014-06-25,KOZHIKODE,Palm Oil (Packed),70.0
2014-06-25,PUDUCHERRY,Palm Oil (Packed),65.0
2014-06-25,CHENNAI,Palm Oil (Packed),67.0
2014-06-25,DINDIGUL,Palm Oil (Packed),74.0
2014-06-25,THIRUCHIRAPALLI,Palm Oil (Packed),69.0
2014-06-25,HYDERABAD,Palm Oil (Packed),71.0
2014-06-26,PANAJI,Palm Oil (Packed),
2014-06-26,VISAKHAPATNAM,Palm Oil (Packed),70.0
2014-06-26,BENGALURU,Palm Oil (Packed),68.0
2014-06-26,DHARWAD,Palm Oil (Packed),64.0
2014-06-26,T.PURAM,Palm Oil (Packed),74.0
2014-06-26,ERNAKULAM,Palm Oil (Packed),68.0
2014-06-26,KOZHIKODE,Palm Oil (Packed),70.0
2014-06-26,PUDUCHERRY,Palm Oil (Packed),65.0
2014-06-26,CHENNAI,Palm Oil (Packed),67.0
2014-06-26,DINDIGUL,Palm Oil (Packed),74.0
2014-06-26,THIRUCHIRAPALLI,Palm Oil (Packed),69.0
2014-06-26,HYDERABAD,Palm Oil (Packed),71.0
2014-06-27,PANAJI,Palm Oil (Packed),
2014-06-27,VISAKHAPATNAM,Palm Oil (Packed),70.0
2014-06-27,BENGALURU,Palm Oil (Packed),68.0
2014-06-27,DHARWAD,Palm Oil (Packed),64.0
2014-06-27,T.PURAM,Palm Oil (Packed),74.0
2014-06-27,ERNAKULAM,Palm Oil (Packed),68.0
2014-06-27,KOZHIKODE,Palm Oil (Packed),70.0
2014-06-27,PUDUCHERRY,Palm Oil (Packed),65.0
2014-06-27,CHENNAI,Palm Oil (Packed),66.0
2014-06-27,DINDIGUL,Palm Oil (Packed),74.0
2014-06-27,THIRUCHIRAPALLI,Palm Oil (Packed),69.0
2014-06-27,HYDERABAD,Palm Oil (Packed),71.0
2014-06-30,PANAJI,Palm Oil (Packed),
2014-06-30,VISAKHAPATNAM,Palm Oil (Packed),70.0
2014-06-30,BENGALURU,Palm Oil (Packed),68.0
2014-06-30,DHARWAD,Palm Oil (Packed),64.0
2014-06-30,T.PURAM,Palm Oil (Packed),74.0
2014-06-30,ERNAKULAM,Palm Oil (Packed),68.0
2014-06-30,KOZHIKODE,Palm Oil (Packed),70.0
2014-06-30,PUDUCHERRY,Palm Oil (Packed),65.0
2014-06-30,CHENNAI,Palm Oil (Packed),66.0
2014-06-30,DINDIGUL,Palm Oil (Packed),74.0
2014-06-30,THIRUCHIRAPALLI,Palm Oil (Packed),69.0
2014-06-30,HYDERABAD,Palm Oil (Packed),71.0
2014-07-01,PANAJI,Palm Oil (Packed),
2014-07-01,VISAKHAPATNAM,Palm Oil (Packed),70.0
2014-07-01,BENGALURU,Palm Oil (Packed),68.0
2014-07-01,DHARWAD,Palm Oil (Packed),66.0
2014-07-01,T.PURAM,Palm Oil (Packed),74.0
2014-07-01,ERNAKULAM,Palm Oil (Packed),68.0
2014-07-01,KOZHIKODE,Palm Oil (Packed),70.0
2014-07-01,PUDUCHERRY,Palm Oil (Packed),65.0
2014-07-01,CHENNAI,Palm Oil (Packed),66.0
2014-07-01,DINDIGUL,Palm Oil (Packed),74.0
2014-07-01,THIRUCHIRAPALLI,Palm Oil (Packed),69.0
2014-07-01,HYDERABAD,Palm Oil (Packed),71.0
2014-07-02,PANAJI,Palm Oil (Packed),
2014-07-02,VISAKHAPATNAM,Palm Oil (Packed),70.0
2014-07-02,BENGALURU,Palm Oil (Packed),68.0
2014-07-02,DHARWAD,Palm Oil (Packed),66.0
2014-07-02,T.PURAM,Palm Oil (Packed),74.0
2014-07-02,ERNAKULAM,Palm Oil (Packed),68.0
2014-07-02,KOZHIKODE,Palm Oil (Packed),70.0
2014-07-02,PUDUCHERRY,Palm Oil (Packed),65.0
2014-07-02,CHENNAI,Palm Oil (Packed),66.0
2014-07-02,DINDIGUL,Palm Oil (Packed),74.0
2014-07-02,THIRUCHIRAPALLI,Palm Oil (Packed),69.0
2014-07-02,HYDERABAD,Palm Oil (Packed),71.0
2014-07-03,PANAJI,Palm Oil (Packed),
2014-07-03,VISAKHAPATNAM,Palm Oil (Packed),70.0
2014-07-03,BENGALURU,Palm Oil (Packed),68.0
2014-07-03,DHARWAD,Palm Oil (Packed),64.0
2014-07-03,T.PURAM,Palm Oil (Packed),74.0
2014-07-03,ERNAKULAM,Palm Oil (Packed),68.0
2014-07-03,KOZHIKODE,Palm Oil (Packed),70.0
2014-07-03,PUDUCHERRY,Palm Oil (Packed),64.0
2014-07-03,CHENNAI,Palm Oil (Packed),66.0
2014-07-03,DINDIGUL,Palm Oil (Packed),74.0
2014-07-03,THIRUCHIRAPALLI,Palm Oil (Packed),69.0
2014-07-03,HYDERABAD,Palm Oil (Packed),71.0
2014-07-04,PANAJI,Palm Oil (Packed),
2014-07-04,VISAKHAPATNAM,Palm Oil (Packed),70.0
2014-07-04,BENGALURU,Palm Oil (Packed),68.0
2014-07-04,DHARWAD,Palm Oil (Packed),64.0
2014-07-04,T.PURAM,Palm Oil (Packed),74.0
2014-07-04,ERNAKULAM,Palm Oil (Packed),68.0
2014-07-04,KOZHIKODE,Palm Oil (Packed),70.0
2014-07-04,PUDUCHERRY,Palm Oil (Packed),64.0
2014-07-04,CHENNAI,Palm Oil (Packed),66.0
2014-07-04,DINDIGUL,Palm Oil (Packed),74.0
2014-07-04,THIRUCHIRAPALLI,Palm Oil (Packed),69.0
2014-07-04,HYDERABAD,Palm Oil (Packed),71.0
2014-07-07,PANAJI,Palm Oil (Packed),
2014-07-07,VISAKHAPATNAM,Palm Oil (Packed),70.0
2014-07-07,BENGALURU,Palm Oil (Packed),68.0
2014-07-07,DHARWAD,Palm Oil (Packed),64.0
2014-07-07,T.PURAM,Palm Oil (Packed),74.0
2014-07-07,ERNAKULAM,Palm Oil (Packed),68.0
2014-07-07,KOZHIKODE,Palm Oil (Packed),70.0
2014-07-07,PUDUCHERRY,Palm Oil (Packed),64.0
2014-07-07,CHENNAI,Palm Oil (Packed),65.0
2014-07-07,DINDIGUL,Palm Oil (Packed),74.0
2014-07-07,THIRUCHIRAPALLI,Palm Oil (Packed),69.0
2014-07-07,HYDERABAD,Palm Oil (Packed),71.0
2014-07-08,PANAJI,Palm Oil (Packed),71.0
2014-07-08,VISAKHAPATNAM,Palm Oil (Packed),70.0
2014-07-08,BENGALURU,Palm Oil (Packed),67.0
2014-07-08,DHARWAD,Palm Oil (Packed),64.0
2014-07-08,T.PURAM,Palm Oil (Packed),74.0
2014-07-08,ERNAKULAM,Palm Oil (Packed),68.0
2014-07-08,KOZHIKODE,Palm Oil (Packed),70.0
2014-07-08,PUDUCHERRY,Palm Oil (Packed),64.0
2014-07-08,CHENNAI,Palm Oil (Packed),65.0
2014-07-08,DINDIGUL,Palm Oil (Packed),74.0
2014-07-08,THIRUCHIRAPALLI,Palm Oil (Packed),69.0
2014-07-08,HYDERABAD,Palm Oil (Packed),71.0
2014-07-09,PANAJI,Palm Oil (Packed),
2014-07-09,VISAKHAPATNAM,Palm Oil (Packed),70.0
2014-07-09,BENGALURU,Palm Oil (Packed),67.0
2014-07-09,DHARWAD,Palm Oil (Packed),64.0
2014-07-09,T.PURAM,Palm Oil (Packed),74.0
2014-07-09,ERNAKULAM,Palm Oil (Packed),68.0
2014-07-09,KOZHIKODE,Palm Oil (Packed),70.0
2014-07-09,PUDUCHERRY,Palm Oil (Packed),64.0
2014-07-09,CHENNAI,Palm Oil (Packed),65.0
2014-07-09,DINDIGUL,Palm Oil (Packed),74.0
2014-07-09,THIRUCHIRAPALLI,Palm Oil (Packed),69.0
2014-07-09,HYDERABAD,Palm Oil (Packed),71.0
2014-07-10,PANAJI,Palm Oil (Packed),71.0
2014-07-10,VISAKHAPATNAM,Palm Oil (Packed),70.0
2014-07-10,BENGALURU,Palm Oil (Packed),67.0
2014-07-10,DHARWAD,Palm Oil (Packed),64.0
2014-07-10,T.PURAM,Palm Oil (Packed),74.0
2014-07-10,ERNAKULAM,Palm Oil (Packed),68.0
2014-07-10,KOZHIKODE,Palm Oil (Packed),70.0
2014-07-10,PUDUCHERRY,Palm Oil (Packed),64.0
2014-07-10,CHENNAI,Palm Oil (Packed),65.0
2014-07-10,DINDIGUL,Palm Oil (Packed),74.0
2014-07-10,THIRUCHIRAPALLI,Palm Oil (Packed),69.0
2014-07-10,HYDERABAD,Palm Oil (Packed),71.0
2014-07-11,PANAJI,Palm Oil (Packed),71.0
2014-07-11,VISAKHAPATNAM,Palm Oil (Packed),70.0
2014-07-11,BENGALURU,Palm Oil (Packed),67.0
2014-07-11,DHARWAD,Palm Oil (Packed),64.0
2014-07-11,T.PURAM,Palm Oil (Packed),74.0
2014-07-11,ERNAKULAM,Palm Oil (Packed),68.0
2014-07-11,KOZHIKODE,Palm Oil (Packed),70.0
2014-07-11,PUDUCHERRY,Palm Oil (Packed),64.0
2014-07-11,CHENNAI,Palm Oil (Packed),65.0
2014-07-11,DINDIGUL,Palm Oil (Packed),74.0
2014-07-11,THIRUCHIRAPALLI,Palm Oil (Packed),69.0
2014-07-11,HYDERABAD,Palm Oil (Packed),71.0
2014-07-14,PANAJI,Palm Oil (Packed),
2014-07-14,VISAKHAPATNAM,Palm Oil (Packed),70.0
2014-07-14,BENGALURU,Palm Oil (Packed),
2014-07-14,DHARWAD,Palm Oil (Packed),
2014-07-14,T.PURAM,Palm Oil (Packed),74.0
2014-07-14,ERNAKULAM,Palm Oil (Packed),68.0
2014-07-14,KOZHIKODE,Palm Oil (Packed),70.0
2014-07-14,PUDUCHERRY,Palm Oil (Packed),64.0
2014-07-14,CHENNAI,Palm Oil (Packed),65.0
2014-07-14,DINDIGUL,Palm Oil (Packed),74.0
2014-07-14,THIRUCHIRAPALLI,Palm Oil (Packed),69.0
2014-07-14,HYDERABAD,Palm Oil (Packed),71.0
2014-07-15,PANAJI,Palm Oil (Packed),71.0
2014-07-15,VISAKHAPATNAM,Palm Oil (Packed),70.0
2014-07-15,BENGALURU,Palm Oil (Packed),67.0
2014-07-15,DHARWAD,Palm Oil (Packed),64.0
2014-07-15,T.PURAM,Palm Oil (Packed),74.0
2014-07-15,ERNAKULAM,Palm Oil (Packed),68.0
2014-07-15,KOZHIKODE,Palm Oil (Packed),70.0
2014-07-15,PUDUCHERRY,Palm Oil (Packed),64.0
2014-07-15,CHENNAI,Palm Oil (Packed),65.0
2014-07-15,DINDIGUL,Palm Oil (Packed),74.0
2014-07-15,THIRUCHIRAPALLI,Palm Oil (Packed),69.0
2014-07-15,HYDERABAD,Palm Oil (Packed),71.0
2014-07-16,PANAJI,Palm Oil (Packed),71.0
2014-07-16,VISAKHAPATNAM,Palm Oil (Packed),70.0
2014-07-16,BENGALURU,Palm Oil (Packed),67.0
2014-07-16,DHARWAD,Palm Oil (Packed),64.0
2014-07-16,T.PURAM,Palm Oil (Packed),74.0
2014-07-16,ERNAKULAM,Palm Oil (Packed),68.0
2014-07-16,KOZHIKODE,Palm Oil (Packed),70.0
2014-07-16,PUDUCHERRY,Palm Oil (Packed),66.0
2014-07-16,CHENNAI,Palm Oil (Packed),65.0
2014-07-16,DINDIGUL,Palm Oil (Packed),74.0
2014-07-16,THIRUCHIRAPALLI,Palm Oil (Packed),69.0
2014-07-16,HYDERABAD,Palm Oil (Packed),71.0
2014-07-17,PANAJI,Palm Oil (Packed),71.0
2014-07-17,VISAKHAPATNAM,Palm Oil (Packed),70.0
2014-07-17,BENGALURU,Palm Oil (Packed),67.0
2014-07-17,DHARWAD,Palm Oil (Packed),64.0
2014-07-17,T.PURAM,Palm Oil (Packed),74.0
2014-07-17,ERNAKULAM,Palm Oil (Packed),68.0
2014-07-17,KOZHIKODE,Palm Oil (Packed),70.0
2014-07-17,PUDUCHERRY,Palm Oil (Packed),64.0
2014-07-17,CHENNAI,Palm Oil (Packed),65.0
2014-07-17,DINDIGUL,Palm Oil (Packed),74.0
2014-07-17,THIRUCHIRAPALLI,Palm Oil (Packed),69.0
2014-07-17,HYDERABAD,Palm Oil (Packed),71.0
2014-07-18,PANAJI,Palm Oil (Packed),71.0
2014-07-18,VISAKHAPATNAM,Palm Oil (Packed),70.0
2014-07-18,BENGALURU,Palm Oil (Packed),67.0
2014-07-18,DHARWAD,Palm Oil (Packed),64.0
2014-07-18,T.PURAM,Palm Oil (Packed),74.0
2014-07-18,ERNAKULAM,Palm Oil (Packed),68.0
2014-07-18,KOZHIKODE,Palm Oil (Packed),70.0
2014-07-18,PUDUCHERRY,Palm Oil (Packed),64.0
2014-07-18,CHENNAI,Palm Oil (Packed),65.0
2014-07-18,DINDIGUL,Palm Oil (Packed),74.0
2014-07-18,THIRUCHIRAPALLI,Palm Oil (Packed),69.0
2014-07-18,HYDERABAD,Palm Oil (Packed),71.0
2014-07-21,PANAJI,Palm Oil (Packed),
2014-07-21,VISAKHAPATNAM,Palm Oil (Packed),70.0
2014-07-21,BENGALURU,Palm Oil (Packed),67.0
2014-07-21,DHARWAD,Palm Oil (Packed),64.0
2014-07-21,T.PURAM,Palm Oil (Packed),74.0
2014-07-21,ERNAKULAM,Palm Oil (Packed),68.0
2014-07-21,KOZHIKODE,Palm Oil (Packed),70.0
2014-07-21,PUDUCHERRY,Palm Oil (Packed),64.0
2014-07-21,CHENNAI,Palm Oil (Packed),65.0
2014-07-21,DINDIGUL,Palm Oil (Packed),74.0
2014-07-21,THIRUCHIRAPALLI,Palm Oil (Packed),69.0
2014-07-21,HYDERABAD,Palm Oil (Packed),
2014-07-22,PANAJI,Palm Oil (Packed),
2014-07-22,VISAKHAPATNAM,Palm Oil (Packed),70.0
2014-07-22,BENGALURU,Palm Oil (Packed),67.0
2014-07-22,DHARWAD,Palm Oil (Packed),64.0
2014-07-22,T.PURAM,Palm Oil (Packed),74.0
2014-07-22,ERNAKULAM,Palm Oil (Packed),68.0
2014-07-22,KOZHIKODE,Palm Oil (Packed),70.0
2014-07-22,PUDUCHERRY,Palm Oil (Packed),64.0
2014-07-22,CHENNAI,Palm Oil (Packed),64.0
2014-07-22,DINDIGUL,Palm Oil (Packed),74.0
2014-07-22,THIRUCHIRAPALLI,Palm Oil (Packed),69.0
2014-07-22,HYDERABAD,Palm Oil (Packed),71.0
2014-07-23,PANAJI,Palm Oil (Packed),71.0
2014-07-23,VISAKHAPATNAM,Palm Oil (Packed),70.0
2014-07-23,BENGALURU,Palm Oil (Packed),67.0
2014-07-23,DHARWAD,Palm Oil (Packed),64.0
2014-07-23,T.PURAM,Palm Oil (Packed),74.0
2014-07-23,ERNAKULAM,Palm Oil (Packed),68.0
2014-07-23,KOZHIKODE,Palm Oil (Packed),70.0
2014-07-23,PUDUCHERRY,Palm Oil (Packed),64.0
2014-07-23,CHENNAI,Palm Oil (Packed),64.0
2014-07-23,DINDIGUL,Palm Oil (Packed),74.0
2014-07-23,THIRUCHIRAPALLI,Palm Oil (Packed),68.0
2014-07-23,HYDERABAD,Palm Oil (Packed),71.0
2014-07-24,PANAJI,Palm Oil (Packed),71.0
2014-07-24,VISAKHAPATNAM,Palm Oil (Packed),70.0
2014-07-24,BENGALURU,Palm Oil (Packed),67.0
2014-07-24,DHARWAD,Palm Oil (Packed),64.0
2014-07-24,T.PURAM,Palm Oil (Packed),74.0
2014-07-24,ERNAKULAM,Palm Oil (Packed),68.0
2014-07-24,KOZHIKODE,Palm Oil (Packed),70.0
2014-07-24,PUDUCHERRY,Palm Oil (Packed),63.0
2014-07-24,CHENNAI,Palm Oil (Packed),65.0
2014-07-24,DINDIGUL,Palm Oil (Packed),74.0
2014-07-24,THIRUCHIRAPALLI,Palm Oil (Packed),68.0
2014-07-24,HYDERABAD,Palm Oil (Packed),71.0
2014-07-25,PANAJI,Palm Oil (Packed),71.0
2014-07-25,VISAKHAPATNAM,Palm Oil (Packed),70.0
2014-07-25,BENGALURU,Palm Oil (Packed),67.0
2014-07-25,DHARWAD,Palm Oil (Packed),64.0
2014-07-25,T.PURAM,Palm Oil (Packed),74.0
2014-07-25,ERNAKULAM,Palm Oil (Packed),68.0
2014-07-25,KOZHIKODE,Palm Oil (Packed),70.0
2014-07-25,PUDUCHERRY,Palm Oil (Packed),63.0
2014-07-25,CHENNAI,Palm Oil (Packed),65.0
2014-07-25,DINDIGUL,Palm Oil (Packed),74.0
2014-07-25,THIRUCHIRAPALLI,Palm Oil (Packed),68.0
2014-07-25,HYDERABAD,Palm Oil (Packed),71.0
2014-07-28,PANAJI,Palm Oil (Packed),71.0
2014-07-28,VISAKHAPATNAM,Palm Oil (Packed),70.0
2014-07-28,BENGALURU,Palm Oil (Packed),67.0
2014-07-28,DHARWAD,Palm Oil (Packed),64.0
2014-07-28,T.PURAM,Palm Oil (Packed),
2014-07-28,ERNAKULAM,Palm Oil (Packed),
2014-07-28,KOZHIKODE,Palm Oil (Packed),
2014-07-28,PUDUCHERRY,Palm Oil (Packed),63.0
2014-07-28,CHENNAI,Palm Oil (Packed),65.0
2014-07-28,DINDIGUL,Palm Oil (Packed),74.0
2014-07-28,THIRUCHIRAPALLI,Palm Oil (Packed),68.0
2014-07-28,HYDERABAD,Palm Oil (Packed),71.0
2014-07-30,PANAJI,Palm Oil (Packed),71.0
2014-07-30,VISAKHAPATNAM,Palm Oil (Packed),70.0
2014-07-30,BENGALURU,Palm Oil (Packed),67.0
2014-07-30,DHARWAD,Palm Oil (Packed),64.0
2014-07-30,T.PURAM,Palm Oil (Packed),74.0
2014-07-30,ERNAKULAM,Palm Oil (Packed),68.0
2014-07-30,KOZHIKODE,Palm Oil (Packed),70.0
2014-07-30,PUDUCHERRY,Palm Oil (Packed),63.0
2014-07-30,CHENNAI,Palm Oil (Packed),65.0
2014-07-30,DINDIGUL,Palm Oil (Packed),74.0
2014-07-30,THIRUCHIRAPALLI,Palm Oil (Packed),68.0
2014-07-30,HYDERABAD,Palm Oil (Packed),71.0
2014-07-31,PANAJI,Palm Oil (Packed),71.0
2014-07-31,VISAKHAPATNAM,Palm Oil (Packed),70.0
2014-07-31,BENGALURU,Palm Oil (Packed),67.0
2014-07-31,DHARWAD,Palm Oil (Packed),64.0
2014-07-31,T.PURAM,Palm Oil (Packed),74.0
2014-07-31,ERNAKULAM,Palm Oil (Packed),68.0
2014-07-31,KOZHIKODE,Palm Oil (Packed),70.0
2014-07-31,PUDUCHERRY,Palm Oil (Packed),63.0
2014-07-31,CHENNAI,Palm Oil (Packed),65.0
2014-07-31,DINDIGUL,Palm Oil (Packed),74.0
2014-07-31,THIRUCHIRAPALLI,Palm Oil (Packed),68.0
2014-07-31,HYDERABAD,Palm Oil (Packed),71.0
2014-08-01,PANAJI,Palm Oil (Packed),71.0
2014-08-01,VISAKHAPATNAM,Palm Oil (Packed),70.0
2014-08-01,BENGALURU,Palm Oil (Packed),65.0
2014-08-01,DHARWAD,Palm Oil (Packed),64.0
2014-08-01,T.PURAM,Palm Oil (Packed),74.0
2014-08-01,ERNAKULAM,Palm Oil (Packed),68.0
2014-08-01,KOZHIKODE,Palm Oil (Packed),70.0
2014-08-01,PUDUCHERRY,Palm Oil (Packed),63.0
2014-08-01,CHENNAI,Palm Oil (Packed),65.0
2014-08-01,DINDIGUL,Palm Oil (Packed),74.0
2014-08-01,THIRUCHIRAPALLI,Palm Oil (Packed),68.0
2014-08-01,HYDERABAD,Palm Oil (Packed),71.0
2014-08-04,PANAJI,Palm Oil (Packed),71.0
2014-08-04,VISAKHAPATNAM,Palm Oil (Packed),70.0
2014-08-04,BENGALURU,Palm Oil (Packed),65.0
2014-08-04,DHARWAD,Palm Oil (Packed),64.0
2014-08-04,T.PURAM,Palm Oil (Packed),74.0
2014-08-04,ERNAKULAM,Palm Oil (Packed),68.0
2014-08-04,KOZHIKODE,Palm Oil (Packed),70.0
2014-08-04,PUDUCHERRY,Palm Oil (Packed),63.0
2014-08-04,CHENNAI,Palm Oil (Packed),65.0
2014-08-04,DINDIGUL,Palm Oil (Packed),74.0
2014-08-04,THIRUCHIRAPALLI,Palm Oil (Packed),68.0
2014-08-04,HYDERABAD,Palm Oil (Packed),71.0
2014-08-05,PANAJI,Palm Oil (Packed),71.0
2014-08-05,VISAKHAPATNAM,Palm Oil (Packed),70.0
2014-08-05,BENGALURU,Palm Oil (Packed),65.0
2014-08-05,DHARWAD,Palm Oil (Packed),64.0
2014-08-05,T.PURAM,Palm Oil (Packed),74.0
2014-08-05,ERNAKULAM,Palm Oil (Packed),68.0
2014-08-05,KOZHIKODE,Palm Oil (Packed),70.0
2014-08-05,PUDUCHERRY,Palm Oil (Packed),63.0
2014-08-05,CHENNAI,Palm Oil (Packed),65.0
2014-08-05,DINDIGUL,Palm Oil (Packed),74.0
2014-08-05,THIRUCHIRAPALLI,Palm Oil (Packed),68.0
2014-08-05,HYDERABAD,Palm Oil (Packed),71.0
2014-08-06,PANAJI,Palm Oil (Packed),71.0
2014-08-06,VISAKHAPATNAM,Palm Oil (Packed),70.0
2014-08-06,BENGALURU,Palm Oil (Packed),65.0
2014-08-06,DHARWAD,Palm Oil (Packed),64.0
2014-08-06,T.PURAM,Palm Oil (Packed),74.0
2014-08-06,ERNAKULAM,Palm Oil (Packed),68.0
2014-08-06,KOZHIKODE,Palm Oil (Packed),70.0
2014-08-06,PUDUCHERRY,Palm Oil (Packed),63.0
2014-08-06,CHENNAI,Palm Oil (Packed),65.0
2014-08-06,DINDIGUL,Palm Oil (Packed),74.0
2014-08-06,THIRUCHIRAPALLI,Palm Oil (Packed),68.0
2014-08-06,HYDERABAD,Palm Oil (Packed),71.0
2014-08-07,PANAJI,Palm Oil (Packed),71.0
2014-08-07,VISAKHAPATNAM,Palm Oil (Packed),70.0
2014-08-07,BENGALURU,Palm Oil (Packed),65.0
2014-08-07,DHARWAD,Palm Oil (Packed),
2014-08-07,T.PURAM,Palm Oil (Packed),74.0
2014-08-07,ERNAKULAM,Palm Oil (Packed),68.0
2014-08-07,KOZHIKODE,Palm Oil (Packed),70.0
2014-08-07,PUDUCHERRY,Palm Oil (Packed),63.0
2014-08-07,CHENNAI,Palm Oil (Packed),65.0
2014-08-07,DINDIGUL,Palm Oil (Packed),
2014-08-07,THIRUCHIRAPALLI,Palm Oil (Packed),68.0
2014-08-07,HYDERABAD,Palm Oil (Packed),71.0
2014-08-08,PANAJI,Palm Oil (Packed),71.0
2014-08-08,VISAKHAPATNAM,Palm Oil (Packed),70.0
2014-08-08,BENGALURU,Palm Oil (Packed),65.0
2014-08-08,DHARWAD,Palm Oil (Packed),64.0
2014-08-08,T.PURAM,Palm Oil (Packed),74.0
2014-08-08,ERNAKULAM,Palm Oil (Packed),68.0
2014-08-08,KOZHIKODE,Palm Oil (Packed),70.0
2014-08-08,PUDUCHERRY,Palm Oil (Packed),63.0
2014-08-08,CHENNAI,Palm Oil (Packed),65.0
2014-08-08,DINDIGUL,Palm Oil (Packed),74.0
2014-08-08,THIRUCHIRAPALLI,Palm Oil (Packed),68.0
2014-08-08,HYDERABAD,Palm Oil (Packed),71.0
2014-08-11,PANAJI,Palm Oil (Packed),71.0
2014-08-11,VISAKHAPATNAM,Palm Oil (Packed),70.0
2014-08-11,BENGALURU,Palm Oil (Packed),65.0
2014-08-11,DHARWAD,Palm Oil (Packed),64.0
2014-08-11,T.PURAM,Palm Oil (Packed),74.0
2014-08-11,ERNAKULAM,Palm Oil (Packed),68.0
2014-08-11,KOZHIKODE,Palm Oil (Packed),70.0
2014-08-11,PUDUCHERRY,Palm Oil (Packed),63.0
2014-08-11,CHENNAI,Palm Oil (Packed),65.0
2014-08-11,DINDIGUL,Palm Oil (Packed),74.0
2014-08-11,THIRUCHIRAPALLI,Palm Oil (Packed),68.0
2014-08-11,HYDERABAD,Palm Oil (Packed),71.0
2014-08-12,PANAJI,Palm Oil (Packed),71.0
2014-08-12,VISAKHAPATNAM,Palm Oil (Packed),
2014-08-12,BENGALURU,Palm Oil (Packed),65.0
2014-08-12,DHARWAD,Palm Oil (Packed),64.0
2014-08-12,T.PURAM,Palm Oil (Packed),74.0
2014-08-12,ERNAKULAM,Palm Oil (Packed),68.0
2014-08-12,KOZHIKODE,Palm Oil (Packed),70.0
2014-08-12,PUDUCHERRY,Palm Oil (Packed),63.0
2014-08-12,CHENNAI,Palm Oil (Packed),65.0
2014-08-12,DINDIGUL,Palm Oil (Packed),74.0
2014-08-12,THIRUCHIRAPALLI,Palm Oil (Packed),68.0
2014-08-12,HYDERABAD,Palm Oil (Packed),71.0
2014-08-13,PANAJI,Palm Oil (Packed),71.0
2014-08-13,VISAKHAPATNAM,Palm Oil (Packed),70.0
2014-08-13,BENGALURU,Palm Oil (Packed),65.0
2014-08-13,DHARWAD,Palm Oil (Packed),64.0
2014-08-13,T.PURAM,Palm Oil (Packed),74.0
2014-08-13,ERNAKULAM,Palm Oil (Packed),68.0
2014-08-13,KOZHIKODE,Palm Oil (Packed),70.0
2014-08-13,PUDUCHERRY,Palm Oil (Packed),63.0
2014-08-13,CHENNAI,Palm Oil (Packed),65.0
2014-08-13,DINDIGUL,Palm Oil (Packed),74.0
2014-08-13,THIRUCHIRAPALLI,Palm Oil (Packed),68.0
2014-08-13,HYDERABAD,Palm Oil (Packed),71.0
2014-08-14,PANAJI,Palm Oil (Packed),71.0
2014-08-14,VISAKHAPATNAM,Palm Oil (Packed),70.0
2014-08-14,BENGALURU,Palm Oil (Packed),65.0
2014-08-14,DHARWAD,Palm Oil (Packed),64.0
2014-08-14,T.PURAM,Palm Oil (Packed),
2014-08-14,ERNAKULAM,Palm Oil (Packed),
2014-08-14,KOZHIKODE,Palm Oil (Packed),
2014-08-14,PUDUCHERRY,Palm Oil (Packed),63.0
2014-08-14,CHENNAI,Palm Oil (Packed),64.0
2014-08-14,DINDIGUL,Palm Oil (Packed),74.0
2014-08-14,THIRUCHIRAPALLI,Palm Oil (Packed),68.0
2014-08-14,HYDERABAD,Palm Oil (Packed),71.0
2014-08-19,PANAJI,Palm Oil (Packed),71.0
2014-08-19,VISAKHAPATNAM,Palm Oil (Packed),70.0
2014-08-19,BENGALURU,Palm Oil (Packed),65.0
2014-08-19,DHARWAD,Palm Oil (Packed),64.0
2014-08-19,T.PURAM,Palm Oil (Packed),
2014-08-19,ERNAKULAM,Palm Oil (Packed),68.0
2014-08-19,KOZHIKODE,Palm Oil (Packed),70.0
2014-08-19,PUDUCHERRY,Palm Oil (Packed),63.0
2014-08-19,CHENNAI,Palm Oil (Packed),64.0
2014-08-19,DINDIGUL,Palm Oil (Packed),74.0
2014-08-19,THIRUCHIRAPALLI,Palm Oil (Packed),
2014-08-19,COIMBATORE,Palm Oil (Packed),
2014-08-19,TIRUNELVELI,Palm Oil (Packed),
2014-08-19,HYDERABAD,Palm Oil (Packed),
2014-08-20,PANAJI,Palm Oil (Packed),71.0
2014-08-20,VISAKHAPATNAM,Palm Oil (Packed),70.0
2014-08-20,BENGALURU,Palm Oil (Packed),65.0
2014-08-20,DHARWAD,Palm Oil (Packed),64.0
2014-08-20,T.PURAM,Palm Oil (Packed),74.0
2014-08-20,ERNAKULAM,Palm Oil (Packed),68.0
2014-08-20,KOZHIKODE,Palm Oil (Packed),70.0
2014-08-20,PUDUCHERRY,Palm Oil (Packed),63.0
2014-08-20,CHENNAI,Palm Oil (Packed),64.0
2014-08-20,DINDIGUL,Palm Oil (Packed),
2014-08-20,THIRUCHIRAPALLI,Palm Oil (Packed),68.0
2014-08-20,COIMBATORE,Palm Oil (Packed),
2014-08-20,TIRUNELVELI,Palm Oil (Packed),
2014-08-20,HYDERABAD,Palm Oil (Packed),
2014-08-21,PANAJI,Palm Oil (Packed),71.0
2014-08-21,VISAKHAPATNAM,Palm Oil (Packed),70.0
2014-08-21,BENGALURU,Palm Oil (Packed),
2014-08-21,DHARWAD,Palm Oil (Packed),
2014-08-21,T.PURAM,Palm Oil (Packed),74.0
2014-08-21,ERNAKULAM,Palm Oil (Packed),68.0
2014-08-21,KOZHIKODE,Palm Oil (Packed),70.0
2014-08-21,PUDUCHERRY,Palm Oil (Packed),62.0
2014-08-21,CHENNAI,Palm Oil (Packed),65.0
2014-08-21,DINDIGUL,Palm Oil (Packed),74.0
2014-08-21,THIRUCHIRAPALLI,Palm Oil (Packed),68.0
2014-08-21,COIMBATORE,Palm Oil (Packed),
2014-08-21,TIRUNELVELI,Palm Oil (Packed),
2014-08-21,HYDERABAD,Palm Oil (Packed),71.0
2014-08-22,PANAJI,Palm Oil (Packed),71.0
2014-08-22,VISAKHAPATNAM,Palm Oil (Packed),70.0
2014-08-22,BENGALURU,Palm Oil (Packed),
2014-08-22,DHARWAD,Palm Oil (Packed),
2014-08-22,T.PURAM,Palm Oil (Packed),74.0
2014-08-22,ERNAKULAM,Palm Oil (Packed),68.0
2014-08-22,KOZHIKODE,Palm Oil (Packed),70.0
2014-08-22,PUDUCHERRY,Palm Oil (Packed),62.0
2014-08-22,CHENNAI,Palm Oil (Packed),65.0
2014-08-22,DINDIGUL,Palm Oil (Packed),71.0
2014-08-22,THIRUCHIRAPALLI,Palm Oil (Packed),68.0
2014-08-22,COIMBATORE,Palm Oil (Packed),
2014-08-22,TIRUNELVELI,Palm Oil (Packed),
2014-08-22,HYDERABAD,Palm Oil (Packed),71.0
2014-08-25,PANAJI,Palm Oil (Packed),71.0
2014-08-25,VISAKHAPATNAM,Palm Oil (Packed),70.0
2014-08-25,BENGALURU,Palm Oil (Packed),65.0
2014-08-25,DHARWAD,Palm Oil (Packed),
2014-08-25,T.PURAM,Palm Oil (Packed),74.0
2014-08-25,ERNAKULAM,Palm Oil (Packed),68.0
2014-08-25,KOZHIKODE,Palm Oil (Packed),70.0
2014-08-25,PUDUCHERRY,Palm Oil (Packed),62.0
2014-08-25,CHENNAI,Palm Oil (Packed),64.0
2014-08-25,DINDIGUL,Palm Oil (Packed),71.0
2014-08-25,THIRUCHIRAPALLI,Palm Oil (Packed),68.0
2014-08-25,COIMBATORE,Palm Oil (Packed),
2014-08-25,TIRUNELVELI,Palm Oil (Packed),
2014-08-25,HYDERABAD,Palm Oil (Packed),71.0
2014-08-26,PANAJI,Palm Oil (Packed),71.0
2014-08-26,VISAKHAPATNAM,Palm Oil (Packed),70.0
2014-08-26,BENGALURU,Palm Oil (Packed),65.0
2014-08-26,DHARWAD,Palm Oil (Packed),64.0
2014-08-26,T.PURAM,Palm Oil (Packed),74.0
2014-08-26,ERNAKULAM,Palm Oil (Packed),68.0
2014-08-26,KOZHIKODE,Palm Oil (Packed),70.0
2014-08-26,PUDUCHERRY,Palm Oil (Packed),62.0
2014-08-26,CHENNAI,Palm Oil (Packed),61.0
2014-08-26,DINDIGUL,Palm Oil (Packed),71.0
2014-08-26,THIRUCHIRAPALLI,Palm Oil (Packed),68.0
2014-08-26,COIMBATORE,Palm Oil (Packed),
2014-08-26,TIRUNELVELI,Palm Oil (Packed),
2014-08-26,HYDERABAD,Palm Oil (Packed),71.0
2014-08-27,PANAJI,Palm Oil (Packed),71.0
2014-08-27,VISAKHAPATNAM,Palm Oil (Packed),69.0
2014-08-27,BENGALURU,Palm Oil (Packed),65.0
2014-08-27,DHARWAD,Palm Oil (Packed),64.0
2014-08-27,T.PURAM,Palm Oil (Packed),74.0
2014-08-27,ERNAKULAM,Palm Oil (Packed),68.0
2014-08-27,KOZHIKODE,Palm Oil (Packed),70.0
2014-08-27,PUDUCHERRY,Palm Oil (Packed),59.0
2014-08-27,CHENNAI,Palm Oil (Packed),61.0
2014-08-27,DINDIGUL,Palm Oil (Packed),71.0
2014-08-27,THIRUCHIRAPALLI,Palm Oil (Packed),68.0
2014-08-27,COIMBATORE,Palm Oil (Packed),
2014-08-27,TIRUNELVELI,Palm Oil (Packed),
2014-08-27,HYDERABAD,Palm Oil (Packed),70.0
2014-08-28,PANAJI,Palm Oil (Packed),71.0
2014-08-28,VISAKHAPATNAM,Palm Oil (Packed),69.0
2014-08-28,BENGALURU,Palm Oil (Packed),65.0
2014-08-28,DHARWAD,Palm Oil (Packed),64.0
2014-08-28,T.PURAM,Palm Oil (Packed),74.0
2014-08-28,ERNAKULAM,Palm Oil (Packed),68.0
2014-08-28,KOZHIKODE,Palm Oil (Packed),70.0
2014-08-28,PUDUCHERRY,Palm Oil (Packed),59.0
2014-08-28,CHENNAI,Palm Oil (Packed),61.0
2014-08-28,DINDIGUL,Palm Oil (Packed),71.0
2014-08-28,THIRUCHIRAPALLI,Palm Oil (Packed),64.0
2014-08-28,COIMBATORE,Palm Oil (Packed),
2014-08-28,TIRUNELVELI,Palm Oil (Packed),
2014-08-28,HYDERABAD,Palm Oil (Packed),70.0
2014-08-29,PANAJI,Palm Oil (Packed),
2014-08-29,VISAKHAPATNAM,Palm Oil (Packed),
2014-08-29,BENGALURU,Palm Oil (Packed),
2014-08-29,DHARWAD,Palm Oil (Packed),
2014-08-29,T.PURAM,Palm Oil (Packed),74.0
2014-08-29,ERNAKULAM,Palm Oil (Packed),68.0
2014-08-29,KOZHIKODE,Palm Oil (Packed),70.0
2014-08-29,PUDUCHERRY,Palm Oil (Packed),
2014-08-29,CHENNAI,Palm Oil (Packed),
2014-08-29,DINDIGUL,Palm Oil (Packed),
2014-08-29,THIRUCHIRAPALLI,Palm Oil (Packed),
2014-08-29,COIMBATORE,Palm Oil (Packed),
2014-08-29,TIRUNELVELI,Palm Oil (Packed),
2014-08-29,HYDERABAD,Palm Oil (Packed),
2014-09-01,PANAJI,Palm Oil (Packed),71.0
2014-09-01,VISAKHAPATNAM,Palm Oil (Packed),69.0
2014-09-01,BENGALURU,Palm Oil (Packed),
2014-09-01,DHARWAD,Palm Oil (Packed),
2014-09-01,T.PURAM,Palm Oil (Packed),74.0
2014-09-01,ERNAKULAM,Palm Oil (Packed),68.0
2014-09-01,KOZHIKODE,Palm Oil (Packed),70.0
2014-09-01,PUDUCHERRY,Palm Oil (Packed),59.0
2014-09-01,CHENNAI,Palm Oil (Packed),61.0
2014-09-01,DINDIGUL,Palm Oil (Packed),68.0
2014-09-01,THIRUCHIRAPALLI,Palm Oil (Packed),64.0
2014-09-01,COIMBATORE,Palm Oil (Packed),
2014-09-01,TIRUNELVELI,Palm Oil (Packed),
2014-09-01,HYDERABAD,Palm Oil (Packed),70.0
2014-09-02,PANAJI,Palm Oil (Packed),71.0
2014-09-02,VISAKHAPATNAM,Palm Oil (Packed),69.0
2014-09-02,BENGALURU,Palm Oil (Packed),65.0
2014-09-02,DHARWAD,Palm Oil (Packed),64.0
2014-09-02,T.PURAM,Palm Oil (Packed),74.0
2014-09-02,ERNAKULAM,Palm Oil (Packed),68.0
2014-09-02,KOZHIKODE,Palm Oil (Packed),70.0
2014-09-02,PUDUCHERRY,Palm Oil (Packed),59.0
2014-09-02,CHENNAI,Palm Oil (Packed),59.0
2014-09-02,DINDIGUL,Palm Oil (Packed),68.0
2014-09-02,THIRUCHIRAPALLI,Palm Oil (Packed),64.0
2014-09-02,COIMBATORE,Palm Oil (Packed),
2014-09-02,TIRUNELVELI,Palm Oil (Packed),
2014-09-02,HYDERABAD,Palm Oil (Packed),70.0
2014-09-03,PANAJI,Palm Oil (Packed),71.0
2014-09-03,VISAKHAPATNAM,Palm Oil (Packed),69.0
2014-09-03,BENGALURU,Palm Oil (Packed),65.0
2014-09-03,DHARWAD,Palm Oil (Packed),64.0
2014-09-03,T.PURAM,Palm Oil (Packed),74.0
2014-09-03,ERNAKULAM,Palm Oil (Packed),68.0
2014-09-03,KOZHIKODE,Palm Oil (Packed),70.0
2014-09-03,PUDUCHERRY,Palm Oil (Packed),57.0
2014-09-03,CHENNAI,Palm Oil (Packed),59.0
2014-09-03,DINDIGUL,Palm Oil (Packed),68.0
2014-09-03,THIRUCHIRAPALLI,Palm Oil (Packed),64.0
2014-09-03,COIMBATORE,Palm Oil (Packed),
2014-09-03,TIRUNELVELI,Palm Oil (Packed),
2014-09-03,HYDERABAD,Palm Oil (Packed),70.0
2014-09-04,PANAJI,Palm Oil (Packed),
2014-09-04,VISAKHAPATNAM,Palm Oil (Packed),69.0
2014-09-04,BENGALURU,Palm Oil (Packed),65.0
2014-09-04,DHARWAD,Palm Oil (Packed),64.0
2014-09-04,T.PURAM,Palm Oil (Packed),74.0
2014-09-04,ERNAKULAM,Palm Oil (Packed),68.0
2014-09-04,KOZHIKODE,Palm Oil (Packed),70.0
2014-09-04,PUDUCHERRY,Palm Oil (Packed),57.0
2014-09-04,CHENNAI,Palm Oil (Packed),59.0
2014-09-04,DINDIGUL,Palm Oil (Packed),68.0
2014-09-04,THIRUCHIRAPALLI,Palm Oil (Packed),64.0
2014-09-04,COIMBATORE,Palm Oil (Packed),
2014-09-04,TIRUNELVELI,Palm Oil (Packed),
2014-09-04,HYDERABAD,Palm Oil (Packed),70.0
2014-09-05,PANAJI,Palm Oil (Packed),
2014-09-05,VISAKHAPATNAM,Palm Oil (Packed),69.0
2014-09-05,BENGALURU,Palm Oil (Packed),63.0
2014-09-05,DHARWAD,Palm Oil (Packed),64.0
2014-09-05,T.PURAM,Palm Oil (Packed),74.0
2014-09-05,ERNAKULAM,Palm Oil (Packed),68.0
2014-09-05,KOZHIKODE,Palm Oil (Packed),70.0
2014-09-05,PUDUCHERRY,Palm Oil (Packed),57.0
2014-09-05,CHENNAI,Palm Oil (Packed),59.0
2014-09-05,DINDIGUL,Palm Oil (Packed),68.0
2014-09-05,THIRUCHIRAPALLI,Palm Oil (Packed),64.0
2014-09-05,COIMBATORE,Palm Oil (Packed),
2014-09-05,TIRUNELVELI,Palm Oil (Packed),
2014-09-05,HYDERABAD,Palm Oil (Packed),70.0
2014-09-08,PANAJI,Palm Oil (Packed),67.0
2014-09-08,VISAKHAPATNAM,Palm Oil (Packed),
2014-09-08,BENGALURU,Palm Oil (Packed),63.0
2014-09-08,DHARWAD,Palm Oil (Packed),64.0
2014-09-08,T.PURAM,Palm Oil (Packed),
2014-09-08,ERNAKULAM,Palm Oil (Packed),
2014-09-08,KOZHIKODE,Palm Oil (Packed),
2014-09-08,PUDUCHERRY,Palm Oil (Packed),56.0
2014-09-08,CHENNAI,Palm Oil (Packed),59.0
2014-09-08,DINDIGUL,Palm Oil (Packed),68.0
2014-09-08,THIRUCHIRAPALLI,Palm Oil (Packed),64.0
2014-09-08,COIMBATORE,Palm Oil (Packed),
2014-09-08,TIRUNELVELI,Palm Oil (Packed),
2014-09-08,HYDERABAD,Palm Oil (Packed),
2014-09-09,PANAJI,Palm Oil (Packed),67.0
2014-09-09,VISAKHAPATNAM,Palm Oil (Packed),69.0
2014-09-09,BENGALURU,Palm Oil (Packed),63.0
2014-09-09,DHARWAD,Palm Oil (Packed),64.0
2014-09-09,T.PURAM,Palm Oil (Packed),
2014-09-09,ERNAKULAM,Palm Oil (Packed),
2014-09-09,KOZHIKODE,Palm Oil (Packed),
2014-09-09,PUDUCHERRY,Palm Oil (Packed),56.0
2014-09-09,CHENNAI,Palm Oil (Packed),57.0
2014-09-09,DINDIGUL,Palm Oil (Packed),68.0
2014-09-09,THIRUCHIRAPALLI,Palm Oil (Packed),64.0
2014-09-09,COIMBATORE,Palm Oil (Packed),
2014-09-09,TIRUNELVELI,Palm Oil (Packed),
2014-09-09,HYDERABAD,Palm Oil (Packed),70.0
2014-09-10,PANAJI,Palm Oil (Packed),67.0
2014-09-10,VISAKHAPATNAM,Palm Oil (Packed),68.0
2014-09-10,BENGALURU,Palm Oil (Packed),63.0
2014-09-10,DHARWAD,Palm Oil (Packed),64.0
2014-09-10,T.PURAM,Palm Oil (Packed),74.0
2014-09-10,ERNAKULAM,Palm Oil (Packed),68.0
2014-09-10,KOZHIKODE,Palm Oil (Packed),70.0
2014-09-10,PUDUCHERRY,Palm Oil (Packed),57.0
2014-09-10,CHENNAI,Palm Oil (Packed),57.0
2014-09-10,DINDIGUL,Palm Oil (Packed),65.0
2014-09-10,THIRUCHIRAPALLI,Palm Oil (Packed),64.0
2014-09-10,COIMBATORE,Palm Oil (Packed),
2014-09-10,TIRUNELVELI,Palm Oil (Packed),
2014-09-10,HYDERABAD,Palm Oil (Packed),69.0
2014-09-11,PANAJI,Palm Oil (Packed),67.0
2014-09-11,VISAKHAPATNAM,Palm Oil (Packed),68.0
2014-09-11,BENGALURU,Palm Oil (Packed),63.0
2014-09-11,DHARWAD,Palm Oil (Packed),64.0
2014-09-11,T.PURAM,Palm Oil (Packed),74.0
2014-09-11,ERNAKULAM,Palm Oil (Packed),68.0
2014-09-11,KOZHIKODE,Palm Oil (Packed),70.0
2014-09-11,PUDUCHERRY,Palm Oil (Packed),57.0
2014-09-11,CHENNAI,Palm Oil (Packed),57.0
2014-09-11,DINDIGUL,Palm Oil (Packed),65.0
2014-09-11,THIRUCHIRAPALLI,Palm Oil (Packed),64.0
2014-09-11,COIMBATORE,Palm Oil (Packed),
2014-09-11,TIRUNELVELI,Palm Oil (Packed),
2014-09-11,HYDERABAD,Palm Oil (Packed),69.0
2014-09-12,PANAJI,Palm Oil (Packed),67.0
2014-09-12,VISAKHAPATNAM,Palm Oil (Packed),68.0
2014-09-12,BENGALURU,Palm Oil (Packed),63.0
2014-09-12,DHARWAD,Palm Oil (Packed),64.0
2014-09-12,T.PURAM,Palm Oil (Packed),74.0
2014-09-12,ERNAKULAM,Palm Oil (Packed),68.0
2014-09-12,KOZHIKODE,Palm Oil (Packed),70.0
2014-09-12,PUDUCHERRY,Palm Oil (Packed),57.0
2014-09-12,CHENNAI,Palm Oil (Packed),57.0
2014-09-12,DINDIGUL,Palm Oil (Packed),65.0
2014-09-12,THIRUCHIRAPALLI,Palm Oil (Packed),64.0
2014-09-12,COIMBATORE,Palm Oil (Packed),
2014-09-12,TIRUNELVELI,Palm Oil (Packed),
2014-09-12,HYDERABAD,Palm Oil (Packed),69.0
2014-09-15,PANAJI,Palm Oil (Packed),67.0
2014-09-15,VISAKHAPATNAM,Palm Oil (Packed),68.0
2014-09-15,BENGALURU,Palm Oil (Packed),63.0
2014-09-15,DHARWAD,Palm Oil (Packed),64.0
2014-09-15,T.PURAM,Palm Oil (Packed),
2014-09-15,ERNAKULAM,Palm Oil (Packed),
2014-09-15,KOZHIKODE,Palm Oil (Packed),
2014-09-15,PUDUCHERRY,Palm Oil (Packed),57.0
2014-09-15,CHENNAI,Palm Oil (Packed),59.0
2014-09-15,DINDIGUL,Palm Oil (Packed),65.0
2014-09-15,THIRUCHIRAPALLI,Palm Oil (Packed),62.0
2014-09-15,COIMBATORE,Palm Oil (Packed),
2014-09-15,TIRUNELVELI,Palm Oil (Packed),62.0
2014-09-15,HYDERABAD,Palm Oil (Packed),69.0
2014-09-16,PANAJI,Palm Oil (Packed),67.0
2014-09-16,VISAKHAPATNAM,Palm Oil (Packed),68.0
2014-09-16,BENGALURU,Palm Oil (Packed),
2014-09-16,DHARWAD,Palm Oil (Packed),
2014-09-16,T.PURAM,Palm Oil (Packed),74.0
2014-09-16,ERNAKULAM,Palm Oil (Packed),
2014-09-16,KOZHIKODE,Palm Oil (Packed),
2014-09-16,PUDUCHERRY,Palm Oil (Packed),57.0
2014-09-16,CHENNAI,Palm Oil (Packed),59.0
2014-09-16,DINDIGUL,Palm Oil (Packed),65.0
2014-09-16,THIRUCHIRAPALLI,Palm Oil (Packed),62.0
2014-09-16,COIMBATORE,Palm Oil (Packed),62.0
2014-09-16,TIRUNELVELI,Palm Oil (Packed),62.0
2014-09-16,HYDERABAD,Palm Oil (Packed),69.0
2014-09-17,PANAJI,Palm Oil (Packed),67.0
2014-09-17,VISAKHAPATNAM,Palm Oil (Packed),68.0
2014-09-17,BENGALURU,Palm Oil (Packed),63.0
2014-09-17,DHARWAD,Palm Oil (Packed),64.0
2014-09-17,T.PURAM,Palm Oil (Packed),74.0
2014-09-17,ERNAKULAM,Palm Oil (Packed),
2014-09-17,KOZHIKODE,Palm Oil (Packed),70.0
2014-09-17,PUDUCHERRY,Palm Oil (Packed),57.0
2014-09-17,CHENNAI,Palm Oil (Packed),59.0
2014-09-17,DINDIGUL,Palm Oil (Packed),65.0
2014-09-17,THIRUCHIRAPALLI,Palm Oil (Packed),62.0
2014-09-17,COIMBATORE,Palm Oil (Packed),62.0
2014-09-17,TIRUNELVELI,Palm Oil (Packed),63.0
2014-09-17,HYDERABAD,Palm Oil (Packed),69.0
2014-09-18,PANAJI,Palm Oil (Packed),67.0
2014-09-18,VISAKHAPATNAM,Palm Oil (Packed),68.0
2014-09-18,BENGALURU,Palm Oil (Packed),63.0
2014-09-18,DHARWAD,Palm Oil (Packed),64.0
2014-09-18,T.PURAM,Palm Oil (Packed),74.0
2014-09-18,ERNAKULAM,Palm Oil (Packed),68.0
2014-09-18,KOZHIKODE,Palm Oil (Packed),70.0
2014-09-18,PUDUCHERRY,Palm Oil (Packed),57.0
2014-09-18,CHENNAI,Palm Oil (Packed),59.0
2014-09-18,DINDIGUL,Palm Oil (Packed),65.0
2014-09-18,THIRUCHIRAPALLI,Palm Oil (Packed),62.0
2014-09-18,COIMBATORE,Palm Oil (Packed),62.0
2014-09-18,TIRUNELVELI,Palm Oil (Packed),63.0
2014-09-18,HYDERABAD,Palm Oil (Packed),69.0
2014-09-19,PANAJI,Palm Oil (Packed),67.0
2014-09-19,VISAKHAPATNAM,Palm Oil (Packed),68.0
2014-09-19,BENGALURU,Palm Oil (Packed),63.0
2014-09-19,DHARWAD,Palm Oil (Packed),64.0
2014-09-19,T.PURAM,Palm Oil (Packed),74.0
2014-09-19,ERNAKULAM,Palm Oil (Packed),68.0
2014-09-19,KOZHIKODE,Palm Oil (Packed),70.0
2014-09-19,PUDUCHERRY,Palm Oil (Packed),58.0
2014-09-19,CHENNAI,Palm Oil (Packed),59.0
2014-09-19,DINDIGUL,Palm Oil (Packed),65.0
2014-09-19,THIRUCHIRAPALLI,Palm Oil (Packed),62.0
2014-09-19,COIMBATORE,Palm Oil (Packed),62.0
2014-09-19,TIRUNELVELI,Palm Oil (Packed),64.0
2014-09-19,HYDERABAD,Palm Oil (Packed),69.0
2014-09-22,PANAJI,Palm Oil (Packed),67.0
2014-09-22,VISAKHAPATNAM,Palm Oil (Packed),68.0
2014-09-22,BENGALURU,Palm Oil (Packed),63.0
2014-09-22,DHARWAD,Palm Oil (Packed),64.0
2014-09-22,T.PURAM,Palm Oil (Packed),74.0
2014-09-22,ERNAKULAM,Palm Oil (Packed),68.0
2014-09-22,KOZHIKODE,Palm Oil (Packed),70.0
2014-09-22,PUDUCHERRY,Palm Oil (Packed),58.0
2014-09-22,CHENNAI,Palm Oil (Packed),59.0
2014-09-22,DINDIGUL,Palm Oil (Packed),65.0
2014-09-22,THIRUCHIRAPALLI,Palm Oil (Packed),62.0
2014-09-22,COIMBATORE,Palm Oil (Packed),62.0
2014-09-22,TIRUNELVELI,Palm Oil (Packed),64.0
2014-09-22,HYDERABAD,Palm Oil (Packed),69.0
2014-09-23,PANAJI,Palm Oil (Packed),67.0
2014-09-23,VISAKHAPATNAM,Palm Oil (Packed),68.0
2014-09-23,BENGALURU,Palm Oil (Packed),63.0
2014-09-23,DHARWAD,Palm Oil (Packed),62.0
2014-09-23,T.PURAM,Palm Oil (Packed),74.0
2014-09-23,ERNAKULAM,Palm Oil (Packed),68.0
2014-09-23,KOZHIKODE,Palm Oil (Packed),70.0
2014-09-23,PUDUCHERRY,Palm Oil (Packed),58.0
2014-09-23,CHENNAI,Palm Oil (Packed),59.0
2014-09-23,DINDIGUL,Palm Oil (Packed),65.0
2014-09-23,THIRUCHIRAPALLI,Palm Oil (Packed),62.0
2014-09-23,COIMBATORE,Palm Oil (Packed),62.0
2014-09-23,TIRUNELVELI,Palm Oil (Packed),64.0
2014-09-23,HYDERABAD,Palm Oil (Packed),69.0
2014-09-24,PANAJI,Palm Oil (Packed),67.0
2014-09-24,VISAKHAPATNAM,Palm Oil (Packed),68.0
2014-09-24,BENGALURU,Palm Oil (Packed),
2014-09-24,DHARWAD,Palm Oil (Packed),
2014-09-24,T.PURAM,Palm Oil (Packed),74.0
2014-09-24,ERNAKULAM,Palm Oil (Packed),68.0
2014-09-24,KOZHIKODE,Palm Oil (Packed),70.0
2014-09-24,PUDUCHERRY,Palm Oil (Packed),58.0
2014-09-24,CHENNAI,Palm Oil (Packed),59.0
2014-09-24,DINDIGUL,Palm Oil (Packed),65.0
2014-09-24,THIRUCHIRAPALLI,Palm Oil (Packed),62.0
2014-09-24,COIMBATORE,Palm Oil (Packed),63.0
2014-09-24,TIRUNELVELI,Palm Oil (Packed),64.0
2014-09-24,HYDERABAD,Palm Oil (Packed),69.0
2014-09-25,PANAJI,Palm Oil (Packed),67.0
2014-09-25,VISAKHAPATNAM,Palm Oil (Packed),68.0
2014-09-25,BENGALURU,Palm Oil (Packed),63.0
2014-09-25,DHARWAD,Palm Oil (Packed),62.0
2014-09-25,T.PURAM,Palm Oil (Packed),74.0
2014-09-25,ERNAKULAM,Palm Oil (Packed),68.0
2014-09-25,KOZHIKODE,Palm Oil (Packed),70.0
2014-09-25,PUDUCHERRY,Palm Oil (Packed),58.0
2014-09-25,CHENNAI,Palm Oil (Packed),59.0
2014-09-25,DINDIGUL,Palm Oil (Packed),65.0
2014-09-25,THIRUCHIRAPALLI,Palm Oil (Packed),62.0
2014-09-25,COIMBATORE,Palm Oil (Packed),63.0
2014-09-25,TIRUNELVELI,Palm Oil (Packed),64.0
2014-09-25,HYDERABAD,Palm Oil (Packed),69.0
2014-09-26,PANAJI,Palm Oil (Packed),67.0
2014-09-26,VISAKHAPATNAM,Palm Oil (Packed),68.0
2014-09-26,BENGALURU,Palm Oil (Packed),63.0
2014-09-26,DHARWAD,Palm Oil (Packed),62.0
2014-09-26,T.PURAM,Palm Oil (Packed),74.0
2014-09-26,ERNAKULAM,Palm Oil (Packed),68.0
2014-09-26,KOZHIKODE,Palm Oil (Packed),70.0
2014-09-26,PUDUCHERRY,Palm Oil (Packed),58.0
2014-09-26,CHENNAI,Palm Oil (Packed),59.0
2014-09-26,DINDIGUL,Palm Oil (Packed),65.0
2014-09-26,THIRUCHIRAPALLI,Palm Oil (Packed),62.0
2014-09-26,COIMBATORE,Palm Oil (Packed),63.0
2014-09-26,TIRUNELVELI,Palm Oil (Packed),64.0
2014-09-26,HYDERABAD,Palm Oil (Packed),69.0
2014-09-29,PANAJI,Palm Oil (Packed),
2014-09-29,VISAKHAPATNAM,Palm Oil (Packed),68.0
2014-09-29,BENGALURU,Palm Oil (Packed),63.0
2014-09-29,DHARWAD,Palm Oil (Packed),62.0
2014-09-29,T.PURAM,Palm Oil (Packed),74.0
2014-09-29,ERNAKULAM,Palm Oil (Packed),68.0
2014-09-29,KOZHIKODE,Palm Oil (Packed),70.0
2014-09-29,PUDUCHERRY,Palm Oil (Packed),59.0
2014-09-29,CHENNAI,Palm Oil (Packed),59.0
2014-09-29,DINDIGUL,Palm Oil (Packed),65.0
2014-09-29,THIRUCHIRAPALLI,Palm Oil (Packed),62.0
2014-09-29,COIMBATORE,Palm Oil (Packed),63.0
2014-09-29,TIRUNELVELI,Palm Oil (Packed),64.0
2014-09-29,HYDERABAD,Palm Oil (Packed),69.0
2014-09-30,PANAJI,Palm Oil (Packed),63.0
2014-09-30,VISAKHAPATNAM,Palm Oil (Packed),68.0
2014-09-30,BENGALURU,Palm Oil (Packed),63.0
2014-09-30,DHARWAD,Palm Oil (Packed),62.0
2014-09-30,T.PURAM,Palm Oil (Packed),74.0
2014-09-30,ERNAKULAM,Palm Oil (Packed),68.0
2014-09-30,KOZHIKODE,Palm Oil (Packed),70.0
2014-09-30,PUDUCHERRY,Palm Oil (Packed),59.0
2014-09-30,CHENNAI,Palm Oil (Packed),60.0
2014-09-30,DINDIGUL,Palm Oil (Packed),65.0
2014-09-30,THIRUCHIRAPALLI,Palm Oil (Packed),62.0
2014-09-30,COIMBATORE,Palm Oil (Packed),63.0
2014-09-30,TIRUNELVELI,Palm Oil (Packed),64.0
2014-09-30,HYDERABAD,Palm Oil (Packed),69.0
2014-10-07,PANAJI,Palm Oil (Packed),64.0
2014-10-07,VISAKHAPATNAM,Palm Oil (Packed),68.0
2014-10-07,BENGALURU,Palm Oil (Packed),61.0
2014-10-07,DHARWAD,Palm Oil (Packed),63.0
2014-10-07,T.PURAM,Palm Oil (Packed),74.0
2014-10-07,ERNAKULAM,Palm Oil (Packed),68.0
2014-10-07,KOZHIKODE,Palm Oil (Packed),70.0
2014-10-07,PUDUCHERRY,Palm Oil (Packed),59.0
2014-10-07,CHENNAI,Palm Oil (Packed),60.0
2014-10-07,DINDIGUL,Palm Oil (Packed),65.0
2014-10-07,THIRUCHIRAPALLI,Palm Oil (Packed),62.0
2014-10-07,COIMBATORE,Palm Oil (Packed),64.0
2014-10-07,TIRUNELVELI,Palm Oil (Packed),64.0
2014-10-07,HYDERABAD,Palm Oil (Packed),69.0
2014-10-08,PANAJI,Palm Oil (Packed),64.0
2014-10-08,VISAKHAPATNAM,Palm Oil (Packed),68.0
2014-10-08,BENGALURU,Palm Oil (Packed),
2014-10-08,DHARWAD,Palm Oil (Packed),
2014-10-08,T.PURAM,Palm Oil (Packed),74.0
2014-10-08,ERNAKULAM,Palm Oil (Packed),68.0
2014-10-08,KOZHIKODE,Palm Oil (Packed),70.0
2014-10-08,PUDUCHERRY,Palm Oil (Packed),59.0
2014-10-08,CHENNAI,Palm Oil (Packed),60.0
2014-10-08,DINDIGUL,Palm Oil (Packed),65.0
2014-10-08,THIRUCHIRAPALLI,Palm Oil (Packed),62.0
2014-10-08,COIMBATORE,Palm Oil (Packed),64.0
2014-10-08,TIRUNELVELI,Palm Oil (Packed),64.0
2014-10-08,HYDERABAD,Palm Oil (Packed),69.0
2014-10-09,PANAJI,Palm Oil (Packed),64.0
2014-10-09,VISAKHAPATNAM,Palm Oil (Packed),68.0
2014-10-09,BENGALURU,Palm Oil (Packed),
2014-10-09,DHARWAD,Palm Oil (Packed),
2014-10-09,T.PURAM,Palm Oil (Packed),74.0
2014-10-09,ERNAKULAM,Palm Oil (Packed),68.0
2014-10-09,KOZHIKODE,Palm Oil (Packed),70.0
2014-10-09,PUDUCHERRY,Palm Oil (Packed),59.0
2014-10-09,CHENNAI,Palm Oil (Packed),60.0
2014-10-09,DINDIGUL,Palm Oil (Packed),65.0
2014-10-09,THIRUCHIRAPALLI,Palm Oil (Packed),62.0
2014-10-09,COIMBATORE,Palm Oil (Packed),64.0
2014-10-09,TIRUNELVELI,Palm Oil (Packed),64.0
2014-10-09,HYDERABAD,Palm Oil (Packed),69.0
2014-10-10,PANAJI,Palm Oil (Packed),64.0
2014-10-10,VISAKHAPATNAM,Palm Oil (Packed),68.0
2014-10-10,BENGALURU,Palm Oil (Packed),61.0
2014-10-10,DHARWAD,Palm Oil (Packed),64.0
2014-10-10,T.PURAM,Palm Oil (Packed),74.0
2014-10-10,ERNAKULAM,Palm Oil (Packed),68.0
2014-10-10,KOZHIKODE,Palm Oil (Packed),70.0
2014-10-10,PUDUCHERRY,Palm Oil (Packed),59.0
2014-10-10,CHENNAI,Palm Oil (Packed),60.0
2014-10-10,DINDIGUL,Palm Oil (Packed),65.0
2014-10-10,THIRUCHIRAPALLI,Palm Oil (Packed),62.0
2014-10-10,COIMBATORE,Palm Oil (Packed),64.0
2014-10-10,TIRUNELVELI,Palm Oil (Packed),64.0
2014-10-10,HYDERABAD,Palm Oil (Packed),69.0
2014-10-13,PANAJI,Palm Oil (Packed),64.0
2014-10-13,VISAKHAPATNAM,Palm Oil (Packed),68.0
2014-10-13,BENGALURU,Palm Oil (Packed),61.0
2014-10-13,DHARWAD,Palm Oil (Packed),64.0
2014-10-13,T.PURAM,Palm Oil (Packed),74.0
2014-10-13,ERNAKULAM,Palm Oil (Packed),68.0
2014-10-13,KOZHIKODE,Palm Oil (Packed),70.0
2014-10-13,PUDUCHERRY,Palm Oil (Packed),59.0
2014-10-13,CHENNAI,Palm Oil (Packed),60.0
2014-10-13,DINDIGUL,Palm Oil (Packed),65.0
2014-10-13,THIRUCHIRAPALLI,Palm Oil (Packed),64.0
2014-10-13,COIMBATORE,Palm Oil (Packed),64.0
2014-10-13,TIRUNELVELI,Palm Oil (Packed),64.0
2014-10-13,HYDERABAD,Palm Oil (Packed),69.0
2014-10-14,PANAJI,Palm Oil (Packed),64.0
2014-10-14,VISAKHAPATNAM,Palm Oil (Packed),68.0
2014-10-14,BENGALURU,Palm Oil (Packed),60.0
2014-10-14,DHARWAD,Palm Oil (Packed),64.0
2014-10-14,T.PURAM,Palm Oil (Packed),74.0
2014-10-14,ERNAKULAM,Palm Oil (Packed),68.0
2014-10-14,KOZHIKODE,Palm Oil (Packed),70.0
2014-10-14,PUDUCHERRY,Palm Oil (Packed),59.0
2014-10-14,CHENNAI,Palm Oil (Packed),60.0
2014-10-14,DINDIGUL,Palm Oil (Packed),65.0
2014-10-14,THIRUCHIRAPALLI,Palm Oil (Packed),64.0
2014-10-14,COIMBATORE,Palm Oil (Packed),64.0
2014-10-14,TIRUNELVELI,Palm Oil (Packed),64.0
2014-10-14,HYDERABAD,Palm Oil (Packed),69.0
2014-10-15,PANAJI,Palm Oil (Packed),64.0
2014-10-15,VISAKHAPATNAM,Palm Oil (Packed),68.0
2014-10-15,BENGALURU,Palm Oil (Packed),
2014-10-15,DHARWAD,Palm Oil (Packed),62.0
2014-10-15,T.PURAM,Palm Oil (Packed),74.0
2014-10-15,ERNAKULAM,Palm Oil (Packed),68.0
2014-10-15,KOZHIKODE,Palm Oil (Packed),70.0
2014-10-15,PUDUCHERRY,Palm Oil (Packed),59.0
2014-10-15,CHENNAI,Palm Oil (Packed),60.0
2014-10-15,DINDIGUL,Palm Oil (Packed),65.0
2014-10-15,THIRUCHIRAPALLI,Palm Oil (Packed),64.0
2014-10-15,COIMBATORE,Palm Oil (Packed),64.0
2014-10-15,TIRUNELVELI,Palm Oil (Packed),64.0
2014-10-15,HYDERABAD,Palm Oil (Packed),69.0
2014-10-16,PANAJI,Palm Oil (Packed),64.0
2014-10-16,VISAKHAPATNAM,Palm Oil (Packed),68.0
2014-10-16,BENGALURU,Palm Oil (Packed),60.0
2014-10-16,DHARWAD,Palm Oil (Packed),60.0
2014-10-16,T.PURAM,Palm Oil (Packed),74.0
2014-10-16,ERNAKULAM,Palm Oil (Packed),68.0
2014-10-16,KOZHIKODE,Palm Oil (Packed),70.0
2014-10-16,PUDUCHERRY,Palm Oil (Packed),59.0
2014-10-16,CHENNAI,Palm Oil (Packed),60.0
2014-10-16,DINDIGUL,Palm Oil (Packed),65.0
2014-10-16,THIRUCHIRAPALLI,Palm Oil (Packed),64.0
2014-10-16,COIMBATORE,Palm Oil (Packed),64.0
2014-10-16,TIRUNELVELI,Palm Oil (Packed),64.0
2014-10-16,HYDERABAD,Palm Oil (Packed),69.0
2014-10-17,PANAJI,Palm Oil (Packed),64.0
2014-10-17,VISAKHAPATNAM,Palm Oil (Packed),68.0
2014-10-17,BENGALURU,Palm Oil (Packed),60.0
2014-10-17,DHARWAD,Palm Oil (Packed),60.0
2014-10-17,T.PURAM,Palm Oil (Packed),74.0
2014-10-17,ERNAKULAM,Palm Oil (Packed),68.0
2014-10-17,KOZHIKODE,Palm Oil (Packed),70.0
2014-10-17,PUDUCHERRY,Palm Oil (Packed),59.0
2014-10-17,CHENNAI,Palm Oil (Packed),60.0
2014-10-17,DINDIGUL,Palm Oil (Packed),65.0
2014-10-17,THIRUCHIRAPALLI,Palm Oil (Packed),64.0
2014-10-17,COIMBATORE,Palm Oil (Packed),64.0
2014-10-17,TIRUNELVELI,Palm Oil (Packed),64.0
2014-10-17,HYDERABAD,Palm Oil (Packed),69.0
2014-10-20,PANAJI,Palm Oil (Packed),64.0
2014-10-20,VISAKHAPATNAM,Palm Oil (Packed),68.0
2014-10-20,BENGALURU,Palm Oil (Packed),60.0
2014-10-20,DHARWAD,Palm Oil (Packed),62.0
2014-10-20,T.PURAM,Palm Oil (Packed),74.0
2014-10-20,ERNAKULAM,Palm Oil (Packed),68.0
2014-10-20,KOZHIKODE,Palm Oil (Packed),70.0
2014-10-20,PUDUCHERRY,Palm Oil (Packed),59.0
2014-10-20,CHENNAI,Palm Oil (Packed),60.0
2014-10-20,DINDIGUL,Palm Oil (Packed),65.0
2014-10-20,THIRUCHIRAPALLI,Palm Oil (Packed),
2014-10-20,COIMBATORE,Palm Oil (Packed),64.0
2014-10-20,TIRUNELVELI,Palm Oil (Packed),64.0
2014-10-20,HYDERABAD,Palm Oil (Packed),69.0
2014-10-21,PANAJI,Palm Oil (Packed),64.0
2014-10-21,VISAKHAPATNAM,Palm Oil (Packed),68.0
2014-10-21,BENGALURU,Palm Oil (Packed),59.0
2014-10-21,DHARWAD,Palm Oil (Packed),62.0
2014-10-21,T.PURAM,Palm Oil (Packed),74.0
2014-10-21,ERNAKULAM,Palm Oil (Packed),68.0
2014-10-21,KOZHIKODE,Palm Oil (Packed),70.0
2014-10-21,PUDUCHERRY,Palm Oil (Packed),59.0
2014-10-21,CHENNAI,Palm Oil (Packed),60.0
2014-10-21,DINDIGUL,Palm Oil (Packed),65.0
2014-10-21,THIRUCHIRAPALLI,Palm Oil (Packed),64.0
2014-10-21,COIMBATORE,Palm Oil (Packed),64.0
2014-10-21,TIRUNELVELI,Palm Oil (Packed),64.0
2014-10-21,HYDERABAD,Palm Oil (Packed),69.0
2014-10-22,PANAJI,Palm Oil (Packed),
2014-10-22,VISAKHAPATNAM,Palm Oil (Packed),68.0
2014-10-22,BENGALURU,Palm Oil (Packed),
2014-10-22,DHARWAD,Palm Oil (Packed),
2014-10-22,T.PURAM,Palm Oil (Packed),
2014-10-22,ERNAKULAM,Palm Oil (Packed),
2014-10-22,KOZHIKODE,Palm Oil (Packed),
2014-10-22,PUDUCHERRY,Palm Oil (Packed),
2014-10-22,CHENNAI,Palm Oil (Packed),
2014-10-22,DINDIGUL,Palm Oil (Packed),
2014-10-22,THIRUCHIRAPALLI,Palm Oil (Packed),
2014-10-22,COIMBATORE,Palm Oil (Packed),
2014-10-22,TIRUNELVELI,Palm Oil (Packed),
2014-10-22,HYDERABAD,Palm Oil (Packed),69.0
2014-10-24,PANAJI,Palm Oil (Packed),64.0
2014-10-24,VISAKHAPATNAM,Palm Oil (Packed),68.0
2014-10-24,BENGALURU,Palm Oil (Packed),
2014-10-24,DHARWAD,Palm Oil (Packed),
2014-10-24,T.PURAM,Palm Oil (Packed),74.0
2014-10-24,ERNAKULAM,Palm Oil (Packed),68.0
2014-10-24,KOZHIKODE,Palm Oil (Packed),70.0
2014-10-24,PUDUCHERRY,Palm Oil (Packed),59.0
2014-10-24,CHENNAI,Palm Oil (Packed),60.0
2014-10-24,DINDIGUL,Palm Oil (Packed),65.0
2014-10-24,THIRUCHIRAPALLI,Palm Oil (Packed),64.0
2014-10-24,COIMBATORE,Palm Oil (Packed),64.0
2014-10-24,TIRUNELVELI,Palm Oil (Packed),64.0
2014-10-24,HYDERABAD,Palm Oil (Packed),69.0
2014-10-27,PANAJI,Palm Oil (Packed),64.0
2014-10-27,VISAKHAPATNAM,Palm Oil (Packed),68.0
2014-10-27,BENGALURU,Palm Oil (Packed),59.0
2014-10-27,DHARWAD,Palm Oil (Packed),64.0
2014-10-27,T.PURAM,Palm Oil (Packed),74.0
2014-10-27,ERNAKULAM,Palm Oil (Packed),68.0
2014-10-27,KOZHIKODE,Palm Oil (Packed),70.0
2014-10-27,PUDUCHERRY,Palm Oil (Packed),58.0
2014-10-27,CHENNAI,Palm Oil (Packed),60.0
2014-10-27,DINDIGUL,Palm Oil (Packed),65.0
2014-10-27,THIRUCHIRAPALLI,Palm Oil (Packed),64.0
2014-10-27,COIMBATORE,Palm Oil (Packed),64.0
2014-10-27,TIRUNELVELI,Palm Oil (Packed),64.0
2014-10-27,HYDERABAD,Palm Oil (Packed),69.0
2014-10-28,PANAJI,Palm Oil (Packed),64.0
2014-10-28,VISAKHAPATNAM,Palm Oil (Packed),68.0
2014-10-28,BENGALURU,Palm Oil (Packed),61.0
2014-10-28,DHARWAD,Palm Oil (Packed),64.0
2014-10-28,T.PURAM,Palm Oil (Packed),74.0
2014-10-28,ERNAKULAM,Palm Oil (Packed),68.0
2014-10-28,KOZHIKODE,Palm Oil (Packed),70.0
2014-10-28,PUDUCHERRY,Palm Oil (Packed),58.0
2014-10-28,CHENNAI,Palm Oil (Packed),60.0
2014-10-28,DINDIGUL,Palm Oil (Packed),65.0
2014-10-28,THIRUCHIRAPALLI,Palm Oil (Packed),64.0
2014-10-28,COIMBATORE,Palm Oil (Packed),62.0
2014-10-28,TIRUNELVELI,Palm Oil (Packed),64.0
2014-10-28,HYDERABAD,Palm Oil (Packed),69.0
2014-10-29,PANAJI,Palm Oil (Packed),64.0
2014-10-29,VISAKHAPATNAM,Palm Oil (Packed),68.0
2014-10-29,BENGALURU,Palm Oil (Packed),61.0
2014-10-29,DHARWAD,Palm Oil (Packed),64.0
2014-10-29,T.PURAM,Palm Oil (Packed),74.0
2014-10-29,ERNAKULAM,Palm Oil (Packed),68.0
2014-10-29,KOZHIKODE,Palm Oil (Packed),70.0
2014-10-29,PUDUCHERRY,Palm Oil (Packed),58.0
2014-10-29,CHENNAI,Palm Oil (Packed),60.0
2014-10-29,DINDIGUL,Palm Oil (Packed),65.0
2014-10-29,THIRUCHIRAPALLI,Palm Oil (Packed),64.0
2014-10-29,COIMBATORE,Palm Oil (Packed),62.0
2014-10-29,TIRUNELVELI,Palm Oil (Packed),63.0
2014-10-29,HYDERABAD,Palm Oil (Packed),69.0
2014-10-31,PANAJI,Palm Oil (Packed),64.0
2014-10-31,VISAKHAPATNAM,Palm Oil (Packed),68.0
2014-10-31,BENGALURU,Palm Oil (Packed),61.0
2014-10-31,DHARWAD,Palm Oil (Packed),64.0
2014-10-31,T.PURAM,Palm Oil (Packed),74.0
2014-10-31,ERNAKULAM,Palm Oil (Packed),68.0
2014-10-31,KOZHIKODE,Palm Oil (Packed),70.0
2014-10-31,PUDUCHERRY,Palm Oil (Packed),59.0
2014-10-31,CHENNAI,Palm Oil (Packed),60.0
2014-10-31,DINDIGUL,Palm Oil (Packed),65.0
2014-10-31,THIRUCHIRAPALLI,Palm Oil (Packed),64.0
2014-10-31,COIMBATORE,Palm Oil (Packed),62.0
2014-10-31,TIRUNELVELI,Palm Oil (Packed),64.0
2014-10-31,HYDERABAD,Palm Oil (Packed),69.0
2014-11-03,PANAJI,Palm Oil (Packed),
2014-11-03,VISAKHAPATNAM,Palm Oil (Packed),68.0
2014-11-03,BENGALURU,Palm Oil (Packed),61.0
2014-11-03,DHARWAD,Palm Oil (Packed),64.0
2014-11-03,T.PURAM,Palm Oil (Packed),
2014-11-03,ERNAKULAM,Palm Oil (Packed),
2014-11-03,KOZHIKODE,Palm Oil (Packed),
2014-11-03,PUDUCHERRY,Palm Oil (Packed),58.0
2014-11-03,CHENNAI,Palm Oil (Packed),60.0
2014-11-03,DINDIGUL,Palm Oil (Packed),65.0
2014-11-03,THIRUCHIRAPALLI,Palm Oil (Packed),
2014-11-03,COIMBATORE,Palm Oil (Packed),62.0
2014-11-03,TIRUNELVELI,Palm Oil (Packed),64.0
2014-11-03,HYDERABAD,Palm Oil (Packed),69.0
2014-11-05,PANAJI,Palm Oil (Packed),67.0
2014-11-05,VISAKHAPATNAM,Palm Oil (Packed),68.0
2014-11-05,BENGALURU,Palm Oil (Packed),61.0
2014-11-05,DHARWAD,Palm Oil (Packed),64.0
2014-11-05,T.PURAM,Palm Oil (Packed),74.0
2014-11-05,ERNAKULAM,Palm Oil (Packed),68.0
2014-11-05,KOZHIKODE,Palm Oil (Packed),70.0
2014-11-05,PUDUCHERRY,Palm Oil (Packed),59.0
2014-11-05,CHENNAI,Palm Oil (Packed),60.0
2014-11-05,DINDIGUL,Palm Oil (Packed),65.0
2014-11-05,THIRUCHIRAPALLI,Palm Oil (Packed),64.0
2014-11-05,COIMBATORE,Palm Oil (Packed),66.0
2014-11-05,TIRUNELVELI,Palm Oil (Packed),64.0
2014-11-05,HYDERABAD,Palm Oil (Packed),69.0
2014-11-07,PANAJI,Palm Oil (Packed),67.0
2014-11-07,VISAKHAPATNAM,Palm Oil (Packed),68.0
2014-11-07,BENGALURU,Palm Oil (Packed),
2014-11-07,DHARWAD,Palm Oil (Packed),64.0
2014-11-07,T.PURAM,Palm Oil (Packed),74.0
2014-11-07,ERNAKULAM,Palm Oil (Packed),68.0
2014-11-07,KOZHIKODE,Palm Oil (Packed),70.0
2014-11-07,PUDUCHERRY,Palm Oil (Packed),59.0
2014-11-07,CHENNAI,Palm Oil (Packed),60.0
2014-11-07,DINDIGUL,Palm Oil (Packed),65.0
2014-11-07,THIRUCHIRAPALLI,Palm Oil (Packed),64.0
2014-11-07,COIMBATORE,Palm Oil (Packed),66.0
2014-11-07,TIRUNELVELI,Palm Oil (Packed),64.0
2014-11-07,HYDERABAD,Palm Oil (Packed),69.0
2014-11-10,PANAJI,Palm Oil (Packed),64.0
2014-11-10,VISAKHAPATNAM,Palm Oil (Packed),68.0
2014-11-10,BENGALURU,Palm Oil (Packed),61.0
2014-11-10,DHARWAD,Palm Oil (Packed),62.0
2014-11-10,T.PURAM,Palm Oil (Packed),74.0
2014-11-10,ERNAKULAM,Palm Oil (Packed),68.0
2014-11-10,KOZHIKODE,Palm Oil (Packed),70.0
2014-11-10,PUDUCHERRY,Palm Oil (Packed),58.0
2014-11-10,CHENNAI,Palm Oil (Packed),60.0
2014-11-10,DINDIGUL,Palm Oil (Packed),65.0
2014-11-10,THIRUCHIRAPALLI,Palm Oil (Packed),64.0
2014-11-10,COIMBATORE,Palm Oil (Packed),66.0
2014-11-10,TIRUNELVELI,Palm Oil (Packed),64.0
2014-11-10,HYDERABAD,Palm Oil (Packed),69.0
2014-11-11,PANAJI,Palm Oil (Packed),64.0
2014-11-11,VISAKHAPATNAM,Palm Oil (Packed),68.0
2014-11-11,BENGALURU,Palm Oil (Packed),61.0
2014-11-11,DHARWAD,Palm Oil (Packed),62.0
2014-11-11,T.PURAM,Palm Oil (Packed),74.0
2014-11-11,ERNAKULAM,Palm Oil (Packed),68.0
2014-11-11,KOZHIKODE,Palm Oil (Packed),70.0
2014-11-11,PUDUCHERRY,Palm Oil (Packed),58.0
2014-11-11,CHENNAI,Palm Oil (Packed),60.0
2014-11-11,DINDIGUL,Palm Oil (Packed),65.0
2014-11-11,THIRUCHIRAPALLI,Palm Oil (Packed),64.0
2014-11-11,COIMBATORE,Palm Oil (Packed),64.0
2014-11-11,TIRUNELVELI,Palm Oil (Packed),64.0
2014-11-11,HYDERABAD,Palm Oil (Packed),69.0
2014-11-12,PANAJI,Palm Oil (Packed),64.0
2014-11-12,VISAKHAPATNAM,Palm Oil (Packed),68.0
2014-11-12,BENGALURU,Palm Oil (Packed),61.0
2014-11-12,DHARWAD,Palm Oil (Packed),62.0
2014-11-12,T.PURAM,Palm Oil (Packed),74.0
2014-11-12,ERNAKULAM,Palm Oil (Packed),68.0
2014-11-12,KOZHIKODE,Palm Oil (Packed),70.0
2014-11-12,PUDUCHERRY,Palm Oil (Packed),58.0
2014-11-12,CHENNAI,Palm Oil (Packed),60.0
2014-11-12,DINDIGUL,Palm Oil (Packed),65.0
2014-11-12,THIRUCHIRAPALLI,Palm Oil (Packed),64.0
2014-11-12,COIMBATORE,Palm Oil (Packed),64.0
2014-11-12,TIRUNELVELI,Palm Oil (Packed),64.0
2014-11-12,HYDERABAD,Palm Oil (Packed),69.0
2014-11-13,PANAJI,Palm Oil (Packed),64.0
2014-11-13,VISAKHAPATNAM,Palm Oil (Packed),68.0
2014-11-13,BENGALURU,Palm Oil (Packed),61.0
2014-11-13,DHARWAD,Palm Oil (Packed),62.0
2014-11-13,T.PURAM,Palm Oil (Packed),74.0
2014-11-13,ERNAKULAM,Palm Oil (Packed),68.0
2014-11-13,KOZHIKODE,Palm Oil (Packed),70.0
2014-11-13,PUDUCHERRY,Palm Oil (Packed),58.0
2014-11-13,CHENNAI,Palm Oil (Packed),60.0
2014-11-13,DINDIGUL,Palm Oil (Packed),65.0
2014-11-13,THIRUCHIRAPALLI,Palm Oil (Packed),64.0
2014-11-13,COIMBATORE,Palm Oil (Packed),64.0
2014-11-13,TIRUNELVELI,Palm Oil (Packed),64.0
2014-11-13,HYDERABAD,Palm Oil (Packed),69.0
2014-11-14,PANAJI,Palm Oil (Packed),64.0
2014-11-14,VISAKHAPATNAM,Palm Oil (Packed),68.0
2014-11-14,BENGALURU,Palm Oil (Packed),61.0
2014-11-14,DHARWAD,Palm Oil (Packed),63.0
2014-11-14,T.PURAM,Palm Oil (Packed),74.0
2014-11-14,ERNAKULAM,Palm Oil (Packed),68.0
2014-11-14,KOZHIKODE,Palm Oil (Packed),70.0
2014-11-14,PUDUCHERRY,Palm Oil (Packed),58.0
2014-11-14,CHENNAI,Palm Oil (Packed),60.0
2014-11-14,DINDIGUL,Palm Oil (Packed),65.0
2014-11-14,THIRUCHIRAPALLI,Palm Oil (Packed),64.0
2014-11-14,COIMBATORE,Palm Oil (Packed),64.0
2014-11-14,TIRUNELVELI,Palm Oil (Packed),64.0
2014-11-14,HYDERABAD,Palm Oil (Packed),69.0
2014-11-17,PANAJI,Palm Oil (Packed),64.0
2014-11-17,VISAKHAPATNAM,Palm Oil (Packed),68.0
2014-11-17,BENGALURU,Palm Oil (Packed),61.0
2014-11-17,DHARWAD,Palm Oil (Packed),63.0
2014-11-17,T.PURAM,Palm Oil (Packed),74.0
2014-11-17,ERNAKULAM,Palm Oil (Packed),68.0
2014-11-17,KOZHIKODE,Palm Oil (Packed),70.0
2014-11-17,PUDUCHERRY,Palm Oil (Packed),57.0
2014-11-17,CHENNAI,Palm Oil (Packed),60.0
2014-11-17,DINDIGUL,Palm Oil (Packed),65.0
2014-11-17,THIRUCHIRAPALLI,Palm Oil (Packed),64.0
2014-11-17,COIMBATORE,Palm Oil (Packed),64.0
2014-11-17,TIRUNELVELI,Palm Oil (Packed),63.0
2014-11-17,HYDERABAD,Palm Oil (Packed),69.0
2014-11-18,PANAJI,Palm Oil (Packed),64.0
2014-11-18,VISAKHAPATNAM,Palm Oil (Packed),68.0
2014-11-18,BENGALURU,Palm Oil (Packed),61.0
2014-11-18,DHARWAD,Palm Oil (Packed),63.0
2014-11-18,T.PURAM,Palm Oil (Packed),74.0
2014-11-18,ERNAKULAM,Palm Oil (Packed),68.0
2014-11-18,KOZHIKODE,Palm Oil (Packed),70.0
2014-11-18,PUDUCHERRY,Palm Oil (Packed),57.0
2014-11-18,CHENNAI,Palm Oil (Packed),60.0
2014-11-18,DINDIGUL,Palm Oil (Packed),65.0
2014-11-18,THIRUCHIRAPALLI,Palm Oil (Packed),63.0
2014-11-18,COIMBATORE,Palm Oil (Packed),64.0
2014-11-18,TIRUNELVELI,Palm Oil (Packed),63.0
2014-11-18,HYDERABAD,Palm Oil (Packed),69.0
2014-11-19,PANAJI,Palm Oil (Packed),64.0
2014-11-19,VISAKHAPATNAM,Palm Oil (Packed),68.0
2014-11-19,BENGALURU,Palm Oil (Packed),
2014-11-19,DHARWAD,Palm Oil (Packed),63.0
2014-11-19,T.PURAM,Palm Oil (Packed),74.0
2014-11-19,ERNAKULAM,Palm Oil (Packed),68.0
2014-11-19,KOZHIKODE,Palm Oil (Packed),70.0
2014-11-19,PUDUCHERRY,Palm Oil (Packed),57.0
2014-11-19,CHENNAI,Palm Oil (Packed),60.0
2014-11-19,DINDIGUL,Palm Oil (Packed),65.0
2014-11-19,THIRUCHIRAPALLI,Palm Oil (Packed),63.0
2014-11-19,COIMBATORE,Palm Oil (Packed),64.0
2014-11-19,TIRUNELVELI,Palm Oil (Packed),63.0
2014-11-19,HYDERABAD,Palm Oil (Packed),69.0
2014-11-20,PANAJI,Palm Oil (Packed),64.0
2014-11-20,VISAKHAPATNAM,Palm Oil (Packed),68.0
2014-11-20,BENGALURU,Palm Oil (Packed),61.0
2014-11-20,DHARWAD,Palm Oil (Packed),63.0
2014-11-20,T.PURAM,Palm Oil (Packed),74.0
2014-11-20,ERNAKULAM,Palm Oil (Packed),68.0
2014-11-20,KOZHIKODE,Palm Oil (Packed),70.0
2014-11-20,PUDUCHERRY,Palm Oil (Packed),57.0
2014-11-20,CHENNAI,Palm Oil (Packed),60.0
2014-11-20,DINDIGUL,Palm Oil (Packed),65.0
2014-11-20,THIRUCHIRAPALLI,Palm Oil (Packed),63.0
2014-11-20,COIMBATORE,Palm Oil (Packed),64.0
2014-11-20,TIRUNELVELI,Palm Oil (Packed),63.0
2014-11-20,HYDERABAD,Palm Oil (Packed),69.0
2014-11-21,PANAJI,Palm Oil (Packed),64.0
2014-11-21,VISAKHAPATNAM,Palm Oil (Packed),68.0
2014-11-21,BENGALURU,Palm Oil (Packed),
2014-11-21,DHARWAD,Palm Oil (Packed),64.0
2014-11-21,T.PURAM,Palm Oil (Packed),74.0
2014-11-21,ERNAKULAM,Palm Oil (Packed),68.0
2014-11-21,KOZHIKODE,Palm Oil (Packed),70.0
2014-11-21,PUDUCHERRY,Palm Oil (Packed),57.0
2014-11-21,CHENNAI,Palm Oil (Packed),60.0
2014-11-21,DINDIGUL,Palm Oil (Packed),65.0
2014-11-21,THIRUCHIRAPALLI,Palm Oil (Packed),63.0
2014-11-21,COIMBATORE,Palm Oil (Packed),64.0
2014-11-21,TIRUNELVELI,Palm Oil (Packed),63.0
2014-11-21,HYDERABAD,Palm Oil (Packed),69.0
2014-11-24,PANAJI,Palm Oil (Packed),64.0
2014-11-24,VISAKHAPATNAM,Palm Oil (Packed),68.0
2014-11-24,BENGALURU,Palm Oil (Packed),61.0
2014-11-24,DHARWAD,Palm Oil (Packed),64.0
2014-11-24,T.PURAM,Palm Oil (Packed),74.0
2014-11-24,ERNAKULAM,Palm Oil (Packed),68.0
2014-11-24,KOZHIKODE,Palm Oil (Packed),70.0
2014-11-24,PUDUCHERRY,Palm Oil (Packed),57.0
2014-11-24,CHENNAI,Palm Oil (Packed),61.0
2014-11-24,DINDIGUL,Palm Oil (Packed),65.0
2014-11-24,THIRUCHIRAPALLI,Palm Oil (Packed),63.0
2014-11-24,COIMBATORE,Palm Oil (Packed),64.0
2014-11-24,TIRUNELVELI,Palm Oil (Packed),63.0
2014-11-24,HYDERABAD,Palm Oil (Packed),69.0
2014-11-25,PANAJI,Palm Oil (Packed),
2014-11-25,VISAKHAPATNAM,Palm Oil (Packed),68.0
2014-11-25,BENGALURU,Palm Oil (Packed),61.0
2014-11-25,DHARWAD,Palm Oil (Packed),64.0
2014-11-25,T.PURAM,Palm Oil (Packed),74.0
2014-11-25,ERNAKULAM,Palm Oil (Packed),68.0
2014-11-25,KOZHIKODE,Palm Oil (Packed),70.0
2014-11-25,PUDUCHERRY,Palm Oil (Packed),57.0
2014-11-25,CHENNAI,Palm Oil (Packed),58.0
2014-11-25,DINDIGUL,Palm Oil (Packed),65.0
2014-11-25,THIRUCHIRAPALLI,Palm Oil (Packed),63.0
2014-11-25,COIMBATORE,Palm Oil (Packed),64.0
2014-11-25,TIRUNELVELI,Palm Oil (Packed),63.0
2014-11-25,HYDERABAD,Palm Oil (Packed),69.0
2014-11-26,PANAJI,Palm Oil (Packed),64.0
2014-11-26,VISAKHAPATNAM,Palm Oil (Packed),68.0
2014-11-26,BENGALURU,Palm Oil (Packed),61.0
2014-11-26,DHARWAD,Palm Oil (Packed),64.0
2014-11-26,T.PURAM,Palm Oil (Packed),74.0
2014-11-26,ERNAKULAM,Palm Oil (Packed),68.0
2014-11-26,KOZHIKODE,Palm Oil (Packed),70.0
2014-11-26,PUDUCHERRY,Palm Oil (Packed),57.0
2014-11-26,CHENNAI,Palm Oil (Packed),58.0
2014-11-26,DINDIGUL,Palm Oil (Packed),65.0
2014-11-26,THIRUCHIRAPALLI,Palm Oil (Packed),63.0
2014-11-26,COIMBATORE,Palm Oil (Packed),64.0
2014-11-26,TIRUNELVELI,Palm Oil (Packed),63.0
2014-11-26,HYDERABAD,Palm Oil (Packed),69.0
2014-11-27,PANAJI,Palm Oil (Packed),64.0
2014-11-27,VISAKHAPATNAM,Palm Oil (Packed),68.0
2014-11-27,BENGALURU,Palm Oil (Packed),61.0
2014-11-27,DHARWAD,Palm Oil (Packed),64.0
2014-11-27,T.PURAM,Palm Oil (Packed),74.0
2014-11-27,ERNAKULAM,Palm Oil (Packed),68.0
2014-11-27,KOZHIKODE,Palm Oil (Packed),70.0
2014-11-27,PUDUCHERRY,Palm Oil (Packed),57.0
2014-11-27,CHENNAI,Palm Oil (Packed),58.0
2014-11-27,DINDIGUL,Palm Oil (Packed),65.0
2014-11-27,THIRUCHIRAPALLI,Palm Oil (Packed),63.0
2014-11-27,COIMBATORE,Palm Oil (Packed),64.0
2014-11-27,TIRUNELVELI,Palm Oil (Packed),63.0
2014-11-27,HYDERABAD,Palm Oil (Packed),69.0
2014-11-28,PANAJI,Palm Oil (Packed),64.0
2014-11-28,VISAKHAPATNAM,Palm Oil (Packed),68.0
2014-11-28,BENGALURU,Palm Oil (Packed),60.0
2014-11-28,DHARWAD,Palm Oil (Packed),64.0
2014-11-28,T.PURAM,Palm Oil (Packed),74.0
2014-11-28,ERNAKULAM,Palm Oil (Packed),68.0
2014-11-28,KOZHIKODE,Palm Oil (Packed),70.0
2014-11-28,PUDUCHERRY,Palm Oil (Packed),57.0
2014-11-28,CHENNAI,Palm Oil (Packed),58.0
2014-11-28,DINDIGUL,Palm Oil (Packed),65.0
2014-11-28,THIRUCHIRAPALLI,Palm Oil (Packed),63.0
2014-11-28,COIMBATORE,Palm Oil (Packed),64.0
2014-11-28,TIRUNELVELI,Palm Oil (Packed),63.0
2014-11-28,HYDERABAD,Palm Oil (Packed),69.0
2014-12-01,PANAJI,Palm Oil (Packed),
2014-12-01,VISAKHAPATNAM,Palm Oil (Packed),68.0
2014-12-01,BENGALURU,Palm Oil (Packed),60.0
2014-12-01,DHARWAD,Palm Oil (Packed),64.0
2014-12-01,T.PURAM,Palm Oil (Packed),
2014-12-01,ERNAKULAM,Palm Oil (Packed),
2014-12-01,KOZHIKODE,Palm Oil (Packed),
2014-12-01,PUDUCHERRY,Palm Oil (Packed),57.0
2014-12-01,CHENNAI,Palm Oil (Packed),58.0
2014-12-01,DINDIGUL,Palm Oil (Packed),65.0
2014-12-01,THIRUCHIRAPALLI,Palm Oil (Packed),62.0
2014-12-01,COIMBATORE,Palm Oil (Packed),64.0
2014-12-01,TIRUNELVELI,Palm Oil (Packed),63.0
2014-12-01,HYDERABAD,Palm Oil (Packed),69.0
2014-12-02,PANAJI,Palm Oil (Packed),64.0
2014-12-02,VISAKHAPATNAM,Palm Oil (Packed),68.0
2014-12-02,BENGALURU,Palm Oil (Packed),60.0
2014-12-02,DHARWAD,Palm Oil (Packed),64.0
2014-12-02,T.PURAM,Palm Oil (Packed),74.0
2014-12-02,ERNAKULAM,Palm Oil (Packed),68.0
2014-12-02,KOZHIKODE,Palm Oil (Packed),70.0
2014-12-02,PUDUCHERRY,Palm Oil (Packed),57.0
2014-12-02,CHENNAI,Palm Oil (Packed),58.0
2014-12-02,DINDIGUL,Palm Oil (Packed),65.0
2014-12-02,THIRUCHIRAPALLI,Palm Oil (Packed),62.0
2014-12-02,COIMBATORE,Palm Oil (Packed),64.0
2014-12-02,TIRUNELVELI,Palm Oil (Packed),63.0
2014-12-02,HYDERABAD,Palm Oil (Packed),69.0
2014-12-03,PANAJI,Palm Oil (Packed),
2014-12-03,VISAKHAPATNAM,Palm Oil (Packed),68.0
2014-12-03,BENGALURU,Palm Oil (Packed),60.0
2014-12-03,DHARWAD,Palm Oil (Packed),64.0
2014-12-03,T.PURAM,Palm Oil (Packed),74.0
2014-12-03,ERNAKULAM,Palm Oil (Packed),68.0
2014-12-03,KOZHIKODE,Palm Oil (Packed),70.0
2014-12-03,PUDUCHERRY,Palm Oil (Packed),57.0
2014-12-03,CHENNAI,Palm Oil (Packed),58.0
2014-12-03,DINDIGUL,Palm Oil (Packed),65.0
2014-12-03,THIRUCHIRAPALLI,Palm Oil (Packed),62.0
2014-12-03,COIMBATORE,Palm Oil (Packed),64.0
2014-12-03,TIRUNELVELI,Palm Oil (Packed),63.0
2014-12-03,HYDERABAD,Palm Oil (Packed),69.0
2014-12-04,PANAJI,Palm Oil (Packed),64.0
2014-12-04,VISAKHAPATNAM,Palm Oil (Packed),68.0
2014-12-04,BENGALURU,Palm Oil (Packed),60.0
2014-12-04,DHARWAD,Palm Oil (Packed),65.0
2014-12-04,T.PURAM,Palm Oil (Packed),74.0
2014-12-04,ERNAKULAM,Palm Oil (Packed),68.0
2014-12-04,KOZHIKODE,Palm Oil (Packed),70.0
2014-12-04,PUDUCHERRY,Palm Oil (Packed),57.0
2014-12-04,CHENNAI,Palm Oil (Packed),58.0
2014-12-04,DINDIGUL,Palm Oil (Packed),64.0
2014-12-04,THIRUCHIRAPALLI,Palm Oil (Packed),62.0
2014-12-04,COIMBATORE,Palm Oil (Packed),64.0
2014-12-04,TIRUNELVELI,Palm Oil (Packed),62.0
2014-12-04,HYDERABAD,Palm Oil (Packed),69.0
2014-12-05,PANAJI,Palm Oil (Packed),64.0
2014-12-05,VISAKHAPATNAM,Palm Oil (Packed),68.0
2014-12-05,BENGALURU,Palm Oil (Packed),60.0
2014-12-05,DHARWAD,Palm Oil (Packed),65.0
2014-12-05,T.PURAM,Palm Oil (Packed),74.0
2014-12-05,ERNAKULAM,Palm Oil (Packed),68.0
2014-12-05,KOZHIKODE,Palm Oil (Packed),70.0
2014-12-05,PUDUCHERRY,Palm Oil (Packed),55.0
2014-12-05,CHENNAI,Palm Oil (Packed),58.0
2014-12-05,DINDIGUL,Palm Oil (Packed),64.0
2014-12-05,THIRUCHIRAPALLI,Palm Oil (Packed),62.0
2014-12-05,COIMBATORE,Palm Oil (Packed),64.0
2014-12-05,TIRUNELVELI,Palm Oil (Packed),62.0
2014-12-05,HYDERABAD,Palm Oil (Packed),69.0
2014-12-08,PANAJI,Palm Oil (Packed),64.0
2014-12-08,VISAKHAPATNAM,Palm Oil (Packed),68.0
2014-12-08,BENGALURU,Palm Oil (Packed),
2014-12-08,DHARWAD,Palm Oil (Packed),65.0
2014-12-08,T.PURAM,Palm Oil (Packed),74.0
2014-12-08,ERNAKULAM,Palm Oil (Packed),68.0
2014-12-08,KOZHIKODE,Palm Oil (Packed),70.0
2014-12-08,PUDUCHERRY,Palm Oil (Packed),55.0
2014-12-08,CHENNAI,Palm Oil (Packed),58.0
2014-12-08,DINDIGUL,Palm Oil (Packed),64.0
2014-12-08,THIRUCHIRAPALLI,Palm Oil (Packed),62.0
2014-12-08,COIMBATORE,Palm Oil (Packed),64.0
2014-12-08,TIRUNELVELI,Palm Oil (Packed),62.0
2014-12-08,HYDERABAD,Palm Oil (Packed),69.0
2014-12-09,PANAJI,Palm Oil (Packed),64.0
2014-12-09,VISAKHAPATNAM,Palm Oil (Packed),68.0
2014-12-09,BENGALURU,Palm Oil (Packed),60.0
2014-12-09,DHARWAD,Palm Oil (Packed),65.0
2014-12-09,T.PURAM,Palm Oil (Packed),74.0
2014-12-09,ERNAKULAM,Palm Oil (Packed),68.0
2014-12-09,KOZHIKODE,Palm Oil (Packed),70.0
2014-12-09,PUDUCHERRY,Palm Oil (Packed),55.0
2014-12-09,CHENNAI,Palm Oil (Packed),58.0
2014-12-09,DINDIGUL,Palm Oil (Packed),64.0
2014-12-09,THIRUCHIRAPALLI,Palm Oil (Packed),62.0
2014-12-09,COIMBATORE,Palm Oil (Packed),62.0
2014-12-09,TIRUNELVELI,Palm Oil (Packed),62.0
2014-12-09,HYDERABAD,Palm Oil (Packed),69.0
2014-12-10,PANAJI,Palm Oil (Packed),64.0
2014-12-10,VISAKHAPATNAM,Palm Oil (Packed),68.0
2014-12-10,BENGALURU,Palm Oil (Packed),60.0
2014-12-10,DHARWAD,Palm Oil (Packed),65.0
2014-12-10,T.PURAM,Palm Oil (Packed),74.0
2014-12-10,ERNAKULAM,Palm Oil (Packed),68.0
2014-12-10,KOZHIKODE,Palm Oil (Packed),70.0
2014-12-10,PUDUCHERRY,Palm Oil (Packed),55.0
2014-12-10,CHENNAI,Palm Oil (Packed),58.0
2014-12-10,DINDIGUL,Palm Oil (Packed),63.0
2014-12-10,THIRUCHIRAPALLI,Palm Oil (Packed),62.0
2014-12-10,COIMBATORE,Palm Oil (Packed),62.0
2014-12-10,TIRUNELVELI,Palm Oil (Packed),61.0
2014-12-10,HYDERABAD,Palm Oil (Packed),69.0
2014-12-11,PANAJI,Palm Oil (Packed),64.0
2014-12-11,VISAKHAPATNAM,Palm Oil (Packed),68.0
2014-12-11,BENGALURU,Palm Oil (Packed),60.0
2014-12-11,DHARWAD,Palm Oil (Packed),65.0
2014-12-11,T.PURAM,Palm Oil (Packed),74.0
2014-12-11,ERNAKULAM,Palm Oil (Packed),68.0
2014-12-11,KOZHIKODE,Palm Oil (Packed),70.0
2014-12-11,PUDUCHERRY,Palm Oil (Packed),54.0
2014-12-11,CHENNAI,Palm Oil (Packed),57.0
2014-12-11,DINDIGUL,Palm Oil (Packed),63.0
2014-12-11,THIRUCHIRAPALLI,Palm Oil (Packed),62.0
2014-12-11,COIMBATORE,Palm Oil (Packed),62.0
2014-12-11,TIRUNELVELI,Palm Oil (Packed),61.0
2014-12-11,HYDERABAD,Palm Oil (Packed),69.0
2014-12-12,PANAJI,Palm Oil (Packed),64.0
2014-12-12,VISAKHAPATNAM,Palm Oil (Packed),68.0
2014-12-12,BENGALURU,Palm Oil (Packed),60.0
2014-12-12,DHARWAD,Palm Oil (Packed),65.0
2014-12-12,T.PURAM,Palm Oil (Packed),74.0
2014-12-12,ERNAKULAM,Palm Oil (Packed),68.0
2014-12-12,KOZHIKODE,Palm Oil (Packed),70.0
2014-12-12,PUDUCHERRY,Palm Oil (Packed),54.0
2014-12-12,CHENNAI,Palm Oil (Packed),57.0
2014-12-12,DINDIGUL,Palm Oil (Packed),63.0
2014-12-12,THIRUCHIRAPALLI,Palm Oil (Packed),62.0
2014-12-12,COIMBATORE,Palm Oil (Packed),62.0
2014-12-12,TIRUNELVELI,Palm Oil (Packed),61.0
2014-12-12,HYDERABAD,Palm Oil (Packed),69.0
2014-12-15,PANAJI,Palm Oil (Packed),64.0
2014-12-15,VISAKHAPATNAM,Palm Oil (Packed),68.0
2014-12-15,BENGALURU,Palm Oil (Packed),60.0
2014-12-15,DHARWAD,Palm Oil (Packed),65.0
2014-12-15,T.PURAM,Palm Oil (Packed),74.0
2014-12-15,ERNAKULAM,Palm Oil (Packed),68.0
2014-12-15,KOZHIKODE,Palm Oil (Packed),70.0
2014-12-15,PUDUCHERRY,Palm Oil (Packed),55.0
2014-12-15,CHENNAI,Palm Oil (Packed),57.0
2014-12-15,DINDIGUL,Palm Oil (Packed),63.0
2014-12-15,THIRUCHIRAPALLI,Palm Oil (Packed),62.0
2014-12-15,COIMBATORE,Palm Oil (Packed),62.0
2014-12-15,TIRUNELVELI,Palm Oil (Packed),61.0
2014-12-15,HYDERABAD,Palm Oil (Packed),69.0
2014-12-16,PANAJI,Palm Oil (Packed),64.0
2014-12-16,VISAKHAPATNAM,Palm Oil (Packed),68.0
2014-12-16,BENGALURU,Palm Oil (Packed),60.0
2014-12-16,DHARWAD,Palm Oil (Packed),65.0
2014-12-16,T.PURAM,Palm Oil (Packed),74.0
2014-12-16,ERNAKULAM,Palm Oil (Packed),68.0
2014-12-16,KOZHIKODE,Palm Oil (Packed),70.0
2014-12-16,PUDUCHERRY,Palm Oil (Packed),55.0
2014-12-16,CHENNAI,Palm Oil (Packed),57.0
2014-12-16,DINDIGUL,Palm Oil (Packed),63.0
2014-12-16,THIRUCHIRAPALLI,Palm Oil (Packed),62.0
2014-12-16,COIMBATORE,Palm Oil (Packed),62.0
2014-12-16,TIRUNELVELI,Palm Oil (Packed),61.0
2014-12-16,HYDERABAD,Palm Oil (Packed),69.0
2014-12-17,PANAJI,Palm Oil (Packed),
2014-12-17,VISAKHAPATNAM,Palm Oil (Packed),68.0
2014-12-17,BENGALURU,Palm Oil (Packed),60.0
2014-12-17,DHARWAD,Palm Oil (Packed),65.0
2014-12-17,T.PURAM,Palm Oil (Packed),74.0
2014-12-17,ERNAKULAM,Palm Oil (Packed),68.0
2014-12-17,KOZHIKODE,Palm Oil (Packed),70.0
2014-12-17,PUDUCHERRY,Palm Oil (Packed),55.0
2014-12-17,CHENNAI,Palm Oil (Packed),57.0
2014-12-17,DINDIGUL,Palm Oil (Packed),63.0
2014-12-17,THIRUCHIRAPALLI,Palm Oil (Packed),62.0
2014-12-17,COIMBATORE,Palm Oil (Packed),62.0
2014-12-17,TIRUNELVELI,Palm Oil (Packed),61.0
2014-12-17,HYDERABAD,Palm Oil (Packed),69.0
2014-12-18,PANAJI,Palm Oil (Packed),64.0
2014-12-18,VISAKHAPATNAM,Palm Oil (Packed),68.0
2014-12-18,BENGALURU,Palm Oil (Packed),
2014-12-18,DHARWAD,Palm Oil (Packed),
2014-12-18,T.PURAM,Palm Oil (Packed),74.0
2014-12-18,ERNAKULAM,Palm Oil (Packed),68.0
2014-12-18,KOZHIKODE,Palm Oil (Packed),70.0
2014-12-18,PUDUCHERRY,Palm Oil (Packed),55.0
2014-12-18,CHENNAI,Palm Oil (Packed),57.0
2014-12-18,DINDIGUL,Palm Oil (Packed),63.0
2014-12-18,THIRUCHIRAPALLI,Palm Oil (Packed),62.0
2014-12-18,COIMBATORE,Palm Oil (Packed),62.0
2014-12-18,TIRUNELVELI,Palm Oil (Packed),61.0
2014-12-18,HYDERABAD,Palm Oil (Packed),69.0
2014-12-19,PANAJI,Palm Oil (Packed),
2014-12-19,VISAKHAPATNAM,Palm Oil (Packed),68.0
2014-12-19,BENGALURU,Palm Oil (Packed),60.0
2014-12-19,DHARWAD,Palm Oil (Packed),65.0
2014-12-19,T.PURAM,Palm Oil (Packed),74.0
2014-12-19,ERNAKULAM,Palm Oil (Packed),68.0
2014-12-19,KOZHIKODE,Palm Oil (Packed),70.0
2014-12-19,PUDUCHERRY,Palm Oil (Packed),55.0
2014-12-19,CHENNAI,Palm Oil (Packed),57.0
2014-12-19,DINDIGUL,Palm Oil (Packed),63.0
2014-12-19,THIRUCHIRAPALLI,Palm Oil (Packed),62.0
2014-12-19,COIMBATORE,Palm Oil (Packed),62.0
2014-12-19,TIRUNELVELI,Palm Oil (Packed),61.0
2014-12-19,HYDERABAD,Palm Oil (Packed),69.0
2014-12-22,PANAJI,Palm Oil (Packed),64.0
2014-12-22,VISAKHAPATNAM,Palm Oil (Packed),68.0
2014-12-22,BENGALURU,Palm Oil (Packed),60.0
2014-12-22,DHARWAD,Palm Oil (Packed),65.0
2014-12-22,T.PURAM,Palm Oil (Packed),74.0
2014-12-22,ERNAKULAM,Palm Oil (Packed),68.0
2014-12-22,KOZHIKODE,Palm Oil (Packed),70.0
2014-12-22,PUDUCHERRY,Palm Oil (Packed),55.0
2014-12-22,CHENNAI,Palm Oil (Packed),57.0
2014-12-22,DINDIGUL,Palm Oil (Packed),63.0
2014-12-22,THIRUCHIRAPALLI,Palm Oil (Packed),62.0
2014-12-22,COIMBATORE,Palm Oil (Packed),62.0
2014-12-22,TIRUNELVELI,Palm Oil (Packed),61.0
2014-12-22,HYDERABAD,Palm Oil (Packed),69.0
2014-12-23,PANAJI,Palm Oil (Packed),64.0
2014-12-23,VISAKHAPATNAM,Palm Oil (Packed),68.0
2014-12-23,BENGALURU,Palm Oil (Packed),58.0
2014-12-23,DHARWAD,Palm Oil (Packed),65.0
2014-12-23,T.PURAM,Palm Oil (Packed),74.0
2014-12-23,ERNAKULAM,Palm Oil (Packed),68.0
2014-12-23,KOZHIKODE,Palm Oil (Packed),70.0
2014-12-23,PUDUCHERRY,Palm Oil (Packed),57.0
2014-12-23,CHENNAI,Palm Oil (Packed),57.0
2014-12-23,DINDIGUL,Palm Oil (Packed),63.0
2014-12-23,THIRUCHIRAPALLI,Palm Oil (Packed),62.0
2014-12-23,COIMBATORE,Palm Oil (Packed),62.0
2014-12-23,TIRUNELVELI,Palm Oil (Packed),61.0
2014-12-23,HYDERABAD,Palm Oil (Packed),69.0
2014-12-24,PANAJI,Palm Oil (Packed),64.0
2014-12-24,VISAKHAPATNAM,Palm Oil (Packed),68.0
2014-12-24,BENGALURU,Palm Oil (Packed),58.0
2014-12-24,DHARWAD,Palm Oil (Packed),65.0
2014-12-24,T.PURAM,Palm Oil (Packed),74.0
2014-12-24,ERNAKULAM,Palm Oil (Packed),68.0
2014-12-24,KOZHIKODE,Palm Oil (Packed),70.0
2014-12-24,PUDUCHERRY,Palm Oil (Packed),57.0
2014-12-24,CHENNAI,Palm Oil (Packed),57.0
2014-12-24,DINDIGUL,Palm Oil (Packed),63.0
2014-12-24,THIRUCHIRAPALLI,Palm Oil (Packed),62.0
2014-12-24,COIMBATORE,Palm Oil (Packed),62.0
2014-12-24,TIRUNELVELI,Palm Oil (Packed),61.0
2014-12-24,HYDERABAD,Palm Oil (Packed),69.0
2014-12-26,PANAJI,Palm Oil (Packed),64.0
2014-12-26,VISAKHAPATNAM,Palm Oil (Packed),68.0
2014-12-26,BENGALURU,Palm Oil (Packed),58.0
2014-12-26,DHARWAD,Palm Oil (Packed),65.0
2014-12-26,T.PURAM,Palm Oil (Packed),74.0
2014-12-26,ERNAKULAM,Palm Oil (Packed),68.0
2014-12-26,KOZHIKODE,Palm Oil (Packed),70.0
2014-12-26,PUDUCHERRY,Palm Oil (Packed),57.0
2014-12-26,CHENNAI,Palm Oil (Packed),57.0
2014-12-26,DINDIGUL,Palm Oil (Packed),63.0
2014-12-26,THIRUCHIRAPALLI,Palm Oil (Packed),62.0
2014-12-26,COIMBATORE,Palm Oil (Packed),62.0
2014-12-26,TIRUNELVELI,Palm Oil (Packed),64.0
2014-12-26,HYDERABAD,Palm Oil (Packed),
2014-12-29,PANAJI,Palm Oil (Packed),64.0
2014-12-29,VISAKHAPATNAM,Palm Oil (Packed),68.0
2014-12-29,BENGALURU,Palm Oil (Packed),
2014-12-29,DHARWAD,Palm Oil (Packed),65.0
2014-12-29,T.PURAM,Palm Oil (Packed),74.0
2014-12-29,ERNAKULAM,Palm Oil (Packed),68.0
2014-12-29,KOZHIKODE,Palm Oil (Packed),70.0
2014-12-29,PUDUCHERRY,Palm Oil (Packed),58.0
2014-12-29,CHENNAI,Palm Oil (Packed),57.0
2014-12-29,DINDIGUL,Palm Oil (Packed),63.0
2014-12-29,THIRUCHIRAPALLI,Palm Oil (Packed),62.0
2014-12-29,COIMBATORE,Palm Oil (Packed),62.0
2014-12-29,TIRUNELVELI,Palm Oil (Packed),64.0
2014-12-29,HYDERABAD,Palm Oil (Packed),69.0
2014-12-30,PANAJI,Palm Oil (Packed),64.0
2014-12-30,VISAKHAPATNAM,Palm Oil (Packed),68.0
2014-12-30,BENGALURU,Palm Oil (Packed),58.0
2014-12-30,DHARWAD,Palm Oil (Packed),65.0
2014-12-30,T.PURAM,Palm Oil (Packed),74.0
2014-12-30,ERNAKULAM,Palm Oil (Packed),68.0
2014-12-30,KOZHIKODE,Palm Oil (Packed),70.0
2014-12-30,PUDUCHERRY,Palm Oil (Packed),58.0
2014-12-30,CHENNAI,Palm Oil (Packed),57.0
2014-12-30,DINDIGUL,Palm Oil (Packed),63.0
2014-12-30,THIRUCHIRAPALLI,Palm Oil (Packed),62.0
2014-12-30,COIMBATORE,Palm Oil (Packed),62.0
2014-12-30,TIRUNELVELI,Palm Oil (Packed),64.0
2014-12-30,HYDERABAD,Palm Oil (Packed),69.0
2014-12-31,PANAJI,Palm Oil (Packed),64.0
2014-12-31,VISAKHAPATNAM,Palm Oil (Packed),68.0
2014-12-31,BENGALURU,Palm Oil (Packed),58.0
2014-12-31,DHARWAD,Palm Oil (Packed),65.0
2014-12-31,T.PURAM,Palm Oil (Packed),74.0
2014-12-31,ERNAKULAM,Palm Oil (Packed),68.0
2014-12-31,KOZHIKODE,Palm Oil (Packed),70.0
2014-12-31,PUDUCHERRY,Palm Oil (Packed),58.0
2014-12-31,CHENNAI,Palm Oil (Packed),60.0
2014-12-31,DINDIGUL,Palm Oil (Packed),68.0
2014-12-31,THIRUCHIRAPALLI,Palm Oil (Packed),62.0
2014-12-31,COIMBATORE,Palm Oil (Packed),67.0
2014-12-31,TIRUNELVELI,Palm Oil (Packed),65.0
2014-12-31,HYDERABAD,Palm Oil (Packed),69.0
2015-01-01,PANAJI,Palm Oil (Packed),64.0
2015-01-01,VISAKHAPATNAM,Palm Oil (Packed),68.0
2015-01-01,BENGALURU,Palm Oil (Packed),
2015-01-01,DHARWAD,Palm Oil (Packed),
2015-01-01,T.PURAM,Palm Oil (Packed),74.0
2015-01-01,ERNAKULAM,Palm Oil (Packed),68.0
2015-01-01,KOZHIKODE,Palm Oil (Packed),70.0
2015-01-01,PUDUCHERRY,Palm Oil (Packed),
2015-01-01,CHENNAI,Palm Oil (Packed),
2015-01-01,DINDIGUL,Palm Oil (Packed),
2015-01-01,THIRUCHIRAPALLI,Palm Oil (Packed),
2015-01-01,COIMBATORE,Palm Oil (Packed),
2015-01-01,TIRUNELVELI,Palm Oil (Packed),
2015-01-01,HYDERABAD,Palm Oil (Packed),
2015-01-02,PANAJI,Palm Oil (Packed),64.0
2015-01-02,VISAKHAPATNAM,Palm Oil (Packed),68.0
2015-01-02,BENGALURU,Palm Oil (Packed),
2015-01-02,DHARWAD,Palm Oil (Packed),
2015-01-02,T.PURAM,Palm Oil (Packed),
2015-01-02,ERNAKULAM,Palm Oil (Packed),
2015-01-02,KOZHIKODE,Palm Oil (Packed),
2015-01-02,PUDUCHERRY,Palm Oil (Packed),58.0
2015-01-02,CHENNAI,Palm Oil (Packed),60.0
2015-01-02,DINDIGUL,Palm Oil (Packed),68.0
2015-01-02,THIRUCHIRAPALLI,Palm Oil (Packed),65.0
2015-01-02,COIMBATORE,Palm Oil (Packed),67.0
2015-01-02,TIRUNELVELI,Palm Oil (Packed),65.0
2015-01-02,HYDERABAD,Palm Oil (Packed),69.0
2015-01-05,PANAJI,Palm Oil (Packed),64.0
2015-01-05,VISAKHAPATNAM,Palm Oil (Packed),68.0
2015-01-05,BENGALURU,Palm Oil (Packed),63.0
2015-01-05,DHARWAD,Palm Oil (Packed),66.0
2015-01-05,T.PURAM,Palm Oil (Packed),74.0
2015-01-05,ERNAKULAM,Palm Oil (Packed),68.0
2015-01-05,KOZHIKODE,Palm Oil (Packed),70.0
2015-01-05,PUDUCHERRY,Palm Oil (Packed),59.0
2015-01-05,CHENNAI,Palm Oil (Packed),61.0
2015-01-05,DINDIGUL,Palm Oil (Packed),68.0
2015-01-05,THIRUCHIRAPALLI,Palm Oil (Packed),65.0
2015-01-05,COIMBATORE,Palm Oil (Packed),67.0
2015-01-05,TIRUNELVELI,Palm Oil (Packed),65.0
2015-01-05,HYDERABAD,Palm Oil (Packed),69.0
2015-01-06,PANAJI,Palm Oil (Packed),64.0
2015-01-06,VISAKHAPATNAM,Palm Oil (Packed),68.0
2015-01-06,BENGALURU,Palm Oil (Packed),63.0
2015-01-06,DHARWAD,Palm Oil (Packed),66.0
2015-01-06,T.PURAM,Palm Oil (Packed),74.0
2015-01-06,ERNAKULAM,Palm Oil (Packed),68.0
2015-01-06,KOZHIKODE,Palm Oil (Packed),70.0
2015-01-06,PUDUCHERRY,Palm Oil (Packed),59.0
2015-01-06,CHENNAI,Palm Oil (Packed),61.0
2015-01-06,DINDIGUL,Palm Oil (Packed),68.0
2015-01-06,THIRUCHIRAPALLI,Palm Oil (Packed),65.0
2015-01-06,COIMBATORE,Palm Oil (Packed),67.0
2015-01-06,TIRUNELVELI,Palm Oil (Packed),65.0
2015-01-06,HYDERABAD,Palm Oil (Packed),69.0
2015-01-07,PANAJI,Palm Oil (Packed),64.0
2015-01-07,VISAKHAPATNAM,Palm Oil (Packed),68.0
2015-01-07,BENGALURU,Palm Oil (Packed),63.0
2015-01-07,DHARWAD,Palm Oil (Packed),66.0
2015-01-07,T.PURAM,Palm Oil (Packed),74.0
2015-01-07,ERNAKULAM,Palm Oil (Packed),68.0
2015-01-07,KOZHIKODE,Palm Oil (Packed),70.0
2015-01-07,PUDUCHERRY,Palm Oil (Packed),60.0
2015-01-07,CHENNAI,Palm Oil (Packed),61.0
2015-01-07,DINDIGUL,Palm Oil (Packed),68.0
2015-01-07,THIRUCHIRAPALLI,Palm Oil (Packed),65.0
2015-01-07,COIMBATORE,Palm Oil (Packed),67.0
2015-01-07,TIRUNELVELI,Palm Oil (Packed),65.0
2015-01-07,HYDERABAD,Palm Oil (Packed),69.0
2015-01-08,PANAJI,Palm Oil (Packed),
2015-01-08,VISAKHAPATNAM,Palm Oil (Packed),68.0
2015-01-08,BENGALURU,Palm Oil (Packed),63.0
2015-01-08,DHARWAD,Palm Oil (Packed),66.0
2015-01-08,T.PURAM,Palm Oil (Packed),74.0
2015-01-08,ERNAKULAM,Palm Oil (Packed),68.0
2015-01-08,KOZHIKODE,Palm Oil (Packed),70.0
2015-01-08,PUDUCHERRY,Palm Oil (Packed),60.0
2015-01-08,CHENNAI,Palm Oil (Packed),61.0
2015-01-08,DINDIGUL,Palm Oil (Packed),68.0
2015-01-08,THIRUCHIRAPALLI,Palm Oil (Packed),65.0
2015-01-08,COIMBATORE,Palm Oil (Packed),67.0
2015-01-08,TIRUNELVELI,Palm Oil (Packed),65.0
2015-01-08,HYDERABAD,Palm Oil (Packed),69.0
2015-01-09,PANAJI,Palm Oil (Packed),67.0
2015-01-09,VISAKHAPATNAM,Palm Oil (Packed),68.0
2015-01-09,BENGALURU,Palm Oil (Packed),
2015-01-09,DHARWAD,Palm Oil (Packed),
2015-01-09,T.PURAM,Palm Oil (Packed),74.0
2015-01-09,ERNAKULAM,Palm Oil (Packed),68.0
2015-01-09,KOZHIKODE,Palm Oil (Packed),70.0
2015-01-09,PUDUCHERRY,Palm Oil (Packed),60.0
2015-01-09,CHENNAI,Palm Oil (Packed),61.0
2015-01-09,DINDIGUL,Palm Oil (Packed),68.0
2015-01-09,THIRUCHIRAPALLI,Palm Oil (Packed),65.0
2015-01-09,COIMBATORE,Palm Oil (Packed),67.0
2015-01-09,TIRUNELVELI,Palm Oil (Packed),65.0
2015-01-09,HYDERABAD,Palm Oil (Packed),69.0
2015-01-12,PANAJI,Palm Oil (Packed),67.0
2015-01-12,VISAKHAPATNAM,Palm Oil (Packed),68.0
2015-01-12,BENGALURU,Palm Oil (Packed),
2015-01-12,DHARWAD,Palm Oil (Packed),
2015-01-12,T.PURAM,Palm Oil (Packed),74.0
2015-01-12,ERNAKULAM,Palm Oil (Packed),68.0
2015-01-12,KOZHIKODE,Palm Oil (Packed),70.0
2015-01-12,PUDUCHERRY,Palm Oil (Packed),60.0
2015-01-12,CHENNAI,Palm Oil (Packed),61.0
2015-01-12,DINDIGUL,Palm Oil (Packed),68.0
2015-01-12,THIRUCHIRAPALLI,Palm Oil (Packed),65.0
2015-01-12,COIMBATORE,Palm Oil (Packed),67.0
2015-01-12,TIRUNELVELI,Palm Oil (Packed),65.0
2015-01-12,HYDERABAD,Palm Oil (Packed),69.0
2015-01-13,PANAJI,Palm Oil (Packed),67.0
2015-01-13,VISAKHAPATNAM,Palm Oil (Packed),68.0
2015-01-13,BENGALURU,Palm Oil (Packed),63.0
2015-01-13,DHARWAD,Palm Oil (Packed),63.0
2015-01-13,T.PURAM,Palm Oil (Packed),74.0
2015-01-13,ERNAKULAM,Palm Oil (Packed),68.0
2015-01-13,KOZHIKODE,Palm Oil (Packed),70.0
2015-01-13,PUDUCHERRY,Palm Oil (Packed),60.0
2015-01-13,CHENNAI,Palm Oil (Packed),61.0
2015-01-13,DINDIGUL,Palm Oil (Packed),68.0
2015-01-13,THIRUCHIRAPALLI,Palm Oil (Packed),65.0
2015-01-13,COIMBATORE,Palm Oil (Packed),67.0
2015-01-13,TIRUNELVELI,Palm Oil (Packed),65.0
2015-01-13,HYDERABAD,Palm Oil (Packed),69.0
2015-01-14,PANAJI,Palm Oil (Packed),67.0
2015-01-14,VISAKHAPATNAM,Palm Oil (Packed),
2015-01-14,BENGALURU,Palm Oil (Packed),63.0
2015-01-14,DHARWAD,Palm Oil (Packed),63.0
2015-01-14,T.PURAM,Palm Oil (Packed),74.0
2015-01-14,ERNAKULAM,Palm Oil (Packed),68.0
2015-01-14,KOZHIKODE,Palm Oil (Packed),70.0
2015-01-14,PUDUCHERRY,Palm Oil (Packed),60.0
2015-01-14,CHENNAI,Palm Oil (Packed),61.0
2015-01-14,DINDIGUL,Palm Oil (Packed),68.0
2015-01-14,THIRUCHIRAPALLI,Palm Oil (Packed),65.0
2015-01-14,COIMBATORE,Palm Oil (Packed),67.0
2015-01-14,TIRUNELVELI,Palm Oil (Packed),65.0
2015-01-14,HYDERABAD,Palm Oil (Packed),
2015-01-15,PANAJI,Palm Oil (Packed),70.0
2015-01-15,VISAKHAPATNAM,Palm Oil (Packed),
2015-01-15,BENGALURU,Palm Oil (Packed),
2015-01-15,DHARWAD,Palm Oil (Packed),
2015-01-15,T.PURAM,Palm Oil (Packed),74.0
2015-01-15,ERNAKULAM,Palm Oil (Packed),68.0
2015-01-15,KOZHIKODE,Palm Oil (Packed),70.0
2015-01-15,THRISSUR,Palm Oil (Packed),
2015-01-15,PALAKKAD,Palm Oil (Packed),
2015-01-15,WAYANAD,Palm Oil (Packed),
2015-01-15,PUDUCHERRY,Palm Oil (Packed),
2015-01-15,CHENNAI,Palm Oil (Packed),
2015-01-15,DINDIGUL,Palm Oil (Packed),
2015-01-15,THIRUCHIRAPALLI,Palm Oil (Packed),
2015-01-15,COIMBATORE,Palm Oil (Packed),
2015-01-15,TIRUNELVELI,Palm Oil (Packed),
2015-01-15,HYDERABAD,Palm Oil (Packed),
2015-01-16,PANAJI,Palm Oil (Packed),70.0
2015-01-16,VISAKHAPATNAM,Palm Oil (Packed),
2015-01-16,BENGALURU,Palm Oil (Packed),63.0
2015-01-16,DHARWAD,Palm Oil (Packed),62.0
2015-01-16,T.PURAM,Palm Oil (Packed),74.0
2015-01-16,ERNAKULAM,Palm Oil (Packed),68.0
2015-01-16,KOZHIKODE,Palm Oil (Packed),70.0
2015-01-16,THRISSUR,Palm Oil (Packed),
2015-01-16,PALAKKAD,Palm Oil (Packed),
2015-01-16,WAYANAD,Palm Oil (Packed),
2015-01-16,PUDUCHERRY,Palm Oil (Packed),
2015-01-16,CHENNAI,Palm Oil (Packed),
2015-01-16,DINDIGUL,Palm Oil (Packed),
2015-01-16,THIRUCHIRAPALLI,Palm Oil (Packed),
2015-01-16,COIMBATORE,Palm Oil (Packed),
2015-01-16,TIRUNELVELI,Palm Oil (Packed),
2015-01-16,HYDERABAD,Palm Oil (Packed),74.0
2015-01-19,PANAJI,Palm Oil (Packed),70.0
2015-01-19,VISAKHAPATNAM,Palm Oil (Packed),68.0
2015-01-19,BENGALURU,Palm Oil (Packed),63.0
2015-01-19,DHARWAD,Palm Oil (Packed),61.0
2015-01-19,T.PURAM,Palm Oil (Packed),74.0
2015-01-19,ERNAKULAM,Palm Oil (Packed),68.0
2015-01-19,KOZHIKODE,Palm Oil (Packed),70.0
2015-01-19,THRISSUR,Palm Oil (Packed),
2015-01-19,PALAKKAD,Palm Oil (Packed),
2015-01-19,WAYANAD,Palm Oil (Packed),
2015-01-19,PUDUCHERRY,Palm Oil (Packed),60.0
2015-01-19,CHENNAI,Palm Oil (Packed),61.0
2015-01-19,DINDIGUL,Palm Oil (Packed),68.0
2015-01-19,THIRUCHIRAPALLI,Palm Oil (Packed),65.0
2015-01-19,COIMBATORE,Palm Oil (Packed),67.0
2015-01-19,TIRUNELVELI,Palm Oil (Packed),65.0
2015-01-19,HYDERABAD,Palm Oil (Packed),72.0
2015-01-20,PANAJI,Palm Oil (Packed),70.0
2015-01-20,VISAKHAPATNAM,Palm Oil (Packed),68.0
2015-01-20,BENGALURU,Palm Oil (Packed),63.0
2015-01-20,DHARWAD,Palm Oil (Packed),61.0
2015-01-20,T.PURAM,Palm Oil (Packed),74.0
2015-01-20,ERNAKULAM,Palm Oil (Packed),68.0
2015-01-20,KOZHIKODE,Palm Oil (Packed),70.0
2015-01-20,THRISSUR,Palm Oil (Packed),66.0
2015-01-20,PALAKKAD,Palm Oil (Packed),73.0
2015-01-20,WAYANAD,Palm Oil (Packed),67.0
2015-01-20,PUDUCHERRY,Palm Oil (Packed),59.0
2015-01-20,CHENNAI,Palm Oil (Packed),61.0
2015-01-20,DINDIGUL,Palm Oil (Packed),68.0
2015-01-20,THIRUCHIRAPALLI,Palm Oil (Packed),65.0
2015-01-20,COIMBATORE,Palm Oil (Packed),67.0
2015-01-20,TIRUNELVELI,Palm Oil (Packed),65.0
2015-01-20,HYDERABAD,Palm Oil (Packed),72.0
2015-01-21,PANAJI,Palm Oil (Packed),67.0
2015-01-21,VISAKHAPATNAM,Palm Oil (Packed),68.0
2015-01-21,BENGALURU,Palm Oil (Packed),63.0
2015-01-21,DHARWAD,Palm Oil (Packed),61.0
2015-01-21,T.PURAM,Palm Oil (Packed),74.0
2015-01-21,ERNAKULAM,Palm Oil (Packed),68.0
2015-01-21,KOZHIKODE,Palm Oil (Packed),70.0
2015-01-21,THRISSUR,Palm Oil (Packed),66.0
2015-01-21,PALAKKAD,Palm Oil (Packed),73.0
2015-01-21,WAYANAD,Palm Oil (Packed),67.0
2015-01-21,PUDUCHERRY,Palm Oil (Packed),59.0
2015-01-21,CHENNAI,Palm Oil (Packed),61.0
2015-01-21,DINDIGUL,Palm Oil (Packed),68.0
2015-01-21,THIRUCHIRAPALLI,Palm Oil (Packed),65.0
2015-01-21,COIMBATORE,Palm Oil (Packed),67.0
2015-01-21,TIRUNELVELI,Palm Oil (Packed),65.0
2015-01-21,HYDERABAD,Palm Oil (Packed),72.0
2015-01-22,PANAJI,Palm Oil (Packed),67.0
2015-01-22,VISAKHAPATNAM,Palm Oil (Packed),68.0
2015-01-22,BENGALURU,Palm Oil (Packed),63.0
2015-01-22,DHARWAD,Palm Oil (Packed),60.0
2015-01-22,T.PURAM,Palm Oil (Packed),74.0
2015-01-22,ERNAKULAM,Palm Oil (Packed),68.0
2015-01-22,KOZHIKODE,Palm Oil (Packed),70.0
2015-01-22,THRISSUR,Palm Oil (Packed),66.0
2015-01-22,PALAKKAD,Palm Oil (Packed),73.0
2015-01-22,WAYANAD,Palm Oil (Packed),67.0
2015-01-22,PUDUCHERRY,Palm Oil (Packed),59.0
2015-01-22,CHENNAI,Palm Oil (Packed),61.0
2015-01-22,DINDIGUL,Palm Oil (Packed),68.0
2015-01-22,THIRUCHIRAPALLI,Palm Oil (Packed),65.0
2015-01-22,COIMBATORE,Palm Oil (Packed),67.0
2015-01-22,TIRUNELVELI,Palm Oil (Packed),65.0
2015-01-22,HYDERABAD,Palm Oil (Packed),72.0
2015-01-23,PANAJI,Palm Oil (Packed),67.0
2015-01-23,VISAKHAPATNAM,Palm Oil (Packed),68.0
2015-01-23,BENGALURU,Palm Oil (Packed),63.0
2015-01-23,DHARWAD,Palm Oil (Packed),60.0
2015-01-23,T.PURAM,Palm Oil (Packed),74.0
2015-01-23,ERNAKULAM,Palm Oil (Packed),68.0
2015-01-23,KOZHIKODE,Palm Oil (Packed),70.0
2015-01-23,THRISSUR,Palm Oil (Packed),66.0
2015-01-23,PALAKKAD,Palm Oil (Packed),73.0
2015-01-23,WAYANAD,Palm Oil (Packed),67.0
2015-01-23,PUDUCHERRY,Palm Oil (Packed),59.0
2015-01-23,CHENNAI,Palm Oil (Packed),61.0
2015-01-23,DINDIGUL,Palm Oil (Packed),68.0
2015-01-23,THIRUCHIRAPALLI,Palm Oil (Packed),65.0
2015-01-23,COIMBATORE,Palm Oil (Packed),67.0
2015-01-23,TIRUNELVELI,Palm Oil (Packed),65.0
2015-01-23,HYDERABAD,Palm Oil (Packed),72.0
2015-01-27,PANAJI,Palm Oil (Packed),67.0
2015-01-27,VISAKHAPATNAM,Palm Oil (Packed),68.0
2015-01-27,BENGALURU,Palm Oil (Packed),63.0
2015-01-27,DHARWAD,Palm Oil (Packed),59.0
2015-01-27,T.PURAM,Palm Oil (Packed),74.0
2015-01-27,ERNAKULAM,Palm Oil (Packed),68.0
2015-01-27,KOZHIKODE,Palm Oil (Packed),70.0
2015-01-27,THRISSUR,Palm Oil (Packed),66.0
2015-01-27,PALAKKAD,Palm Oil (Packed),73.0
2015-01-27,WAYANAD,Palm Oil (Packed),67.0
2015-01-27,PUDUCHERRY,Palm Oil (Packed),58.0
2015-01-27,CHENNAI,Palm Oil (Packed),61.0
2015-01-27,DINDIGUL,Palm Oil (Packed),68.0
2015-01-27,THIRUCHIRAPALLI,Palm Oil (Packed),65.0
2015-01-27,COIMBATORE,Palm Oil (Packed),67.0
2015-01-27,TIRUNELVELI,Palm Oil (Packed),65.0
2015-01-27,HYDERABAD,Palm Oil (Packed),70.0
2015-01-28,PANAJI,Palm Oil (Packed),67.0
2015-01-28,VISAKHAPATNAM,Palm Oil (Packed),68.0
2015-01-28,BENGALURU,Palm Oil (Packed),
2015-01-28,DHARWAD,Palm Oil (Packed),59.0
2015-01-28,T.PURAM,Palm Oil (Packed),74.0
2015-01-28,ERNAKULAM,Palm Oil (Packed),68.0
2015-01-28,KOZHIKODE,Palm Oil (Packed),70.0
2015-01-28,THRISSUR,Palm Oil (Packed),66.0
2015-01-28,PALAKKAD,Palm Oil (Packed),73.0
2015-01-28,WAYANAD,Palm Oil (Packed),67.0
2015-01-28,PUDUCHERRY,Palm Oil (Packed),58.0
2015-01-28,CHENNAI,Palm Oil (Packed),61.0
2015-01-28,DINDIGUL,Palm Oil (Packed),68.0
2015-01-28,THIRUCHIRAPALLI,Palm Oil (Packed),65.0
2015-01-28,COIMBATORE,Palm Oil (Packed),62.0
2015-01-28,TIRUNELVELI,Palm Oil (Packed),65.0
2015-01-28,HYDERABAD,Palm Oil (Packed),70.0
2015-01-30,PANAJI,Palm Oil (Packed),67.0
2015-01-30,VISAKHAPATNAM,Palm Oil (Packed),68.0
2015-01-30,BENGALURU,Palm Oil (Packed),63.0
2015-01-30,DHARWAD,Palm Oil (Packed),59.0
2015-01-30,T.PURAM,Palm Oil (Packed),74.0
2015-01-30,ERNAKULAM,Palm Oil (Packed),68.0
2015-01-30,KOZHIKODE,Palm Oil (Packed),70.0
2015-01-30,THRISSUR,Palm Oil (Packed),66.0
2015-01-30,PALAKKAD,Palm Oil (Packed),73.0
2015-01-30,WAYANAD,Palm Oil (Packed),67.0
2015-01-30,PUDUCHERRY,Palm Oil (Packed),58.0
2015-01-30,CHENNAI,Palm Oil (Packed),61.0
2015-01-30,DINDIGUL,Palm Oil (Packed),68.0
2015-01-30,THIRUCHIRAPALLI,Palm Oil (Packed),65.0
2015-01-30,COIMBATORE,Palm Oil (Packed),62.0
2015-01-30,TIRUNELVELI,Palm Oil (Packed),65.0
2015-01-30,HYDERABAD,Palm Oil (Packed),70.0
2015-02-02,PANAJI,Palm Oil (Packed),67.0
2015-02-02,VISAKHAPATNAM,Palm Oil (Packed),68.0
2015-02-02,BENGALURU,Palm Oil (Packed),63.0
2015-02-02,DHARWAD,Palm Oil (Packed),59.0
2015-02-02,T.PURAM,Palm Oil (Packed),74.0
2015-02-02,ERNAKULAM,Palm Oil (Packed),68.0
2015-02-02,KOZHIKODE,Palm Oil (Packed),70.0
2015-02-02,THRISSUR,Palm Oil (Packed),66.0
2015-02-02,PALAKKAD,Palm Oil (Packed),73.0
2015-02-02,WAYANAD,Palm Oil (Packed),67.0
2015-02-02,PUDUCHERRY,Palm Oil (Packed),57.0
2015-02-02,CHENNAI,Palm Oil (Packed),61.0
2015-02-02,DINDIGUL,Palm Oil (Packed),68.0
2015-02-02,THIRUCHIRAPALLI,Palm Oil (Packed),65.0
2015-02-02,COIMBATORE,Palm Oil (Packed),62.0
2015-02-02,TIRUNELVELI,Palm Oil (Packed),65.0
2015-02-02,HYDERABAD,Palm Oil (Packed),70.0
2015-02-03,PANAJI,Palm Oil (Packed),
2015-02-03,VISAKHAPATNAM,Palm Oil (Packed),68.0
2015-02-03,BENGALURU,Palm Oil (Packed),63.0
2015-02-03,DHARWAD,Palm Oil (Packed),59.0
2015-02-03,T.PURAM,Palm Oil (Packed),74.0
2015-02-03,ERNAKULAM,Palm Oil (Packed),68.0
2015-02-03,KOZHIKODE,Palm Oil (Packed),70.0
2015-02-03,THRISSUR,Palm Oil (Packed),66.0
2015-02-03,PALAKKAD,Palm Oil (Packed),73.0
2015-02-03,WAYANAD,Palm Oil (Packed),67.0
2015-02-03,PUDUCHERRY,Palm Oil (Packed),57.0
2015-02-03,CHENNAI,Palm Oil (Packed),61.0
2015-02-03,DINDIGUL,Palm Oil (Packed),68.0
2015-02-03,THIRUCHIRAPALLI,Palm Oil (Packed),65.0
2015-02-03,COIMBATORE,Palm Oil (Packed),61.0
2015-02-03,TIRUNELVELI,Palm Oil (Packed),63.0
2015-02-03,HYDERABAD,Palm Oil (Packed),70.0
2015-02-04,PANAJI,Palm Oil (Packed),
2015-02-04,VISAKHAPATNAM,Palm Oil (Packed),68.0
2015-02-04,BENGALURU,Palm Oil (Packed),63.0
2015-02-04,DHARWAD,Palm Oil (Packed),59.0
2015-02-04,T.PURAM,Palm Oil (Packed),74.0
2015-02-04,ERNAKULAM,Palm Oil (Packed),68.0
2015-02-04,KOZHIKODE,Palm Oil (Packed),70.0
2015-02-04,THRISSUR,Palm Oil (Packed),66.0
2015-02-04,PALAKKAD,Palm Oil (Packed),73.0
2015-02-04,WAYANAD,Palm Oil (Packed),67.0
2015-02-04,PUDUCHERRY,Palm Oil (Packed),57.0
2015-02-04,CHENNAI,Palm Oil (Packed),61.0
2015-02-04,DINDIGUL,Palm Oil (Packed),68.0
2015-02-04,THIRUCHIRAPALLI,Palm Oil (Packed),63.0
2015-02-04,COIMBATORE,Palm Oil (Packed),61.0
2015-02-04,TIRUNELVELI,Palm Oil (Packed),63.0
2015-02-04,HYDERABAD,Palm Oil (Packed),70.0
2015-02-05,PANAJI,Palm Oil (Packed),67.0
2015-02-05,VISAKHAPATNAM,Palm Oil (Packed),68.0
2015-02-05,BENGALURU,Palm Oil (Packed),
2015-02-05,DHARWAD,Palm Oil (Packed),
2015-02-05,T.PURAM,Palm Oil (Packed),74.0
2015-02-05,ERNAKULAM,Palm Oil (Packed),68.0
2015-02-05,KOZHIKODE,Palm Oil (Packed),70.0
2015-02-05,THRISSUR,Palm Oil (Packed),66.0
2015-02-05,PALAKKAD,Palm Oil (Packed),73.0
2015-02-05,WAYANAD,Palm Oil (Packed),67.0
2015-02-05,PUDUCHERRY,Palm Oil (Packed),57.0
2015-02-05,CHENNAI,Palm Oil (Packed),61.0
2015-02-05,DINDIGUL,Palm Oil (Packed),68.0
2015-02-05,THIRUCHIRAPALLI,Palm Oil (Packed),63.0
2015-02-05,COIMBATORE,Palm Oil (Packed),61.0
2015-02-05,TIRUNELVELI,Palm Oil (Packed),63.0
2015-02-05,HYDERABAD,Palm Oil (Packed),70.0
2015-02-06,PANAJI,Palm Oil (Packed),67.0
2015-02-06,VISAKHAPATNAM,Palm Oil (Packed),68.0
2015-02-06,BENGALURU,Palm Oil (Packed),63.0
2015-02-06,DHARWAD,Palm Oil (Packed),59.0
2015-02-06,T.PURAM,Palm Oil (Packed),74.0
2015-02-06,ERNAKULAM,Palm Oil (Packed),68.0
2015-02-06,KOZHIKODE,Palm Oil (Packed),70.0
2015-02-06,THRISSUR,Palm Oil (Packed),66.0
2015-02-06,PALAKKAD,Palm Oil (Packed),73.0
2015-02-06,WAYANAD,Palm Oil (Packed),67.0
2015-02-06,PUDUCHERRY,Palm Oil (Packed),58.0
2015-02-06,CHENNAI,Palm Oil (Packed),61.0
2015-02-06,DINDIGUL,Palm Oil (Packed),68.0
2015-02-06,THIRUCHIRAPALLI,Palm Oil (Packed),62.0
2015-02-06,COIMBATORE,Palm Oil (Packed),61.0
2015-02-06,TIRUNELVELI,Palm Oil (Packed),63.0
2015-02-06,HYDERABAD,Palm Oil (Packed),70.0
2015-02-09,PANAJI,Palm Oil (Packed),67.0
2015-02-09,VISAKHAPATNAM,Palm Oil (Packed),68.0
2015-02-09,BENGALURU,Palm Oil (Packed),63.0
2015-02-09,DHARWAD,Palm Oil (Packed),59.0
2015-02-09,T.PURAM,Palm Oil (Packed),74.0
2015-02-09,ERNAKULAM,Palm Oil (Packed),68.0
2015-02-09,KOZHIKODE,Palm Oil (Packed),70.0
2015-02-09,THRISSUR,Palm Oil (Packed),66.0
2015-02-09,PALAKKAD,Palm Oil (Packed),73.0
2015-02-09,WAYANAD,Palm Oil (Packed),67.0
2015-02-09,PUDUCHERRY,Palm Oil (Packed),58.0
2015-02-09,CHENNAI,Palm Oil (Packed),61.0
2015-02-09,DINDIGUL,Palm Oil (Packed),68.0
2015-02-09,THIRUCHIRAPALLI,Palm Oil (Packed),62.0
2015-02-09,COIMBATORE,Palm Oil (Packed),61.0
2015-02-09,TIRUNELVELI,Palm Oil (Packed),63.0
2015-02-09,HYDERABAD,Palm Oil (Packed),70.0
2015-02-10,PANAJI,Palm Oil (Packed),67.0
2015-02-10,VISAKHAPATNAM,Palm Oil (Packed),68.0
2015-02-10,BENGALURU,Palm Oil (Packed),64.0
2015-02-10,DHARWAD,Palm Oil (Packed),59.0
2015-02-10,T.PURAM,Palm Oil (Packed),74.0
2015-02-10,ERNAKULAM,Palm Oil (Packed),68.0
2015-02-10,KOZHIKODE,Palm Oil (Packed),70.0
2015-02-10,THRISSUR,Palm Oil (Packed),66.0
2015-02-10,PALAKKAD,Palm Oil (Packed),73.0
2015-02-10,WAYANAD,Palm Oil (Packed),67.0
2015-02-10,PUDUCHERRY,Palm Oil (Packed),58.0
2015-02-10,CHENNAI,Palm Oil (Packed),61.0
2015-02-10,DINDIGUL,Palm Oil (Packed),68.0
2015-02-10,THIRUCHIRAPALLI,Palm Oil (Packed),62.0
2015-02-10,COIMBATORE,Palm Oil (Packed),61.0
2015-02-10,TIRUNELVELI,Palm Oil (Packed),63.0
2015-02-10,HYDERABAD,Palm Oil (Packed),70.0
2015-02-11,PANAJI,Palm Oil (Packed),67.0
2015-02-11,VISAKHAPATNAM,Palm Oil (Packed),68.0
2015-02-11,BENGALURU,Palm Oil (Packed),64.0
2015-02-11,DHARWAD,Palm Oil (Packed),59.0
2015-02-11,T.PURAM,Palm Oil (Packed),74.0
2015-02-11,ERNAKULAM,Palm Oil (Packed),68.0
2015-02-11,KOZHIKODE,Palm Oil (Packed),70.0
2015-02-11,THRISSUR,Palm Oil (Packed),66.0
2015-02-11,PALAKKAD,Palm Oil (Packed),73.0
2015-02-11,WAYANAD,Palm Oil (Packed),67.0
2015-02-11,PUDUCHERRY,Palm Oil (Packed),58.0
2015-02-11,CHENNAI,Palm Oil (Packed),61.0
2015-02-11,DINDIGUL,Palm Oil (Packed),68.0
2015-02-11,THIRUCHIRAPALLI,Palm Oil (Packed),62.0
2015-02-11,COIMBATORE,Palm Oil (Packed),61.0
2015-02-11,TIRUNELVELI,Palm Oil (Packed),63.0
2015-02-11,HYDERABAD,Palm Oil (Packed),70.0
2015-02-12,PANAJI,Palm Oil (Packed),67.0
2015-02-12,VISAKHAPATNAM,Palm Oil (Packed),68.0
2015-02-12,BENGALURU,Palm Oil (Packed),64.0
2015-02-12,DHARWAD,Palm Oil (Packed),59.0
2015-02-12,T.PURAM,Palm Oil (Packed),74.0
2015-02-12,ERNAKULAM,Palm Oil (Packed),68.0
2015-02-12,KOZHIKODE,Palm Oil (Packed),70.0
2015-02-12,THRISSUR,Palm Oil (Packed),66.0
2015-02-12,PALAKKAD,Palm Oil (Packed),73.0
2015-02-12,WAYANAD,Palm Oil (Packed),67.0
2015-02-12,PUDUCHERRY,Palm Oil (Packed),58.0
2015-02-12,CHENNAI,Palm Oil (Packed),61.0
2015-02-12,DINDIGUL,Palm Oil (Packed),68.0
2015-02-12,THIRUCHIRAPALLI,Palm Oil (Packed),62.0
2015-02-12,COIMBATORE,Palm Oil (Packed),61.0
2015-02-12,TIRUNELVELI,Palm Oil (Packed),63.0
2015-02-12,HYDERABAD,Palm Oil (Packed),70.0
2015-02-13,PANAJI,Palm Oil (Packed),
2015-02-13,VISAKHAPATNAM,Palm Oil (Packed),68.0
2015-02-13,BENGALURU,Palm Oil (Packed),64.0
2015-02-13,DHARWAD,Palm Oil (Packed),59.0
2015-02-13,T.PURAM,Palm Oil (Packed),74.0
2015-02-13,ERNAKULAM,Palm Oil (Packed),68.0
2015-02-13,KOZHIKODE,Palm Oil (Packed),70.0
2015-02-13,THRISSUR,Palm Oil (Packed),66.0
2015-02-13,PALAKKAD,Palm Oil (Packed),73.0
2015-02-13,WAYANAD,Palm Oil (Packed),67.0
2015-02-13,PUDUCHERRY,Palm Oil (Packed),58.0
2015-02-13,CHENNAI,Palm Oil (Packed),61.0
2015-02-13,DINDIGUL,Palm Oil (Packed),68.0
2015-02-13,THIRUCHIRAPALLI,Palm Oil (Packed),62.0
2015-02-13,COIMBATORE,Palm Oil (Packed),61.0
2015-02-13,TIRUNELVELI,Palm Oil (Packed),63.0
2015-02-13,HYDERABAD,Palm Oil (Packed),70.0
2015-02-16,PANAJI,Palm Oil (Packed),64.0
2015-02-16,VISAKHAPATNAM,Palm Oil (Packed),68.0
2015-02-16,BENGALURU,Palm Oil (Packed),64.0
2015-02-16,DHARWAD,Palm Oil (Packed),59.0
2015-02-16,T.PURAM,Palm Oil (Packed),74.0
2015-02-16,ERNAKULAM,Palm Oil (Packed),68.0
2015-02-16,KOZHIKODE,Palm Oil (Packed),70.0
2015-02-16,THRISSUR,Palm Oil (Packed),66.0
2015-02-16,PALAKKAD,Palm Oil (Packed),73.0
2015-02-16,WAYANAD,Palm Oil (Packed),67.0
2015-02-16,PUDUCHERRY,Palm Oil (Packed),58.0
2015-02-16,CHENNAI,Palm Oil (Packed),61.0
2015-02-16,DINDIGUL,Palm Oil (Packed),68.0
2015-02-16,THIRUCHIRAPALLI,Palm Oil (Packed),62.0
2015-02-16,COIMBATORE,Palm Oil (Packed),61.0
2015-02-16,TIRUNELVELI,Palm Oil (Packed),63.0
2015-02-16,HYDERABAD,Palm Oil (Packed),70.0
2015-02-17,PANAJI,Palm Oil (Packed),64.0
2015-02-17,VISAKHAPATNAM,Palm Oil (Packed),
2015-02-17,BENGALURU,Palm Oil (Packed),
2015-02-17,DHARWAD,Palm Oil (Packed),
2015-02-17,T.PURAM,Palm Oil (Packed),74.0
2015-02-17,ERNAKULAM,Palm Oil (Packed),68.0
2015-02-17,KOZHIKODE,Palm Oil (Packed),70.0
2015-02-17,THRISSUR,Palm Oil (Packed),66.0
2015-02-17,PALAKKAD,Palm Oil (Packed),73.0
2015-02-17,WAYANAD,Palm Oil (Packed),67.0
2015-02-17,PUDUCHERRY,Palm Oil (Packed),58.0
2015-02-17,CHENNAI,Palm Oil (Packed),61.0
2015-02-17,DINDIGUL,Palm Oil (Packed),68.0
2015-02-17,THIRUCHIRAPALLI,Palm Oil (Packed),62.0
2015-02-17,COIMBATORE,Palm Oil (Packed),61.0
2015-02-17,TIRUNELVELI,Palm Oil (Packed),63.0
2015-02-17,HYDERABAD,Palm Oil (Packed),
2015-02-18,PANAJI,Palm Oil (Packed),64.0
2015-02-18,VISAKHAPATNAM,Palm Oil (Packed),68.0
2015-02-18,BENGALURU,Palm Oil (Packed),64.0
2015-02-18,DHARWAD,Palm Oil (Packed),59.0
2015-02-18,T.PURAM,Palm Oil (Packed),74.0
2015-02-18,ERNAKULAM,Palm Oil (Packed),68.0
2015-02-18,KOZHIKODE,Palm Oil (Packed),70.0
2015-02-18,THRISSUR,Palm Oil (Packed),66.0
2015-02-18,PALAKKAD,Palm Oil (Packed),73.0
2015-02-18,WAYANAD,Palm Oil (Packed),67.0
2015-02-18,PUDUCHERRY,Palm Oil (Packed),58.0
2015-02-18,CHENNAI,Palm Oil (Packed),61.0
2015-02-18,DINDIGUL,Palm Oil (Packed),68.0
2015-02-18,THIRUCHIRAPALLI,Palm Oil (Packed),62.0
2015-02-18,COIMBATORE,Palm Oil (Packed),63.0
2015-02-18,TIRUNELVELI,Palm Oil (Packed),63.0
2015-02-18,HYDERABAD,Palm Oil (Packed),70.0
2015-02-19,PANAJI,Palm Oil (Packed),65.0
2015-02-19,VISAKHAPATNAM,Palm Oil (Packed),68.0
2015-02-19,BENGALURU,Palm Oil (Packed),64.0
2015-02-19,DHARWAD,Palm Oil (Packed),59.0
2015-02-19,T.PURAM,Palm Oil (Packed),74.0
2015-02-19,ERNAKULAM,Palm Oil (Packed),68.0
2015-02-19,KOZHIKODE,Palm Oil (Packed),70.0
2015-02-19,THRISSUR,Palm Oil (Packed),66.0
2015-02-19,PALAKKAD,Palm Oil (Packed),73.0
2015-02-19,WAYANAD,Palm Oil (Packed),67.0
2015-02-19,PUDUCHERRY,Palm Oil (Packed),58.0
2015-02-19,CHENNAI,Palm Oil (Packed),61.0
2015-02-19,DINDIGUL,Palm Oil (Packed),68.0
2015-02-19,THIRUCHIRAPALLI,Palm Oil (Packed),62.0
2015-02-19,COIMBATORE,Palm Oil (Packed),63.0
2015-02-19,TIRUNELVELI,Palm Oil (Packed),63.0
2015-02-19,HYDERABAD,Palm Oil (Packed),70.0
2015-02-20,PANAJI,Palm Oil (Packed),65.0
2015-02-20,VISAKHAPATNAM,Palm Oil (Packed),68.0
2015-02-20,BENGALURU,Palm Oil (Packed),
2015-02-20,DHARWAD,Palm Oil (Packed),
2015-02-20,T.PURAM,Palm Oil (Packed),74.0
2015-02-20,ERNAKULAM,Palm Oil (Packed),68.0
2015-02-20,KOZHIKODE,Palm Oil (Packed),70.0
2015-02-20,THRISSUR,Palm Oil (Packed),66.0
2015-02-20,PALAKKAD,Palm Oil (Packed),73.0
2015-02-20,WAYANAD,Palm Oil (Packed),67.0
2015-02-20,PUDUCHERRY,Palm Oil (Packed),58.0
2015-02-20,CHENNAI,Palm Oil (Packed),61.0
2015-02-20,DINDIGUL,Palm Oil (Packed),68.0
2015-02-20,THIRUCHIRAPALLI,Palm Oil (Packed),62.0
2015-02-20,COIMBATORE,Palm Oil (Packed),63.0
2015-02-20,TIRUNELVELI,Palm Oil (Packed),63.0
2015-02-20,HYDERABAD,Palm Oil (Packed),70.0
2015-02-23,PANAJI,Palm Oil (Packed),65.0
2015-02-23,VISAKHAPATNAM,Palm Oil (Packed),68.0
2015-02-23,BENGALURU,Palm Oil (Packed),64.0
2015-02-23,DHARWAD,Palm Oil (Packed),59.0
2015-02-23,T.PURAM,Palm Oil (Packed),74.0
2015-02-23,ERNAKULAM,Palm Oil (Packed),68.0
2015-02-23,KOZHIKODE,Palm Oil (Packed),70.0
2015-02-23,THRISSUR,Palm Oil (Packed),66.0
2015-02-23,PALAKKAD,Palm Oil (Packed),73.0
2015-02-23,WAYANAD,Palm Oil (Packed),67.0
2015-02-23,PUDUCHERRY,Palm Oil (Packed),58.0
2015-02-23,CHENNAI,Palm Oil (Packed),61.0
2015-02-23,DINDIGUL,Palm Oil (Packed),68.0
2015-02-23,THIRUCHIRAPALLI,Palm Oil (Packed),62.0
2015-02-23,COIMBATORE,Palm Oil (Packed),63.0
2015-02-23,TIRUNELVELI,Palm Oil (Packed),63.0
2015-02-23,HYDERABAD,Palm Oil (Packed),70.0
2015-02-24,PANAJI,Palm Oil (Packed),65.0
2015-02-24,VISAKHAPATNAM,Palm Oil (Packed),68.0
2015-02-24,BENGALURU,Palm Oil (Packed),64.0
2015-02-24,DHARWAD,Palm Oil (Packed),59.0
2015-02-24,T.PURAM,Palm Oil (Packed),74.0
2015-02-24,ERNAKULAM,Palm Oil (Packed),68.0
2015-02-24,KOZHIKODE,Palm Oil (Packed),70.0
2015-02-24,THRISSUR,Palm Oil (Packed),66.0
2015-02-24,PALAKKAD,Palm Oil (Packed),73.0
2015-02-24,WAYANAD,Palm Oil (Packed),67.0
2015-02-24,PUDUCHERRY,Palm Oil (Packed),58.0
2015-02-24,CHENNAI,Palm Oil (Packed),61.0
2015-02-24,DINDIGUL,Palm Oil (Packed),68.0
2015-02-24,THIRUCHIRAPALLI,Palm Oil (Packed),62.0
2015-02-24,COIMBATORE,Palm Oil (Packed),63.0
2015-02-24,TIRUNELVELI,Palm Oil (Packed),63.0
2015-02-24,HYDERABAD,Palm Oil (Packed),70.0
2015-02-25,PANAJI,Palm Oil (Packed),65.0
2015-02-25,VISAKHAPATNAM,Palm Oil (Packed),68.0
2015-02-25,BENGALURU,Palm Oil (Packed),64.0
2015-02-25,DHARWAD,Palm Oil (Packed),59.0
2015-02-25,T.PURAM,Palm Oil (Packed),74.0
2015-02-25,ERNAKULAM,Palm Oil (Packed),68.0
2015-02-25,KOZHIKODE,Palm Oil (Packed),70.0
2015-02-25,THRISSUR,Palm Oil (Packed),66.0
2015-02-25,PALAKKAD,Palm Oil (Packed),73.0
2015-02-25,WAYANAD,Palm Oil (Packed),67.0
2015-02-25,PUDUCHERRY,Palm Oil (Packed),58.0
2015-02-25,CHENNAI,Palm Oil (Packed),60.0
2015-02-25,DINDIGUL,Palm Oil (Packed),65.0
2015-02-25,THIRUCHIRAPALLI,Palm Oil (Packed),62.0
2015-02-25,COIMBATORE,Palm Oil (Packed),63.0
2015-02-25,TIRUNELVELI,Palm Oil (Packed),63.0
2015-02-25,HYDERABAD,Palm Oil (Packed),70.0
2015-02-26,PANAJI,Palm Oil (Packed),
2015-02-26,VISAKHAPATNAM,Palm Oil (Packed),68.0
2015-02-26,BENGALURU,Palm Oil (Packed),64.0
2015-02-26,DHARWAD,Palm Oil (Packed),59.0
2015-02-26,T.PURAM,Palm Oil (Packed),74.0
2015-02-26,ERNAKULAM,Palm Oil (Packed),68.0
2015-02-26,KOZHIKODE,Palm Oil (Packed),70.0
2015-02-26,THRISSUR,Palm Oil (Packed),66.0
2015-02-26,PALAKKAD,Palm Oil (Packed),73.0
2015-02-26,WAYANAD,Palm Oil (Packed),67.0
2015-02-26,PUDUCHERRY,Palm Oil (Packed),58.0
2015-02-26,CHENNAI,Palm Oil (Packed),60.0
2015-02-26,DINDIGUL,Palm Oil (Packed),65.0
2015-02-26,THIRUCHIRAPALLI,Palm Oil (Packed),62.0
2015-02-26,COIMBATORE,Palm Oil (Packed),63.0
2015-02-26,TIRUNELVELI,Palm Oil (Packed),63.0
2015-02-26,HYDERABAD,Palm Oil (Packed),70.0
2015-02-27,PANAJI,Palm Oil (Packed),
2015-02-27,VISAKHAPATNAM,Palm Oil (Packed),68.0
2015-02-27,BENGALURU,Palm Oil (Packed),65.0
2015-02-27,DHARWAD,Palm Oil (Packed),59.0
2015-02-27,T.PURAM,Palm Oil (Packed),74.0
2015-02-27,ERNAKULAM,Palm Oil (Packed),68.0
2015-02-27,KOZHIKODE,Palm Oil (Packed),70.0
2015-02-27,THRISSUR,Palm Oil (Packed),66.0
2015-02-27,PALAKKAD,Palm Oil (Packed),73.0
2015-02-27,WAYANAD,Palm Oil (Packed),67.0
2015-02-27,PUDUCHERRY,Palm Oil (Packed),58.0
2015-02-27,CHENNAI,Palm Oil (Packed),60.0
2015-02-27,DINDIGUL,Palm Oil (Packed),65.0
2015-02-27,THIRUCHIRAPALLI,Palm Oil (Packed),62.0
2015-02-27,COIMBATORE,Palm Oil (Packed),63.0
2015-02-27,TIRUNELVELI,Palm Oil (Packed),63.0
2015-02-27,HYDERABAD,Palm Oil (Packed),70.0
2015-03-02,PANAJI,Palm Oil (Packed),
2015-03-02,VISAKHAPATNAM,Palm Oil (Packed),68.0
2015-03-02,BENGALURU,Palm Oil (Packed),
2015-03-02,DHARWAD,Palm Oil (Packed),
2015-03-02,T.PURAM,Palm Oil (Packed),74.0
2015-03-02,ERNAKULAM,Palm Oil (Packed),68.0
2015-03-02,KOZHIKODE,Palm Oil (Packed),70.0
2015-03-02,THRISSUR,Palm Oil (Packed),66.0
2015-03-02,PALAKKAD,Palm Oil (Packed),73.0
2015-03-02,WAYANAD,Palm Oil (Packed),67.0
2015-03-02,PUDUCHERRY,Palm Oil (Packed),58.0
2015-03-02,CHENNAI,Palm Oil (Packed),60.0
2015-03-02,DINDIGUL,Palm Oil (Packed),65.0
2015-03-02,THIRUCHIRAPALLI,Palm Oil (Packed),62.0
2015-03-02,COIMBATORE,Palm Oil (Packed),63.0
2015-03-02,TIRUNELVELI,Palm Oil (Packed),63.0
2015-03-02,HYDERABAD,Palm Oil (Packed),70.0
2015-03-03,PANAJI,Palm Oil (Packed),
2015-03-03,VISAKHAPATNAM,Palm Oil (Packed),68.0
2015-03-03,BENGALURU,Palm Oil (Packed),
2015-03-03,DHARWAD,Palm Oil (Packed),59.0
2015-03-03,T.PURAM,Palm Oil (Packed),74.0
2015-03-03,ERNAKULAM,Palm Oil (Packed),68.0
2015-03-03,KOZHIKODE,Palm Oil (Packed),70.0
2015-03-03,THRISSUR,Palm Oil (Packed),66.0
2015-03-03,PALAKKAD,Palm Oil (Packed),73.0
2015-03-03,WAYANAD,Palm Oil (Packed),67.0
2015-03-03,PUDUCHERRY,Palm Oil (Packed),58.0
2015-03-03,CHENNAI,Palm Oil (Packed),60.0
2015-03-03,DINDIGUL,Palm Oil (Packed),65.0
2015-03-03,THIRUCHIRAPALLI,Palm Oil (Packed),62.0
2015-03-03,COIMBATORE,Palm Oil (Packed),63.0
2015-03-03,TIRUNELVELI,Palm Oil (Packed),63.0
2015-03-03,HYDERABAD,Palm Oil (Packed),70.0
2015-03-04,PANAJI,Palm Oil (Packed),64.0
2015-03-04,VISAKHAPATNAM,Palm Oil (Packed),68.0
2015-03-04,BENGALURU,Palm Oil (Packed),65.0
2015-03-04,DHARWAD,Palm Oil (Packed),59.0
2015-03-04,T.PURAM,Palm Oil (Packed),74.0
2015-03-04,ERNAKULAM,Palm Oil (Packed),68.0
2015-03-04,KOZHIKODE,Palm Oil (Packed),70.0
2015-03-04,THRISSUR,Palm Oil (Packed),66.0
2015-03-04,PALAKKAD,Palm Oil (Packed),73.0
2015-03-04,WAYANAD,Palm Oil (Packed),67.0
2015-03-04,PUDUCHERRY,Palm Oil (Packed),58.0
2015-03-04,CHENNAI,Palm Oil (Packed),60.0
2015-03-04,DINDIGUL,Palm Oil (Packed),65.0
2015-03-04,THIRUCHIRAPALLI,Palm Oil (Packed),62.0
2015-03-04,COIMBATORE,Palm Oil (Packed),63.0
2015-03-04,TIRUNELVELI,Palm Oil (Packed),63.0
2015-03-04,HYDERABAD,Palm Oil (Packed),70.0
2015-03-05,PANAJI,Palm Oil (Packed),64.0
2015-03-05,VISAKHAPATNAM,Palm Oil (Packed),68.0
2015-03-05,BENGALURU,Palm Oil (Packed),65.0
2015-03-05,DHARWAD,Palm Oil (Packed),59.0
2015-03-05,T.PURAM,Palm Oil (Packed),
2015-03-05,ERNAKULAM,Palm Oil (Packed),
2015-03-05,KOZHIKODE,Palm Oil (Packed),
2015-03-05,THRISSUR,Palm Oil (Packed),
2015-03-05,PALAKKAD,Palm Oil (Packed),
2015-03-05,WAYANAD,Palm Oil (Packed),
2015-03-05,PUDUCHERRY,Palm Oil (Packed),58.0
2015-03-05,CHENNAI,Palm Oil (Packed),60.0
2015-03-05,DINDIGUL,Palm Oil (Packed),65.0
2015-03-05,THIRUCHIRAPALLI,Palm Oil (Packed),62.0
2015-03-05,COIMBATORE,Palm Oil (Packed),63.0
2015-03-05,TIRUNELVELI,Palm Oil (Packed),63.0
2015-03-05,HYDERABAD,Palm Oil (Packed),70.0
2015-03-09,PANAJI,Palm Oil (Packed),
2015-03-09,VISAKHAPATNAM,Palm Oil (Packed),68.0
2015-03-09,BENGALURU,Palm Oil (Packed),65.0
2015-03-09,DHARWAD,Palm Oil (Packed),59.0
2015-03-09,T.PURAM,Palm Oil (Packed),74.0
2015-03-09,ERNAKULAM,Palm Oil (Packed),68.0
2015-03-09,KOZHIKODE,Palm Oil (Packed),70.0
2015-03-09,THRISSUR,Palm Oil (Packed),66.0
2015-03-09,PALAKKAD,Palm Oil (Packed),73.0
2015-03-09,WAYANAD,Palm Oil (Packed),67.0
2015-03-09,PUDUCHERRY,Palm Oil (Packed),58.0
2015-03-09,CHENNAI,Palm Oil (Packed),60.0
2015-03-09,DINDIGUL,Palm Oil (Packed),65.0
2015-03-09,THIRUCHIRAPALLI,Palm Oil (Packed),62.0
2015-03-09,COIMBATORE,Palm Oil (Packed),63.0
2015-03-09,TIRUNELVELI,Palm Oil (Packed),63.0
2015-03-09,HYDERABAD,Palm Oil (Packed),70.0
2015-03-10,PANAJI,Palm Oil (Packed),
2015-03-10,VISAKHAPATNAM,Palm Oil (Packed),67.0
2015-03-10,BENGALURU,Palm Oil (Packed),65.0
2015-03-10,DHARWAD,Palm Oil (Packed),59.0
2015-03-10,T.PURAM,Palm Oil (Packed),74.0
2015-03-10,ERNAKULAM,Palm Oil (Packed),68.0
2015-03-10,KOZHIKODE,Palm Oil (Packed),70.0
2015-03-10,THRISSUR,Palm Oil (Packed),66.0
2015-03-10,PALAKKAD,Palm Oil (Packed),73.0
2015-03-10,WAYANAD,Palm Oil (Packed),67.0
2015-03-10,PUDUCHERRY,Palm Oil (Packed),58.0
2015-03-10,CHENNAI,Palm Oil (Packed),60.0
2015-03-10,DINDIGUL,Palm Oil (Packed),65.0
2015-03-10,THIRUCHIRAPALLI,Palm Oil (Packed),62.0
2015-03-10,COIMBATORE,Palm Oil (Packed),62.0
2015-03-10,TIRUNELVELI,Palm Oil (Packed),63.0
2015-03-10,HYDERABAD,Palm Oil (Packed),69.0
2015-03-11,PANAJI,Palm Oil (Packed),
2015-03-11,VISAKHAPATNAM,Palm Oil (Packed),67.0
2015-03-11,BENGALURU,Palm Oil (Packed),65.0
2015-03-11,DHARWAD,Palm Oil (Packed),59.0
2015-03-11,T.PURAM,Palm Oil (Packed),74.0
2015-03-11,ERNAKULAM,Palm Oil (Packed),68.0
2015-03-11,KOZHIKODE,Palm Oil (Packed),70.0
2015-03-11,THRISSUR,Palm Oil (Packed),66.0
2015-03-11,PALAKKAD,Palm Oil (Packed),73.0
2015-03-11,WAYANAD,Palm Oil (Packed),67.0
2015-03-11,PUDUCHERRY,Palm Oil (Packed),58.0
2015-03-11,CHENNAI,Palm Oil (Packed),60.0
2015-03-11,DINDIGUL,Palm Oil (Packed),65.0
2015-03-11,THIRUCHIRAPALLI,Palm Oil (Packed),62.0
2015-03-11,COIMBATORE,Palm Oil (Packed),62.0
2015-03-11,TIRUNELVELI,Palm Oil (Packed),63.0
2015-03-11,HYDERABAD,Palm Oil (Packed),69.0
2015-03-12,PANAJI,Palm Oil (Packed),
2015-03-12,VISAKHAPATNAM,Palm Oil (Packed),67.0
2015-03-12,BENGALURU,Palm Oil (Packed),65.0
2015-03-12,DHARWAD,Palm Oil (Packed),59.0
2015-03-12,T.PURAM,Palm Oil (Packed),74.0
2015-03-12,ERNAKULAM,Palm Oil (Packed),68.0
2015-03-12,KOZHIKODE,Palm Oil (Packed),70.0
2015-03-12,THRISSUR,Palm Oil (Packed),66.0
2015-03-12,PALAKKAD,Palm Oil (Packed),73.0
2015-03-12,WAYANAD,Palm Oil (Packed),67.0
2015-03-12,PUDUCHERRY,Palm Oil (Packed),58.0
2015-03-12,CHENNAI,Palm Oil (Packed),60.0
2015-03-12,DINDIGUL,Palm Oil (Packed),65.0
2015-03-12,THIRUCHIRAPALLI,Palm Oil (Packed),62.0
2015-03-12,COIMBATORE,Palm Oil (Packed),62.0
2015-03-12,TIRUNELVELI,Palm Oil (Packed),63.0
2015-03-12,HYDERABAD,Palm Oil (Packed),69.0
2015-03-13,PANAJI,Palm Oil (Packed),
2015-03-13,VISAKHAPATNAM,Palm Oil (Packed),67.0
2015-03-13,BENGALURU,Palm Oil (Packed),65.0
2015-03-13,DHARWAD,Palm Oil (Packed),59.0
2015-03-13,T.PURAM,Palm Oil (Packed),74.0
2015-03-13,ERNAKULAM,Palm Oil (Packed),68.0
2015-03-13,KOZHIKODE,Palm Oil (Packed),70.0
2015-03-13,THRISSUR,Palm Oil (Packed),66.0
2015-03-13,PALAKKAD,Palm Oil (Packed),73.0
2015-03-13,WAYANAD,Palm Oil (Packed),67.0
2015-03-13,PUDUCHERRY,Palm Oil (Packed),58.0
2015-03-13,CHENNAI,Palm Oil (Packed),60.0
2015-03-13,DINDIGUL,Palm Oil (Packed),65.0
2015-03-13,THIRUCHIRAPALLI,Palm Oil (Packed),62.0
2015-03-13,COIMBATORE,Palm Oil (Packed),62.0
2015-03-13,TIRUNELVELI,Palm Oil (Packed),63.0
2015-03-13,HYDERABAD,Palm Oil (Packed),69.0
2015-03-16,PANAJI,Palm Oil (Packed),
2015-03-16,VISAKHAPATNAM,Palm Oil (Packed),67.0
2015-03-16,BENGALURU,Palm Oil (Packed),65.0
2015-03-16,DHARWAD,Palm Oil (Packed),59.0
2015-03-16,T.PURAM,Palm Oil (Packed),74.0
2015-03-16,ERNAKULAM,Palm Oil (Packed),68.0
2015-03-16,KOZHIKODE,Palm Oil (Packed),70.0
2015-03-16,THRISSUR,Palm Oil (Packed),66.0
2015-03-16,PALAKKAD,Palm Oil (Packed),73.0
2015-03-16,WAYANAD,Palm Oil (Packed),67.0
2015-03-16,PUDUCHERRY,Palm Oil (Packed),57.0
2015-03-16,CHENNAI,Palm Oil (Packed),60.0
2015-03-16,DINDIGUL,Palm Oil (Packed),65.0
2015-03-16,THIRUCHIRAPALLI,Palm Oil (Packed),62.0
2015-03-16,COIMBATORE,Palm Oil (Packed),62.0
2015-03-16,TIRUNELVELI,Palm Oil (Packed),63.0
2015-03-16,HYDERABAD,Palm Oil (Packed),69.0
2015-03-17,PANAJI,Palm Oil (Packed),
2015-03-17,VISAKHAPATNAM,Palm Oil (Packed),67.0
2015-03-17,BENGALURU,Palm Oil (Packed),65.0
2015-03-17,DHARWAD,Palm Oil (Packed),59.0
2015-03-17,T.PURAM,Palm Oil (Packed),74.0
2015-03-17,ERNAKULAM,Palm Oil (Packed),68.0
2015-03-17,KOZHIKODE,Palm Oil (Packed),70.0
2015-03-17,THRISSUR,Palm Oil (Packed),66.0
2015-03-17,PALAKKAD,Palm Oil (Packed),73.0
2015-03-17,WAYANAD,Palm Oil (Packed),67.0
2015-03-17,PUDUCHERRY,Palm Oil (Packed),57.0
2015-03-17,CHENNAI,Palm Oil (Packed),60.0
2015-03-17,DINDIGUL,Palm Oil (Packed),65.0
2015-03-17,THIRUCHIRAPALLI,Palm Oil (Packed),62.0
2015-03-17,COIMBATORE,Palm Oil (Packed),62.0
2015-03-17,TIRUNELVELI,Palm Oil (Packed),63.0
2015-03-17,HYDERABAD,Palm Oil (Packed),69.0
2015-03-18,PANAJI,Palm Oil (Packed),
2015-03-18,VISAKHAPATNAM,Palm Oil (Packed),67.0
2015-03-18,BENGALURU,Palm Oil (Packed),
2015-03-18,DHARWAD,Palm Oil (Packed),
2015-03-18,T.PURAM,Palm Oil (Packed),74.0
2015-03-18,ERNAKULAM,Palm Oil (Packed),68.0
2015-03-18,KOZHIKODE,Palm Oil (Packed),70.0
2015-03-18,THRISSUR,Palm Oil (Packed),66.0
2015-03-18,PALAKKAD,Palm Oil (Packed),73.0
2015-03-18,WAYANAD,Palm Oil (Packed),67.0
2015-03-18,PUDUCHERRY,Palm Oil (Packed),57.0
2015-03-18,CHENNAI,Palm Oil (Packed),60.0
2015-03-18,DINDIGUL,Palm Oil (Packed),65.0
2015-03-18,THIRUCHIRAPALLI,Palm Oil (Packed),62.0
2015-03-18,COIMBATORE,Palm Oil (Packed),62.0
2015-03-18,TIRUNELVELI,Palm Oil (Packed),62.0
2015-03-18,HYDERABAD,Palm Oil (Packed),69.0
2015-03-19,PANAJI,Palm Oil (Packed),
2015-03-19,VISAKHAPATNAM,Palm Oil (Packed),67.0
2015-03-19,BENGALURU,Palm Oil (Packed),65.0
2015-03-19,DHARWAD,Palm Oil (Packed),59.0
2015-03-19,T.PURAM,Palm Oil (Packed),74.0
2015-03-19,ERNAKULAM,Palm Oil (Packed),68.0
2015-03-19,KOZHIKODE,Palm Oil (Packed),70.0
2015-03-19,THRISSUR,Palm Oil (Packed),66.0
2015-03-19,PALAKKAD,Palm Oil (Packed),73.0
2015-03-19,WAYANAD,Palm Oil (Packed),67.0
2015-03-19,PUDUCHERRY,Palm Oil (Packed),57.0
2015-03-19,CHENNAI,Palm Oil (Packed),60.0
2015-03-19,DINDIGUL,Palm Oil (Packed),65.0
2015-03-19,THIRUCHIRAPALLI,Palm Oil (Packed),62.0
2015-03-19,COIMBATORE,Palm Oil (Packed),62.0
2015-03-19,TIRUNELVELI,Palm Oil (Packed),62.0
2015-03-19,HYDERABAD,Palm Oil (Packed),69.0
2015-03-20,PANAJI,Palm Oil (Packed),
2015-03-20,VISAKHAPATNAM,Palm Oil (Packed),67.0
2015-03-20,BENGALURU,Palm Oil (Packed),65.0
2015-03-20,DHARWAD,Palm Oil (Packed),59.0
2015-03-20,T.PURAM,Palm Oil (Packed),74.0
2015-03-20,ERNAKULAM,Palm Oil (Packed),68.0
2015-03-20,KOZHIKODE,Palm Oil (Packed),70.0
2015-03-20,THRISSUR,Palm Oil (Packed),66.0
2015-03-20,PALAKKAD,Palm Oil (Packed),73.0
2015-03-20,WAYANAD,Palm Oil (Packed),67.0
2015-03-20,PUDUCHERRY,Palm Oil (Packed),57.0
2015-03-20,CHENNAI,Palm Oil (Packed),60.0
2015-03-20,DINDIGUL,Palm Oil (Packed),65.0
2015-03-20,THIRUCHIRAPALLI,Palm Oil (Packed),62.0
2015-03-20,COIMBATORE,Palm Oil (Packed),62.0
2015-03-20,TIRUNELVELI,Palm Oil (Packed),62.0
2015-03-20,HYDERABAD,Palm Oil (Packed),69.0
2015-03-23,PANAJI,Palm Oil (Packed),
2015-03-23,VISAKHAPATNAM,Palm Oil (Packed),67.0
2015-03-23,BENGALURU,Palm Oil (Packed),65.0
2015-03-23,DHARWAD,Palm Oil (Packed),59.0
2015-03-23,T.PURAM,Palm Oil (Packed),74.0
2015-03-23,ERNAKULAM,Palm Oil (Packed),68.0
2015-03-23,KOZHIKODE,Palm Oil (Packed),70.0
2015-03-23,THRISSUR,Palm Oil (Packed),66.0
2015-03-23,PALAKKAD,Palm Oil (Packed),73.0
2015-03-23,WAYANAD,Palm Oil (Packed),
2015-03-23,PUDUCHERRY,Palm Oil (Packed),57.0
2015-03-23,CHENNAI,Palm Oil (Packed),60.0
2015-03-23,DINDIGUL,Palm Oil (Packed),65.0
2015-03-23,THIRUCHIRAPALLI,Palm Oil (Packed),61.0
2015-03-23,COIMBATORE,Palm Oil (Packed),62.0
2015-03-23,TIRUNELVELI,Palm Oil (Packed),62.0
2015-03-23,HYDERABAD,Palm Oil (Packed),69.0
2015-03-24,PANAJI,Palm Oil (Packed),
2015-03-24,VISAKHAPATNAM,Palm Oil (Packed),67.0
2015-03-24,BENGALURU,Palm Oil (Packed),65.0
2015-03-24,DHARWAD,Palm Oil (Packed),59.0
2015-03-24,T.PURAM,Palm Oil (Packed),74.0
2015-03-24,ERNAKULAM,Palm Oil (Packed),68.0
2015-03-24,KOZHIKODE,Palm Oil (Packed),70.0
2015-03-24,THRISSUR,Palm Oil (Packed),66.0
2015-03-24,PALAKKAD,Palm Oil (Packed),73.0
2015-03-24,WAYANAD,Palm Oil (Packed),67.0
2015-03-24,PUDUCHERRY,Palm Oil (Packed),57.0
2015-03-24,CHENNAI,Palm Oil (Packed),60.0
2015-03-24,DINDIGUL,Palm Oil (Packed),65.0
2015-03-24,THIRUCHIRAPALLI,Palm Oil (Packed),61.0
2015-03-24,COIMBATORE,Palm Oil (Packed),62.0
2015-03-24,TIRUNELVELI,Palm Oil (Packed),62.0
2015-03-24,HYDERABAD,Palm Oil (Packed),69.0
2015-03-25,PANAJI,Palm Oil (Packed),
2015-03-25,VISAKHAPATNAM,Palm Oil (Packed),67.0
2015-03-25,BENGALURU,Palm Oil (Packed),65.0
2015-03-25,DHARWAD,Palm Oil (Packed),59.0
2015-03-25,MANGALORE,Palm Oil (Packed),
2015-03-25,MYSORE,Palm Oil (Packed),
2015-03-25,T.PURAM,Palm Oil (Packed),74.0
2015-03-25,ERNAKULAM,Palm Oil (Packed),68.0
2015-03-25,KOZHIKODE,Palm Oil (Packed),70.0
2015-03-25,THRISSUR,Palm Oil (Packed),66.0
2015-03-25,PALAKKAD,Palm Oil (Packed),73.0
2015-03-25,WAYANAD,Palm Oil (Packed),67.0
2015-03-25,PUDUCHERRY,Palm Oil (Packed),57.0
2015-03-25,CHENNAI,Palm Oil (Packed),60.0
2015-03-25,DINDIGUL,Palm Oil (Packed),65.0
2015-03-25,THIRUCHIRAPALLI,Palm Oil (Packed),61.0
2015-03-25,COIMBATORE,Palm Oil (Packed),62.0
2015-03-25,TIRUNELVELI,Palm Oil (Packed),62.0
2015-03-25,HYDERABAD,Palm Oil (Packed),69.0
2015-03-26,PANAJI,Palm Oil (Packed),
2015-03-26,VISAKHAPATNAM,Palm Oil (Packed),67.0
2015-03-26,BENGALURU,Palm Oil (Packed),65.0
2015-03-26,DHARWAD,Palm Oil (Packed),59.0
2015-03-26,MANGALORE,Palm Oil (Packed),
2015-03-26,MYSORE,Palm Oil (Packed),
2015-03-26,T.PURAM,Palm Oil (Packed),74.0
2015-03-26,ERNAKULAM,Palm Oil (Packed),68.0
2015-03-26,KOZHIKODE,Palm Oil (Packed),70.0
2015-03-26,THRISSUR,Palm Oil (Packed),66.0
2015-03-26,PALAKKAD,Palm Oil (Packed),73.0
2015-03-26,WAYANAD,Palm Oil (Packed),67.0
2015-03-26,PUDUCHERRY,Palm Oil (Packed),57.0
2015-03-26,CHENNAI,Palm Oil (Packed),60.0
2015-03-26,DINDIGUL,Palm Oil (Packed),65.0
2015-03-26,THIRUCHIRAPALLI,Palm Oil (Packed),61.0
2015-03-26,COIMBATORE,Palm Oil (Packed),62.0
2015-03-26,TIRUNELVELI,Palm Oil (Packed),62.0
2015-03-26,HYDERABAD,Palm Oil (Packed),69.0
2015-03-27,PANAJI,Palm Oil (Packed),
2015-03-27,VISAKHAPATNAM,Palm Oil (Packed),67.0
2015-03-27,BENGALURU,Palm Oil (Packed),65.0
2015-03-27,DHARWAD,Palm Oil (Packed),59.0
2015-03-27,MANGALORE,Palm Oil (Packed),
2015-03-27,MYSORE,Palm Oil (Packed),
2015-03-27,T.PURAM,Palm Oil (Packed),74.0
2015-03-27,ERNAKULAM,Palm Oil (Packed),68.0
2015-03-27,KOZHIKODE,Palm Oil (Packed),70.0
2015-03-27,THRISSUR,Palm Oil (Packed),66.0
2015-03-27,PALAKKAD,Palm Oil (Packed),73.0
2015-03-27,WAYANAD,Palm Oil (Packed),67.0
2015-03-27,PUDUCHERRY,Palm Oil (Packed),57.0
2015-03-27,CHENNAI,Palm Oil (Packed),60.0
2015-03-27,DINDIGUL,Palm Oil (Packed),65.0
2015-03-27,THIRUCHIRAPALLI,Palm Oil (Packed),61.0
2015-03-27,COIMBATORE,Palm Oil (Packed),62.0
2015-03-27,TIRUNELVELI,Palm Oil (Packed),62.0
2015-03-27,HYDERABAD,Palm Oil (Packed),69.0
2015-03-30,PANAJI,Palm Oil (Packed),
2015-03-30,VISAKHAPATNAM,Palm Oil (Packed),67.0
2015-03-30,BENGALURU,Palm Oil (Packed),65.0
2015-03-30,DHARWAD,Palm Oil (Packed),59.0
2015-03-30,MANGALORE,Palm Oil (Packed),
2015-03-30,MYSORE,Palm Oil (Packed),
2015-03-30,T.PURAM,Palm Oil (Packed),76.0
2015-03-30,ERNAKULAM,Palm Oil (Packed),68.0
2015-03-30,KOZHIKODE,Palm Oil (Packed),70.0
2015-03-30,THRISSUR,Palm Oil (Packed),66.0
2015-03-30,PALAKKAD,Palm Oil (Packed),73.0
2015-03-30,WAYANAD,Palm Oil (Packed),67.0
2015-03-30,PUDUCHERRY,Palm Oil (Packed),57.0
2015-03-30,CHENNAI,Palm Oil (Packed),60.0
2015-03-30,DINDIGUL,Palm Oil (Packed),65.0
2015-03-30,THIRUCHIRAPALLI,Palm Oil (Packed),61.0
2015-03-30,COIMBATORE,Palm Oil (Packed),62.0
2015-03-30,TIRUNELVELI,Palm Oil (Packed),62.0
2015-03-30,HYDERABAD,Palm Oil (Packed),69.0
2015-03-31,PANAJI,Palm Oil (Packed),
2015-03-31,VISAKHAPATNAM,Palm Oil (Packed),67.0
2015-03-31,BENGALURU,Palm Oil (Packed),65.0
2015-03-31,DHARWAD,Palm Oil (Packed),59.0
2015-03-31,MANGALORE,Palm Oil (Packed),65.0
2015-03-31,MYSORE,Palm Oil (Packed),54.0
2015-03-31,T.PURAM,Palm Oil (Packed),76.0
2015-03-31,ERNAKULAM,Palm Oil (Packed),68.0
2015-03-31,KOZHIKODE,Palm Oil (Packed),70.0
2015-03-31,THRISSUR,Palm Oil (Packed),66.0
2015-03-31,PALAKKAD,Palm Oil (Packed),73.0
2015-03-31,WAYANAD,Palm Oil (Packed),67.0
2015-03-31,PUDUCHERRY,Palm Oil (Packed),57.0
2015-03-31,CHENNAI,Palm Oil (Packed),60.0
2015-03-31,DINDIGUL,Palm Oil (Packed),65.0
2015-03-31,THIRUCHIRAPALLI,Palm Oil (Packed),61.0
2015-03-31,COIMBATORE,Palm Oil (Packed),62.0
2015-03-31,TIRUNELVELI,Palm Oil (Packed),62.0
2015-03-31,HYDERABAD,Palm Oil (Packed),69.0
2015-04-01,PANAJI,Palm Oil (Packed),
2015-04-01,VISAKHAPATNAM,Palm Oil (Packed),67.0
2015-04-01,BENGALURU,Palm Oil (Packed),65.0
2015-04-01,DHARWAD,Palm Oil (Packed),59.0
2015-04-01,MANGALORE,Palm Oil (Packed),65.0
2015-04-01,MYSORE,Palm Oil (Packed),54.0
2015-04-01,T.PURAM,Palm Oil (Packed),76.0
2015-04-01,ERNAKULAM,Palm Oil (Packed),68.0
2015-04-01,KOZHIKODE,Palm Oil (Packed),70.0
2015-04-01,THRISSUR,Palm Oil (Packed),66.0
2015-04-01,PALAKKAD,Palm Oil (Packed),73.0
2015-04-01,WAYANAD,Palm Oil (Packed),67.0
2015-04-01,PUDUCHERRY,Palm Oil (Packed),57.0
2015-04-01,CHENNAI,Palm Oil (Packed),60.0
2015-04-01,DINDIGUL,Palm Oil (Packed),65.0
2015-04-01,THIRUCHIRAPALLI,Palm Oil (Packed),61.0
2015-04-01,COIMBATORE,Palm Oil (Packed),61.0
2015-04-01,TIRUNELVELI,Palm Oil (Packed),62.0
2015-04-01,HYDERABAD,Palm Oil (Packed),69.0
2015-04-06,PANAJI,Palm Oil (Packed),
2015-04-06,VISAKHAPATNAM,Palm Oil (Packed),67.0
2015-04-06,BENGALURU,Palm Oil (Packed),65.0
2015-04-06,DHARWAD,Palm Oil (Packed),59.0
2015-04-06,MANGALORE,Palm Oil (Packed),65.0
2015-04-06,MYSORE,Palm Oil (Packed),54.0
2015-04-06,T.PURAM,Palm Oil (Packed),76.0
2015-04-06,ERNAKULAM,Palm Oil (Packed),68.0
2015-04-06,KOZHIKODE,Palm Oil (Packed),70.0
2015-04-06,THRISSUR,Palm Oil (Packed),66.0
2015-04-06,PALAKKAD,Palm Oil (Packed),73.0
2015-04-06,WAYANAD,Palm Oil (Packed),67.0
2015-04-06,PUDUCHERRY,Palm Oil (Packed),57.0
2015-04-06,CHENNAI,Palm Oil (Packed),60.0
2015-04-06,DINDIGUL,Palm Oil (Packed),65.0
2015-04-06,THIRUCHIRAPALLI,Palm Oil (Packed),61.0
2015-04-06,COIMBATORE,Palm Oil (Packed),61.0
2015-04-06,TIRUNELVELI,Palm Oil (Packed),62.0
2015-04-06,HYDERABAD,Palm Oil (Packed),69.0
2015-04-07,PANAJI,Palm Oil (Packed),
2015-04-07,VISAKHAPATNAM,Palm Oil (Packed),67.0
2015-04-07,BENGALURU,Palm Oil (Packed),65.0
2015-04-07,DHARWAD,Palm Oil (Packed),59.0
2015-04-07,MANGALORE,Palm Oil (Packed),65.0
2015-04-07,MYSORE,Palm Oil (Packed),54.0
2015-04-07,T.PURAM,Palm Oil (Packed),76.0
2015-04-07,ERNAKULAM,Palm Oil (Packed),68.0
2015-04-07,KOZHIKODE,Palm Oil (Packed),70.0
2015-04-07,THRISSUR,Palm Oil (Packed),66.0
2015-04-07,PALAKKAD,Palm Oil (Packed),73.0
2015-04-07,WAYANAD,Palm Oil (Packed),67.0
2015-04-07,PUDUCHERRY,Palm Oil (Packed),57.0
2015-04-07,CHENNAI,Palm Oil (Packed),60.0
2015-04-07,DINDIGUL,Palm Oil (Packed),65.0
2015-04-07,THIRUCHIRAPALLI,Palm Oil (Packed),61.0
2015-04-07,COIMBATORE,Palm Oil (Packed),61.0
2015-04-07,TIRUNELVELI,Palm Oil (Packed),62.0
2015-04-07,HYDERABAD,Palm Oil (Packed),69.0
2015-04-08,PANAJI,Palm Oil (Packed),
2015-04-08,VISAKHAPATNAM,Palm Oil (Packed),67.0
2015-04-08,BENGALURU,Palm Oil (Packed),65.0
2015-04-08,DHARWAD,Palm Oil (Packed),59.0
2015-04-08,MANGALORE,Palm Oil (Packed),65.0
2015-04-08,MYSORE,Palm Oil (Packed),54.0
2015-04-08,T.PURAM,Palm Oil (Packed),76.0
2015-04-08,ERNAKULAM,Palm Oil (Packed),68.0
2015-04-08,KOZHIKODE,Palm Oil (Packed),70.0
2015-04-08,THRISSUR,Palm Oil (Packed),66.0
2015-04-08,PALAKKAD,Palm Oil (Packed),73.0
2015-04-08,WAYANAD,Palm Oil (Packed),67.0
2015-04-08,PUDUCHERRY,Palm Oil (Packed),57.0
2015-04-08,CHENNAI,Palm Oil (Packed),60.0
2015-04-08,DINDIGUL,Palm Oil (Packed),65.0
2015-04-08,THIRUCHIRAPALLI,Palm Oil (Packed),61.0
2015-04-08,COIMBATORE,Palm Oil (Packed),61.0
2015-04-08,TIRUNELVELI,Palm Oil (Packed),62.0
2015-04-08,HYDERABAD,Palm Oil (Packed),69.0
2015-04-09,PANAJI,Palm Oil (Packed),
2015-04-09,VISAKHAPATNAM,Palm Oil (Packed),67.0
2015-04-09,BENGALURU,Palm Oil (Packed),65.0
2015-04-09,DHARWAD,Palm Oil (Packed),59.0
2015-04-09,MANGALORE,Palm Oil (Packed),65.0
2015-04-09,MYSORE,Palm Oil (Packed),54.0
2015-04-09,T.PURAM,Palm Oil (Packed),76.0
2015-04-09,ERNAKULAM,Palm Oil (Packed),68.0
2015-04-09,KOZHIKODE,Palm Oil (Packed),70.0
2015-04-09,THRISSUR,Palm Oil (Packed),66.0
2015-04-09,PALAKKAD,Palm Oil (Packed),73.0
2015-04-09,WAYANAD,Palm Oil (Packed),67.0
2015-04-09,PUDUCHERRY,Palm Oil (Packed),57.0
2015-04-09,CHENNAI,Palm Oil (Packed),60.0
2015-04-09,DINDIGUL,Palm Oil (Packed),65.0
2015-04-09,THIRUCHIRAPALLI,Palm Oil (Packed),61.0
2015-04-09,COIMBATORE,Palm Oil (Packed),62.0
2015-04-09,TIRUNELVELI,Palm Oil (Packed),62.0
2015-04-09,HYDERABAD,Palm Oil (Packed),69.0
2015-04-10,PANAJI,Palm Oil (Packed),
2015-04-10,VISAKHAPATNAM,Palm Oil (Packed),67.0
2015-04-10,BENGALURU,Palm Oil (Packed),65.0
2015-04-10,DHARWAD,Palm Oil (Packed),59.0
2015-04-10,MANGALORE,Palm Oil (Packed),65.0
2015-04-10,MYSORE,Palm Oil (Packed),54.0
2015-04-10,T.PURAM,Palm Oil (Packed),76.0
2015-04-10,ERNAKULAM,Palm Oil (Packed),68.0
2015-04-10,KOZHIKODE,Palm Oil (Packed),70.0
2015-04-10,THRISSUR,Palm Oil (Packed),66.0
2015-04-10,PALAKKAD,Palm Oil (Packed),73.0
2015-04-10,WAYANAD,Palm Oil (Packed),67.0
2015-04-10,PUDUCHERRY,Palm Oil (Packed),57.0
2015-04-10,CHENNAI,Palm Oil (Packed),60.0
2015-04-10,DINDIGUL,Palm Oil (Packed),65.0
2015-04-10,THIRUCHIRAPALLI,Palm Oil (Packed),61.0
2015-04-10,COIMBATORE,Palm Oil (Packed),62.0
2015-04-10,TIRUNELVELI,Palm Oil (Packed),62.0
2015-04-10,HYDERABAD,Palm Oil (Packed),69.0
2015-04-13,PANAJI,Palm Oil (Packed),
2015-04-13,VISAKHAPATNAM,Palm Oil (Packed),67.0
2015-04-13,BENGALURU,Palm Oil (Packed),65.0
2015-04-13,DHARWAD,Palm Oil (Packed),59.0
2015-04-13,MANGALORE,Palm Oil (Packed),65.0
2015-04-13,MYSORE,Palm Oil (Packed),54.0
2015-04-13,T.PURAM,Palm Oil (Packed),76.0
2015-04-13,ERNAKULAM,Palm Oil (Packed),68.0
2015-04-13,KOZHIKODE,Palm Oil (Packed),70.0
2015-04-13,THRISSUR,Palm Oil (Packed),66.0
2015-04-13,PALAKKAD,Palm Oil (Packed),73.0
2015-04-13,WAYANAD,Palm Oil (Packed),67.0
2015-04-13,PUDUCHERRY,Palm Oil (Packed),56.0
2015-04-13,CHENNAI,Palm Oil (Packed),60.0
2015-04-13,DINDIGUL,Palm Oil (Packed),65.0
2015-04-13,THIRUCHIRAPALLI,Palm Oil (Packed),61.0
2015-04-13,COIMBATORE,Palm Oil (Packed),62.0
2015-04-13,TIRUNELVELI,Palm Oil (Packed),62.0
2015-04-13,HYDERABAD,Palm Oil (Packed),69.0
2015-04-15,PANAJI,Palm Oil (Packed),
2015-04-15,VISAKHAPATNAM,Palm Oil (Packed),67.0
2015-04-15,BENGALURU,Palm Oil (Packed),
2015-04-15,DHARWAD,Palm Oil (Packed),59.0
2015-04-15,MANGALORE,Palm Oil (Packed),
2015-04-15,MYSORE,Palm Oil (Packed),
2015-04-15,T.PURAM,Palm Oil (Packed),76.0
2015-04-15,ERNAKULAM,Palm Oil (Packed),68.0
2015-04-15,KOZHIKODE,Palm Oil (Packed),70.0
2015-04-15,THRISSUR,Palm Oil (Packed),66.0
2015-04-15,PALAKKAD,Palm Oil (Packed),73.0
2015-04-15,WAYANAD,Palm Oil (Packed),67.0
2015-04-15,PUDUCHERRY,Palm Oil (Packed),56.0
2015-04-15,CHENNAI,Palm Oil (Packed),
2015-04-15,DINDIGUL,Palm Oil (Packed),65.0
2015-04-15,THIRUCHIRAPALLI,Palm Oil (Packed),61.0
2015-04-15,COIMBATORE,Palm Oil (Packed),61.0
2015-04-15,TIRUNELVELI,Palm Oil (Packed),62.0
2015-04-15,HYDERABAD,Palm Oil (Packed),69.0
2015-04-16,PANAJI,Palm Oil (Packed),
2015-04-16,VISAKHAPATNAM,Palm Oil (Packed),67.0
2015-04-16,BENGALURU,Palm Oil (Packed),65.0
2015-04-16,DHARWAD,Palm Oil (Packed),59.0
2015-04-16,MANGALORE,Palm Oil (Packed),65.0
2015-04-16,MYSORE,Palm Oil (Packed),55.0
2015-04-16,T.PURAM,Palm Oil (Packed),76.0
2015-04-16,ERNAKULAM,Palm Oil (Packed),68.0
2015-04-16,KOZHIKODE,Palm Oil (Packed),70.0
2015-04-16,THRISSUR,Palm Oil (Packed),66.0
2015-04-16,PALAKKAD,Palm Oil (Packed),73.0
2015-04-16,WAYANAD,Palm Oil (Packed),67.0
2015-04-16,PUDUCHERRY,Palm Oil (Packed),56.0
2015-04-16,CHENNAI,Palm Oil (Packed),57.0
2015-04-16,DINDIGUL,Palm Oil (Packed),63.0
2015-04-16,THIRUCHIRAPALLI,Palm Oil (Packed),61.0
2015-04-16,COIMBATORE,Palm Oil (Packed),61.0
2015-04-16,TIRUNELVELI,Palm Oil (Packed),62.0
2015-04-16,HYDERABAD,Palm Oil (Packed),69.0
2015-04-17,PANAJI,Palm Oil (Packed),
2015-04-17,VISAKHAPATNAM,Palm Oil (Packed),67.0
2015-04-17,BENGALURU,Palm Oil (Packed),63.0
2015-04-17,DHARWAD,Palm Oil (Packed),59.0
2015-04-17,MANGALORE,Palm Oil (Packed),65.0
2015-04-17,MYSORE,Palm Oil (Packed),55.0
2015-04-17,T.PURAM,Palm Oil (Packed),76.0
2015-04-17,ERNAKULAM,Palm Oil (Packed),68.0
2015-04-17,KOZHIKODE,Palm Oil (Packed),70.0
2015-04-17,THRISSUR,Palm Oil (Packed),66.0
2015-04-17,PALAKKAD,Palm Oil (Packed),73.0
2015-04-17,WAYANAD,Palm Oil (Packed),67.0
2015-04-17,PUDUCHERRY,Palm Oil (Packed),56.0
2015-04-17,CHENNAI,Palm Oil (Packed),57.0
2015-04-17,DINDIGUL,Palm Oil (Packed),63.0
2015-04-17,THIRUCHIRAPALLI,Palm Oil (Packed),61.0
2015-04-17,COIMBATORE,Palm Oil (Packed),61.0
2015-04-17,TIRUNELVELI,Palm Oil (Packed),62.0
2015-04-17,HYDERABAD,Palm Oil (Packed),69.0
2015-04-20,PANAJI,Palm Oil (Packed),
2015-04-20,VISAKHAPATNAM,Palm Oil (Packed),67.0
2015-04-20,BENGALURU,Palm Oil (Packed),63.0
2015-04-20,DHARWAD,Palm Oil (Packed),59.0
2015-04-20,MANGALORE,Palm Oil (Packed),65.0
2015-04-20,MYSORE,Palm Oil (Packed),55.0
2015-04-20,T.PURAM,Palm Oil (Packed),76.0
2015-04-20,ERNAKULAM,Palm Oil (Packed),68.0
2015-04-20,KOZHIKODE,Palm Oil (Packed),70.0
2015-04-20,THRISSUR,Palm Oil (Packed),66.0
2015-04-20,PALAKKAD,Palm Oil (Packed),73.0
2015-04-20,WAYANAD,Palm Oil (Packed),67.0
2015-04-20,PUDUCHERRY,Palm Oil (Packed),56.0
2015-04-20,CHENNAI,Palm Oil (Packed),57.0
2015-04-20,DINDIGUL,Palm Oil (Packed),63.0
2015-04-20,THIRUCHIRAPALLI,Palm Oil (Packed),61.0
2015-04-20,COIMBATORE,Palm Oil (Packed),61.0
2015-04-20,TIRUNELVELI,Palm Oil (Packed),62.0
2015-04-20,HYDERABAD,Palm Oil (Packed),69.0
2015-04-21,PANAJI,Palm Oil (Packed),
2015-04-21,VISAKHAPATNAM,Palm Oil (Packed),67.0
2015-04-21,BENGALURU,Palm Oil (Packed),
2015-04-21,DHARWAD,Palm Oil (Packed),
2015-04-21,MANGALORE,Palm Oil (Packed),
2015-04-21,MYSORE,Palm Oil (Packed),
2015-04-21,T.PURAM,Palm Oil (Packed),76.0
2015-04-21,ERNAKULAM,Palm Oil (Packed),68.0
2015-04-21,KOZHIKODE,Palm Oil (Packed),70.0
2015-04-21,THRISSUR,Palm Oil (Packed),66.0
2015-04-21,PALAKKAD,Palm Oil (Packed),73.0
2015-04-21,WAYANAD,Palm Oil (Packed),67.0
2015-04-21,PUDUCHERRY,Palm Oil (Packed),56.0
2015-04-21,CHENNAI,Palm Oil (Packed),57.0
2015-04-21,DINDIGUL,Palm Oil (Packed),63.0
2015-04-21,THIRUCHIRAPALLI,Palm Oil (Packed),61.0
2015-04-21,COIMBATORE,Palm Oil (Packed),61.0
2015-04-21,TIRUNELVELI,Palm Oil (Packed),62.0
2015-04-21,HYDERABAD,Palm Oil (Packed),69.0
2015-04-22,PANAJI,Palm Oil (Packed),
2015-04-22,VISAKHAPATNAM,Palm Oil (Packed),67.0
2015-04-22,BENGALURU,Palm Oil (Packed),63.0
2015-04-22,DHARWAD,Palm Oil (Packed),59.0
2015-04-22,MANGALORE,Palm Oil (Packed),65.0
2015-04-22,MYSORE,Palm Oil (Packed),55.0
2015-04-22,T.PURAM,Palm Oil (Packed),76.0
2015-04-22,ERNAKULAM,Palm Oil (Packed),68.0
2015-04-22,KOZHIKODE,Palm Oil (Packed),70.0
2015-04-22,THRISSUR,Palm Oil (Packed),66.0
2015-04-22,PALAKKAD,Palm Oil (Packed),73.0
2015-04-22,WAYANAD,Palm Oil (Packed),67.0
2015-04-22,PUDUCHERRY,Palm Oil (Packed),56.0
2015-04-22,CHENNAI,Palm Oil (Packed),57.0
2015-04-22,DINDIGUL,Palm Oil (Packed),63.0
2015-04-22,THIRUCHIRAPALLI,Palm Oil (Packed),61.0
2015-04-22,COIMBATORE,Palm Oil (Packed),61.0
2015-04-22,TIRUNELVELI,Palm Oil (Packed),61.0
2015-04-22,HYDERABAD,Palm Oil (Packed),68.0
2015-04-23,PANAJI,Palm Oil (Packed),
2015-04-23,VISAKHAPATNAM,Palm Oil (Packed),67.0
2015-04-23,BENGALURU,Palm Oil (Packed),63.0
2015-04-23,DHARWAD,Palm Oil (Packed),59.0
2015-04-23,MANGALORE,Palm Oil (Packed),65.0
2015-04-23,MYSORE,Palm Oil (Packed),55.0
2015-04-23,T.PURAM,Palm Oil (Packed),76.0
2015-04-23,ERNAKULAM,Palm Oil (Packed),68.0
2015-04-23,KOZHIKODE,Palm Oil (Packed),70.0
2015-04-23,THRISSUR,Palm Oil (Packed),66.0
2015-04-23,PALAKKAD,Palm Oil (Packed),73.0
2015-04-23,WAYANAD,Palm Oil (Packed),67.0
2015-04-23,PUDUCHERRY,Palm Oil (Packed),56.0
2015-04-23,CHENNAI,Palm Oil (Packed),57.0
2015-04-23,DINDIGUL,Palm Oil (Packed),63.0
2015-04-23,THIRUCHIRAPALLI,Palm Oil (Packed),61.0
2015-04-23,COIMBATORE,Palm Oil (Packed),61.0
2015-04-23,TIRUNELVELI,Palm Oil (Packed),61.0
2015-04-23,HYDERABAD,Palm Oil (Packed),68.0
2015-04-24,PANAJI,Palm Oil (Packed),
2015-04-24,VISAKHAPATNAM,Palm Oil (Packed),67.0
2015-04-24,BENGALURU,Palm Oil (Packed),
2015-04-24,DHARWAD,Palm Oil (Packed),59.0
2015-04-24,MANGALORE,Palm Oil (Packed),
2015-04-24,MYSORE,Palm Oil (Packed),
2015-04-24,T.PURAM,Palm Oil (Packed),76.0
2015-04-24,ERNAKULAM,Palm Oil (Packed),68.0
2015-04-24,KOZHIKODE,Palm Oil (Packed),70.0
2015-04-24,THRISSUR,Palm Oil (Packed),66.0
2015-04-24,PALAKKAD,Palm Oil (Packed),73.0
2015-04-24,WAYANAD,Palm Oil (Packed),67.0
2015-04-24,PUDUCHERRY,Palm Oil (Packed),57.0
2015-04-24,CHENNAI,Palm Oil (Packed),57.0
2015-04-24,DINDIGUL,Palm Oil (Packed),63.0
2015-04-24,THIRUCHIRAPALLI,Palm Oil (Packed),61.0
2015-04-24,COIMBATORE,Palm Oil (Packed),61.0
2015-04-24,TIRUNELVELI,Palm Oil (Packed),61.0
2015-04-24,HYDERABAD,Palm Oil (Packed),68.0
2015-04-27,PANAJI,Palm Oil (Packed),64.0
2015-04-27,VISAKHAPATNAM,Palm Oil (Packed),67.0
2015-04-27,BENGALURU,Palm Oil (Packed),63.0
2015-04-27,DHARWAD,Palm Oil (Packed),59.0
2015-04-27,MANGALORE,Palm Oil (Packed),65.0
2015-04-27,MYSORE,Palm Oil (Packed),56.0
2015-04-27,T.PURAM,Palm Oil (Packed),76.0
2015-04-27,ERNAKULAM,Palm Oil (Packed),68.0
2015-04-27,KOZHIKODE,Palm Oil (Packed),70.0
2015-04-27,THRISSUR,Palm Oil (Packed),66.0
2015-04-27,PALAKKAD,Palm Oil (Packed),73.0
2015-04-27,WAYANAD,Palm Oil (Packed),67.0
2015-04-27,PUDUCHERRY,Palm Oil (Packed),57.0
2015-04-27,CHENNAI,Palm Oil (Packed),57.0
2015-04-27,DINDIGUL,Palm Oil (Packed),63.0
2015-04-27,THIRUCHIRAPALLI,Palm Oil (Packed),61.0
2015-04-27,COIMBATORE,Palm Oil (Packed),61.0
2015-04-27,TIRUNELVELI,Palm Oil (Packed),61.0
2015-04-27,HYDERABAD,Palm Oil (Packed),68.0
2015-04-28,PANAJI,Palm Oil (Packed),64.0
2015-04-28,VISAKHAPATNAM,Palm Oil (Packed),67.0
2015-04-28,BENGALURU,Palm Oil (Packed),63.0
2015-04-28,DHARWAD,Palm Oil (Packed),59.0
2015-04-28,MANGALORE,Palm Oil (Packed),65.0
2015-04-28,MYSORE,Palm Oil (Packed),56.0
2015-04-28,T.PURAM,Palm Oil (Packed),76.0
2015-04-28,ERNAKULAM,Palm Oil (Packed),68.0
2015-04-28,KOZHIKODE,Palm Oil (Packed),70.0
2015-04-28,THRISSUR,Palm Oil (Packed),66.0
2015-04-28,PALAKKAD,Palm Oil (Packed),73.0
2015-04-28,WAYANAD,Palm Oil (Packed),67.0
2015-04-28,PUDUCHERRY,Palm Oil (Packed),57.0
2015-04-28,CHENNAI,Palm Oil (Packed),57.0
2015-04-28,DINDIGUL,Palm Oil (Packed),63.0
2015-04-28,THIRUCHIRAPALLI,Palm Oil (Packed),61.0
2015-04-28,COIMBATORE,Palm Oil (Packed),62.0
2015-04-28,TIRUNELVELI,Palm Oil (Packed),61.0
2015-04-28,HYDERABAD,Palm Oil (Packed),68.0
